0	0.99
1	0.987538
2	0.985101
3	0.982693
4	0.980313
5	0.977962
6	0.975643
7	0.973355
8	0.971101
9	0.96888
10	0.966693
11	0.964542
12	0.962428
13	0.96035
14	0.958309
15	0.956307
16	0.954343
17	0.952417
18	0.950531
19	0.948685
20	0.946878
21	0.945111
22	0.943385
23	0.941698
24	0.940052
25	0.938446
26	0.93688
27	0.935355
28	0.933869
29	0.932423
30	0.931017
31	0.92965
32	0.928322
33	0.927033
34	0.925782
35	0.924569
36	0.923394
37	0.922256
38	0.921154
39	0.920089
40	0.91906
41	0.918065
42	0.917106
43	0.916181
44	0.915289
45	0.91443
46	0.913604
47	0.91281
48	0.912048
49	0.911316
50	0.910614
51	0.909942
52	0.909299
53	0.908684
54	0.908097
55	0.907537
56	0.907005
57	0.906498
58	0.906016
59	0.905559
60	0.905127
61	0.904719
62	0.904333
63	0.90397
64	0.90363
65	0.90331
66	0.903012
67	0.902734
68	0.902476
69	0.902238
70	0.902018
71	0.901816
72	0.901633
73	0.901467
74	0.901318
75	0.901185
76	0.901068
77	0.900967
78	0.900881
79	0.900809
80	0.900752
81	0.900709
82	0.900679
83	0.900662
84	0.900658
85	0.900666
86	0.900686
87	0.900718
88	0.90076
89	0.900814
90	0.900878
91	0.900952
92	0.901036
93	0.90113
94	0.901233
95	0.901345
96	0.901466
97	0.901595
98	0.901732
99	0.901877
100	0.902029
101	0.902189
102	0.902356
103	0.90253
104	0.90271
105	0.902897
106	0.90309
107	0.903289
108	0.903493
109	0.903704
110	0.903919
111	0.90414
112	0.904366
113	0.904596
114	0.904831
115	0.90507
116	0.905314
117	0.905562
118	0.905814
119	0.906069
120	0.906328
121	0.906591
122	0.906857
123	0.907126
124	0.907399
125	0.907674
126	0.907952
127	0.908233
128	0.908516
129	0.908802
130	0.90909
131	0.909381
132	0.909674
133	0.909968
134	0.910265
135	0.910563
136	0.910864
137	0.911166
138	0.911469
139	0.911774
140	0.912081
141	0.912388
142	0.912697
143	0.913008
144	0.913319
145	0.913631
146	0.913944
147	0.914259
148	0.914574
149	0.91489
150	0.915206
151	0.915523
152	0.915841
153	0.916159
154	0.916478
155	0.916797
156	0.917117
157	0.917437
158	0.917757
159	0.918077
160	0.918398
161	0.918719
162	0.91904
163	0.919361
164	0.919682
165	0.920003
166	0.920323
167	0.920644
168	0.920965
169	0.921286
170	0.921606
171	0.921926
172	0.922246
173	0.922565
174	0.922885
175	0.923204
176	0.923522
177	0.923841
178	0.924158
179	0.924476
180	0.924793
181	0.925109
182	0.925425
183	0.92574
184	0.926055
185	0.926369
186	0.926683
187	0.926996
188	0.927308
189	0.92762
190	0.927931
191	0.928242
192	0.928551
193	0.92886
194	0.929169
195	0.929476
196	0.929783
197	0.930089
198	0.930394
199	0.930699
200	0.931003
201	0.931306
202	0.931608
203	0.931909
204	0.932209
205	0.932509
206	0.932807
207	0.933105
208	0.933402
209	0.933698
210	0.933993
211	0.934288
212	0.934581
213	0.934873
214	0.935165
215	0.935456
216	0.935745
217	0.936034
218	0.936322
219	0.936608
220	0.936894
221	0.937179
222	0.937463
223	0.937746
224	0.938028
225	0.938309
226	0.938589
227	0.938868
228	0.939146
229	0.939423
230	0.939699
231	0.939974
232	0.940249
233	0.940522
234	0.940794
235	0.941065
236	0.941335
237	0.941604
238	0.941872
239	0.942139
240	0.942405
241	0.94267
242	0.942934
243	0.943197
244	0.943459
245	0.94372
246	0.94398
247	0.944239
248	0.944497
249	0.944754
250	0.94501
251	0.945265
252	0.945519
253	0.945772
254	0.946023
255	0.946274
256	0.946524
257	0.946773
258	0.947021
259	0.947268
260	0.947513
261	0.947758
262	0.948002
263	0.948245
264	0.948487
265	0.948727
266	0.948967
267	0.949206
268	0.949444
269	0.949681
270	0.949916
271	0.950151
272	0.950385
273	0.950618
274	0.95085
275	0.951081
276	0.95131
277	0.951539
278	0.951767
279	0.951994
280	0.95222
281	0.952445
282	0.952669
283	0.952892
284	0.953114
285	0.953336
286	0.953556
287	0.953775
288	0.953993
289	0.954211
290	0.954427
291	0.954643
292	0.954857
293	0.955071
294	0.955283
295	0.955495
296	0.955706
297	0.955915
298	0.956124
299	0.956332
300	0.956539
301	0.956745
302	0.956951
303	0.957155
304	0.957358
305	0.957561
306	0.957762
307	0.957963
308	0.958163
309	0.958362
310	0.95856
311	0.958757
312	0.958953
313	0.959148
314	0.959343
315	0.959536
316	0.959729
317	0.959921
318	0.960112
319	0.960302
320	0.960491
321	0.96068
322	0.960867
323	0.961054
324	0.96124
325	0.961425
326	0.961609
327	0.961792
328	0.961974
329	0.962156
330	0.962337
331	0.962517
332	0.962696
333	0.962874
334	0.963052
335	0.963228
336	0.963404
337	0.963579
338	0.963753
339	0.963927
340	0.964099
341	0.964271
342	0.964442
343	0.964613
344	0.964782
345	0.964951
346	0.965119
347	0.965286
348	0.965452
349	0.965618
350	0.965782
351	0.965947
352	0.96611
353	0.966272
354	0.966434
355	0.966595
356	0.966755
357	0.966915
358	0.967074
359	0.967232
360	0.967389
361	0.967545
362	0.967701
363	0.967856
364	0.968011
365	0.968164
366	0.968317
367	0.968469
368	0.968621
369	0.968772
370	0.968922
371	0.969071
372	0.96922
373	0.969368
374	0.969515
375	0.969661
376	0.969807
377	0.969953
378	0.970097
379	0.970241
380	0.970384
381	0.970526
382	0.970668
383	0.970809
384	0.97095
385	0.97109
386	0.971229
387	0.971367
388	0.971505
389	0.971642
390	0.971779
391	0.971915
392	0.97205
393	0.972184
394	0.972318
395	0.972452
396	0.972584
397	0.972716
398	0.972848
399	0.972979
400	0.973109
401	0.973238
402	0.973367
403	0.973496
404	0.973623
405	0.97375
406	0.973877
407	0.974003
408	0.974128
409	0.974253
410	0.974377
411	0.9745
412	0.974623
413	0.974746
414	0.974867
415	0.974989
416	0.975109
417	0.975229
418	0.975349
419	0.975467
420	0.975586
421	0.975703
422	0.975821
423	0.975937
424	0.976053
425	0.976169
426	0.976284
427	0.976398
428	0.976512
429	0.976625
430	0.976738
431	0.97685
432	0.976962
433	0.977073
434	0.977184
435	0.977294
436	0.977403
437	0.977512
438	0.977621
439	0.977729
440	0.977836
441	0.977943
442	0.97805
443	0.978156
444	0.978261
445	0.978366
446	0.97847
447	0.978574
448	0.978678
449	0.978781
450	0.978883
451	0.978985
452	0.979086
453	0.979187
454	0.979288
455	0.979388
456	0.979487
457	0.979586
458	0.979685
459	0.979783
460	0.97988
461	0.979977
462	0.980074
463	0.98017
464	0.980266
465	0.980361
466	0.980456
467	0.98055
468	0.980644
469	0.980737
470	0.98083
471	0.980923
472	0.981015
473	0.981107
474	0.981198
475	0.981289
476	0.981379
477	0.981469
478	0.981558
479	0.981647
480	0.981736
481	0.981824
482	0.981912
483	0.981999
484	0.982086
485	0.982172
486	0.982258
487	0.982344
488	0.982429
489	0.982514
490	0.982598
491	0.982682
492	0.982766
493	0.982849
494	0.982932
495	0.983014
496	0.983096
497	0.983177
498	0.983259
499	0.983339
500	0.98342
501	0.9835
502	0.983579
503	0.983659
504	0.983737
505	0.983816
506	0.983894
507	0.983972
508	0.984049
509	0.984126
510	0.984202
511	0.984279
512	0.984354
513	0.98443
514	0.984505
515	0.98458
516	0.984654
517	0.984728
518	0.984802
519	0.984875
520	0.984948
521	0.98502
522	0.985093
523	0.985164
524	0.985236
525	0.985307
526	0.985378
527	0.985448
528	0.985518
529	0.985588
530	0.985658
531	0.985727
532	0.985796
533	0.985864
534	0.985932
535	0.986
536	0.986067
537	0.986134
538	0.986201
539	0.986268
540	0.986334
541	0.9864
542	0.986465
543	0.98653
544	0.986595
545	0.98666
546	0.986724
547	0.986788
548	0.986852
549	0.986915
550	0.986978
551	0.987041
552	0.987103
553	0.987165
554	0.987227
555	0.987288
556	0.987349
557	0.98741
558	0.987471
559	0.987531
560	0.987591
561	0.987651
562	0.98771
563	0.987769
564	0.987828
565	0.987887
566	0.987945
567	0.988003
568	0.988061
569	0.988118
570	0.988175
571	0.988232
572	0.988289
573	0.988345
574	0.988401
575	0.988457
576	0.988512
577	0.988567
578	0.988622
579	0.988677
580	0.988731
581	0.988785
582	0.988839
583	0.988893
584	0.988946
585	0.988999
586	0.989052
587	0.989105
588	0.989157
589	0.989209
590	0.989261
591	0.989312
592	0.989364
593	0.989415
594	0.989465
595	0.989516
596	0.989566
597	0.989616
598	0.989666
599	0.989716
600	0.989765
601	0.989814
602	0.989863
603	0.989912
604	0.98996
605	0.990008
606	0.990056
607	0.990104
608	0.990151
609	0.990198
610	0.990245
611	0.990292
612	0.990338
613	0.990385
614	0.990431
615	0.990477
616	0.990522
617	0.990568
618	0.990613
619	0.990658
620	0.990702
621	0.990747
622	0.990791
623	0.990835
624	0.990879
625	0.990923
626	0.990966
627	0.991009
628	0.991052
629	0.991095
630	0.991138
631	0.99118
632	0.991222
633	0.991264
634	0.991306
635	0.991347
636	0.991389
637	0.99143
638	0.991471
639	0.991512
640	0.991552
641	0.991592
642	0.991633
643	0.991673
644	0.991712
645	0.991752
646	0.991791
647	0.99183
648	0.991869
649	0.991908
650	0.991947
651	0.991985
652	0.992023
653	0.992061
654	0.992099
655	0.992137
656	0.992174
657	0.992212
658	0.992249
659	0.992286
660	0.992322
661	0.992359
662	0.992395
663	0.992432
664	0.992468
665	0.992504
666	0.992539
667	0.992575
668	0.99261
669	0.992645
670	0.99268
671	0.992715
672	0.99275
673	0.992784
674	0.992818
675	0.992853
676	0.992887
677	0.99292
678	0.992954
679	0.992987
680	0.993021
681	0.993054
682	0.993087
683	0.99312
684	0.993152
685	0.993185
686	0.993217
687	0.993249
688	0.993281
689	0.993313
690	0.993345
691	0.993377
692	0.993408
693	0.993439
694	0.99347
695	0.993501
696	0.993532
697	0.993563
698	0.993593
699	0.993623
700	0.993654
701	0.993684
702	0.993714
703	0.993743
704	0.993773
705	0.993802
706	0.993832
707	0.993861
708	0.99389
709	0.993919
710	0.993948
711	0.993976
712	0.994005
713	0.994033
714	0.994061
715	0.994089
716	0.994117
717	0.994145
718	0.994172
719	0.9942
720	0.994227
721	0.994255
722	0.994282
723	0.994309
724	0.994335
725	0.994362
726	0.994389
727	0.994415
728	0.994441
729	0.994468
730	0.994494
731	0.99452
732	0.994545
733	0.994571
734	0.994597
735	0.994622
736	0.994647
737	0.994672
738	0.994697
739	0.994722
740	0.994747
741	0.994772
742	0.994796
743	0.994821
744	0.994845
745	0.994869
746	0.994893
747	0.994917
748	0.994941
749	0.994965
750	0.994989
751	0.995012
752	0.995035
753	0.995059
754	0.995082
755	0.995105
756	0.995128
757	0.995151
758	0.995173
759	0.995196
760	0.995218
761	0.995241
762	0.995263
763	0.995285
764	0.995307
765	0.995329
766	0.995351
767	0.995373
768	0.995394
769	0.995416
770	0.995437
771	0.995458
772	0.99548
773	0.995501
774	0.995522
775	0.995542
776	0.995563
777	0.995584
778	0.995604
779	0.995625
780	0.995645
781	0.995666
782	0.995686
783	0.995706
784	0.995726
785	0.995746
786	0.995765
787	0.995785
788	0.995805
789	0.995824
790	0.995844
791	0.995863
792	0.995882
793	0.995901
794	0.99592
795	0.995939
796	0.995958
797	0.995977
798	0.995995
799	0.996014
800	0.996032
801	0.996051
802	0.996069
803	0.996087
804	0.996105
805	0.996123
806	0.996141
807	0.996159
808	0.996177
809	0.996194
810	0.996212
811	0.996229
812	0.996247
813	0.996264
814	0.996281
815	0.996298
816	0.996316
817	0.996333
818	0.996349
819	0.996366
820	0.996383
821	0.9964
822	0.996416
823	0.996433
824	0.996449
825	0.996465
826	0.996482
827	0.996498
828	0.996514
829	0.99653
830	0.996546
831	0.996562
832	0.996577
833	0.996593
834	0.996609
835	0.996624
836	0.99664
837	0.996655
838	0.99667
839	0.996686
840	0.996701
841	0.996716
842	0.996731
843	0.996746
844	0.996761
845	0.996775
846	0.99679
847	0.996805
848	0.996819
849	0.996834
850	0.996848
851	0.996863
852	0.996877
853	0.996891
854	0.996905
855	0.996919
856	0.996933
857	0.996947
858	0.996961
859	0.996975
860	0.996989
861	0.997002
862	0.997016
863	0.997029
864	0.997043
865	0.997056
866	0.99707
867	0.997083
868	0.997096
869	0.997109
870	0.997122
871	0.997135
872	0.997148
873	0.997161
874	0.997174
875	0.997187
876	0.997199
877	0.997212
878	0.997225
879	0.997237
880	0.99725
881	0.997262
882	0.997274
883	0.997287
884	0.997299
885	0.997311
886	0.997323
887	0.997335
888	0.997347
889	0.997359
890	0.997371
891	0.997383
892	0.997394
893	0.997406
894	0.997418
895	0.997429
896	0.997441
897	0.997452
898	0.997463
899	0.997475
900	0.997486
901	0.997497
902	0.997508
903	0.99752
904	0.997531
905	0.997542
906	0.997553
907	0.997563
908	0.997574
909	0.997585
910	0.997596
911	0.997606
912	0.997617
913	0.997628
914	0.997638
915	0.997649
916	0.997659
917	0.997669
918	0.99768
919	0.99769
920	0.9977
921	0.99771
922	0.997721
923	0.997731
924	0.997741
925	0.997751
926	0.997761
927	0.99777
928	0.99778
929	0.99779
930	0.9978
931	0.997809
932	0.997819
933	0.997829
934	0.997838
935	0.997848
936	0.997857
937	0.997867
938	0.997876
939	0.997885
940	0.997894
941	0.997904
942	0.997913
943	0.997922
944	0.997931
945	0.99794
946	0.997949
947	0.997958
948	0.997967
949	0.997976
950	0.997985
951	0.997993
952	0.998002
953	0.998011
954	0.998019
955	0.998028
956	0.998037
957	0.998045
958	0.998054
959	0.998062
960	0.99807
961	0.998079
962	0.998087
963	0.998095
964	0.998104
965	0.998112
966	0.99812
967	0.998128
968	0.998136
969	0.998144
970	0.998152
971	0.99816
972	0.998168
973	0.998176
974	0.998184
975	0.998191
976	0.998199
977	0.998207
978	0.998215
979	0.998222
980	0.99823
981	0.998237
982	0.998245
983	0.998252
984	0.99826
985	0.998267
986	0.998275
987	0.998282
988	0.998289
989	0.998297
990	0.998304
991	0.998311
992	0.998318
993	0.998325
994	0.998332
995	0.998339
996	0.998346
997	0.998353
998	0.99836
999	0.998367
1000	0.998374
1001	0.998381
1002	0.998388
1003	0.998395
1004	0.998401
1005	0.998408
1006	0.998415
1007	0.998422
1008	0.998428
1009	0.998435
1010	0.998441
1011	0.998448
1012	0.998454
1013	0.998461
1014	0.998467
1015	0.998474
1016	0.99848
1017	0.998486
1018	0.998493
1019	0.998499
1020	0.998505
1021	0.998511
1022	0.998518
1023	0.998524
1024	0.99853
1025	0.998536
1026	0.998542
1027	0.998548
1028	0.998554
1029	0.99856
1030	0.998566
1031	0.998572
1032	0.998578
1033	0.998584
1034	0.998589
1035	0.998595
1036	0.998601
1037	0.998607
1038	0.998612
1039	0.998618
1040	0.998624
1041	0.998629
1042	0.998635
1043	0.998641
1044	0.998646
1045	0.998652
1046	0.998657
1047	0.998663
1048	0.998668
1049	0.998673
1050	0.998679
1051	0.998684
1052	0.998689
1053	0.998695
1054	0.9987
1055	0.998705
1056	0.998711
1057	0.998716
1058	0.998721
1059	0.998726
1060	0.998731
1061	0.998736
1062	0.998741
1063	0.998746
1064	0.998751
1065	0.998756
1066	0.998761
1067	0.998766
1068	0.998771
1069	0.998776
1070	0.998781
1071	0.998786
1072	0.998791
1073	0.998796
1074	0.9988
1075	0.998805
1076	0.99881
1077	0.998815
1078	0.998819
1079	0.998824
1080	0.998829
1081	0.998833
1082	0.998838
1083	0.998842
1084	0.998847
1085	0.998852
1086	0.998856
1087	0.998861
1088	0.998865
1089	0.998869
1090	0.998874
1091	0.998878
1092	0.998883
1093	0.998887
1094	0.998891
1095	0.998896
1096	0.9989
1097	0.998904
1098	0.998908
1099	0.998913
1100	0.998917
1101	0.998921
1102	0.998925
1103	0.998929
1104	0.998934
1105	0.998938
1106	0.998942
1107	0.998946
1108	0.99895
1109	0.998954
1110	0.998958
1111	0.998962
1112	0.998966
1113	0.99897
1114	0.998974
1115	0.998978
1116	0.998982
1117	0.998985
1118	0.998989
1119	0.998993
1120	0.998997
1121	0.999001
1122	0.999004
1123	0.999008
1124	0.999012
1125	0.999016
1126	0.999019
1127	0.999023
1128	0.999027
1129	0.99903
1130	0.999034
1131	0.999038
1132	0.999041
1133	0.999045
1134	0.999048
1135	0.999052
1136	0.999055
1137	0.999059
1138	0.999062
1139	0.999066
1140	0.999069
1141	0.999073
1142	0.999076
1143	0.99908
1144	0.999083
1145	0.999086
1146	0.99909
1147	0.999093
1148	0.999096
1149	0.9991
1150	0.999103
1151	0.999106
1152	0.99911
1153	0.999113
1154	0.999116
1155	0.999119
1156	0.999122
1157	0.999126
1158	0.999129
1159	0.999132
1160	0.999135
1161	0.999138
1162	0.999141
1163	0.999144
1164	0.999147
1165	0.999151
1166	0.999154
1167	0.999157
1168	0.99916
1169	0.999163
1170	0.999166
1171	0.999169
1172	0.999172
1173	0.999174
1174	0.999177
1175	0.99918
1176	0.999183
1177	0.999186
1178	0.999189
1179	0.999192
1180	0.999195
1181	0.999197
1182	0.9992
1183	0.999203
1184	0.999206
1185	0.999209
1186	0.999211
1187	0.999214
1188	0.999217
1189	0.99922
1190	0.999222
1191	0.999225
1192	0.999228
1193	0.99923
1194	0.999233
1195	0.999236
1196	0.999238
1197	0.999241
1198	0.999243
1199	0.999246
1200	0.999249
1201	0.999251
1202	0.999254
1203	0.999256
1204	0.999259
1205	0.999261
1206	0.999264
1207	0.999266
1208	0.999269
1209	0.999271
1210	0.999274
1211	0.999276
1212	0.999279
1213	0.999281
1214	0.999283
1215	0.999286
1216	0.999288
1217	0.99929
1218	0.999293
1219	0.999295
1220	0.999298
1221	0.9993
1222	0.999302
1223	0.999304
1224	0.999307
1225	0.999309
1226	0.999311
1227	0.999314
1228	0.999316
1229	0.999318
1230	0.99932
1231	0.999322
1232	0.999325
1233	0.999327
1234	0.999329
1235	0.999331
1236	0.999333
1237	0.999335
1238	0.999338
1239	0.99934
1240	0.999342
1241	0.999344
1242	0.999346
1243	0.999348
1244	0.99935
1245	0.999352
1246	0.999354
1247	0.999356
1248	0.999358
1249	0.99936
1250	0.999362
1251	0.999364
1252	0.999366
1253	0.999368
1254	0.99937
1255	0.999372
1256	0.999374
1257	0.999376
1258	0.999378
1259	0.99938
1260	0.999382
1261	0.999384
1262	0.999386
1263	0.999388
1264	0.99939
1265	0.999391
1266	0.999393
1267	0.999395
1268	0.999397
1269	0.999399
1270	0.999401
1271	0.999403
1272	0.999404
1273	0.999406
1274	0.999408
1275	0.99941
1276	0.999411
1277	0.999413
1278	0.999415
1279	0.999417
1280	0.999418
1281	0.99942
1282	0.999422
1283	0.999424
1284	0.999425
1285	0.999427
1286	0.999429
1287	0.99943
1288	0.999432
1289	0.999434
1290	0.999435
1291	0.999437
1292	0.999439
1293	0.99944
1294	0.999442
1295	0.999444
1296	0.999445
1297	0.999447
1298	0.999448
1299	0.99945
1300	0.999452
1301	0.999453
1302	0.999455
1303	0.999456
1304	0.999458
1305	0.999459
1306	0.999461
1307	0.999462
1308	0.999464
1309	0.999465
1310	0.999467
1311	0.999468
1312	0.99947
1313	0.999471
1314	0.999473
1315	0.999474
1316	0.999476
1317	0.999477
1318	0.999479
1319	0.99948
1320	0.999481
1321	0.999483
1322	0.999484
1323	0.999486
1324	0.999487
1325	0.999489
1326	0.99949
1327	0.999491
1328	0.999493
1329	0.999494
1330	0.999495
1331	0.999497
1332	0.999498
1333	0.999499
1334	0.999501
1335	0.999502
1336	0.999503
1337	0.999505
1338	0.999506
1339	0.999507
1340	0.999509
1341	0.99951
1342	0.999511
1343	0.999512
1344	0.999514
1345	0.999515
1346	0.999516
1347	0.999518
1348	0.999519
1349	0.99952
1350	0.999521
1351	0.999522
1352	0.999524
1353	0.999525
1354	0.999526
1355	0.999527
1356	0.999529
1357	0.99953
1358	0.999531
1359	0.999532
1360	0.999533
1361	0.999534
1362	0.999536
1363	0.999537
1364	0.999538
1365	0.999539
1366	0.99954
1367	0.999541
1368	0.999542
1369	0.999544
1370	0.999545
1371	0.999546
1372	0.999547
1373	0.999548
1374	0.999549
1375	0.99955
1376	0.999551
1377	0.999552
1378	0.999553
1379	0.999555
1380	0.999556
1381	0.999557
1382	0.999558
1383	0.999559
1384	0.99956
1385	0.999561
1386	0.999562
1387	0.999563
1388	0.999564
1389	0.999565
1390	0.999566
1391	0.999567
1392	0.999568
1393	0.999569
1394	0.99957
1395	0.999571
1396	0.999572
1397	0.999573
1398	0.999574
1399	0.999575
1400	0.999576
1401	0.999577
1402	0.999578
1403	0.999579
1404	0.99958
1405	0.999581
1406	0.999582
1407	0.999582
1408	0.999583
1409	0.999584
1410	0.999585
1411	0.999586
1412	0.999587
1413	0.999588
1414	0.999589
1415	0.99959
1416	0.999591
1417	0.999592
1418	0.999592
1419	0.999593
1420	0.999594
1421	0.999595
1422	0.999596
1423	0.999597
1424	0.999598
1425	0.999599
1426	0.999599
1427	0.9996
1428	0.999601
1429	0.999602
1430	0.999603
1431	0.999604
1432	0.999604
1433	0.999605
1434	0.999606
1435	0.999607
1436	0.999608
1437	0.999608
1438	0.999609
1439	0.99961
1440	0.999611
1441	0.999612
1442	0.999612
1443	0.999613
1444	0.999614
1445	0.999615
1446	0.999616
1447	0.999616
1448	0.999617
1449	0.999618
1450	0.999619
1451	0.999619
1452	0.99962
1453	0.999621
1454	0.999622
1455	0.999622
1456	0.999623
1457	0.999624
1458	0.999625
1459	0.999625
1460	0.999626
1461	0.999627
1462	0.999627
1463	0.999628
1464	0.999629
1465	0.99963
1466	0.99963
1467	0.999631
1468	0.999632
1469	0.999632
1470	0.999633
1471	0.999634
1472	0.999634
1473	0.999635
1474	0.999636
1475	0.999636
1476	0.999637
1477	0.999638
1478	0.999638
1479	0.999639
1480	0.99964
1481	0.99964
1482	0.999641
1483	0.999642
1484	0.999642
1485	0.999643
1486	0.999644
1487	0.999644
1488	0.999645
1489	0.999646
1490	0.999646
1491	0.999647
1492	0.999647
1493	0.999648
1494	0.999649
1495	0.999649
1496	0.99965
1497	0.99965
1498	0.999651
1499	0.999652
1500	0.999652
1501	0.999653
1502	0.999653
1503	0.999654
1504	0.999655
1505	0.999655
1506	0.999656
1507	0.999656
1508	0.999657
1509	0.999657
1510	0.999658
1511	0.999659
1512	0.999659
1513	0.99966
1514	0.99966
1515	0.999661
1516	0.999661
1517	0.999662
1518	0.999662
1519	0.999663
1520	0.999664
1521	0.999664
1522	0.999665
1523	0.999665
1524	0.999666
1525	0.999666
1526	0.999667
1527	0.999667
1528	0.999668
1529	0.999668
1530	0.999669
1531	0.999669
1532	0.99967
1533	0.99967
1534	0.999671
1535	0.999671
1536	0.999672
1537	0.999672
1538	0.999673
1539	0.999673
1540	0.999674
1541	0.999674
1542	0.999675
1543	0.999675
1544	0.999676
1545	0.999676
1546	0.999677
1547	0.999677
1548	0.999678
1549	0.999678
1550	0.999679
1551	0.999679
1552	0.99968
1553	0.99968
1554	0.99968
1555	0.999681
1556	0.999681
1557	0.999682
1558	0.999682
1559	0.999683
1560	0.999683
1561	0.999684
1562	0.999684
1563	0.999684
1564	0.999685
1565	0.999685
1566	0.999686
1567	0.999686
1568	0.999687
1569	0.999687
1570	0.999687
1571	0.999688
1572	0.999688
1573	0.999689
1574	0.999689
1575	0.99969
1576	0.99969
1577	0.99969
1578	0.999691
1579	0.999691
1580	0.999692
1581	0.999692
1582	0.999692
1583	0.999693
1584	0.999693
1585	0.999694
1586	0.999694
1587	0.999694
1588	0.999695
1589	0.999695
1590	0.999696
1591	0.999696
1592	0.999696
1593	0.999697
1594	0.999697
1595	0.999697
1596	0.999698
1597	0.999698
1598	0.999699
1599	0.999699
1600	0.999699
1601	0.9997
1602	0.9997
1603	0.9997
1604	0.999701
1605	0.999701
1606	0.999701
1607	0.999702
1608	0.999702
1609	0.999703
1610	0.999703
1611	0.999703
1612	0.999704
1613	0.999704
1614	0.999704
1615	0.999705
1616	0.999705
1617	0.999705
1618	0.999706
1619	0.999706
1620	0.999706
1621	0.999707
1622	0.999707
1623	0.999707
1624	0.999708
1625	0.999708
1626	0.999708
1627	0.999709
1628	0.999709
1629	0.999709
1630	0.99971
1631	0.99971
1632	0.99971
1633	0.999711
1634	0.999711
1635	0.999711
1636	0.999711
1637	0.999712
1638	0.999712
1639	0.999712
1640	0.999713
1641	0.999713
1642	0.999713
1643	0.999714
1644	0.999714
1645	0.999714
1646	0.999714
1647	0.999715
1648	0.999715
1649	0.999715
1650	0.999716
1651	0.999716
1652	0.999716
1653	0.999717
1654	0.999717
1655	0.999717
1656	0.999717
1657	0.999718
1658	0.999718
1659	0.999718
1660	0.999718
1661	0.999719
1662	0.999719
1663	0.999719
1664	0.99972
1665	0.99972
1666	0.99972
1667	0.99972
1668	0.999721
1669	0.999721
1670	0.999721
1671	0.999721
1672	0.999722
1673	0.999722
1674	0.999722
1675	0.999722
1676	0.999723
1677	0.999723
1678	0.999723
1679	0.999723
1680	0.999724
1681	0.999724
1682	0.999724
1683	0.999724
1684	0.999725
1685	0.999725
1686	0.999725
1687	0.999725
1688	0.999726
1689	0.999726
1690	0.999726
1691	0.999726
1692	0.999727
1693	0.999727
1694	0.999727
1695	0.999727
1696	0.999728
1697	0.999728
1698	0.999728
1699	0.999728
1700	0.999729
1701	0.999729
1702	0.999729
1703	0.999729
1704	0.999729
1705	0.99973
1706	0.99973
1707	0.99973
1708	0.99973
1709	0.999731
1710	0.999731
1711	0.999731
1712	0.999731
1713	0.999731
1714	0.999732
1715	0.999732
1716	0.999732
1717	0.999732
1718	0.999732
1719	0.999733
1720	0.999733
1721	0.999733
1722	0.999733
1723	0.999734
1724	0.999734
1725	0.999734
1726	0.999734
1727	0.999734
1728	0.999735
1729	0.999735
1730	0.999735
1731	0.999735
1732	0.999735
1733	0.999736
1734	0.999736
1735	0.999736
1736	0.999736
1737	0.999736
1738	0.999737
1739	0.999737
1740	0.999737
1741	0.999737
1742	0.999737
1743	0.999737
1744	0.999738
1745	0.999738
1746	0.999738
1747	0.999738
1748	0.999738
1749	0.999739
1750	0.999739
1751	0.999739
1752	0.999739
1753	0.999739
1754	0.999739
1755	0.99974
1756	0.99974
1757	0.99974
1758	0.99974
1759	0.99974
1760	0.999741
1761	0.999741
1762	0.999741
1763	0.999741
1764	0.999741
1765	0.999741
1766	0.999742
1767	0.999742
1768	0.999742
1769	0.999742
1770	0.999742
1771	0.999742
1772	0.999743
1773	0.999743
1774	0.999743
1775	0.999743
1776	0.999743
1777	0.999743
1778	0.999744
1779	0.999744
1780	0.999744
1781	0.999744
1782	0.999744
1783	0.999744
1784	0.999744
1785	0.999745
1786	0.999745
1787	0.999745
1788	0.999745
1789	0.999745
1790	0.999745
1791	0.999746
1792	0.999746
1793	0.999746
1794	0.999746
1795	0.999746
1796	0.999746
1797	0.999746
1798	0.999747
1799	0.999747
1800	0.999747
1801	0.999747
1802	0.999747
1803	0.999747
1804	0.999747
1805	0.999748
1806	0.999748
1807	0.999748
1808	0.999748
1809	0.999748
1810	0.999748
1811	0.999748
1812	0.999749
1813	0.999749
1814	0.999749
1815	0.999749
1816	0.999749
1817	0.999749
1818	0.999749
1819	0.99975
1820	0.99975
1821	0.99975
1822	0.99975
1823	0.99975
1824	0.99975
1825	0.99975
1826	0.99975
1827	0.999751
1828	0.999751
1829	0.999751
1830	0.999751
1831	0.999751
1832	0.999751
1833	0.999751
1834	0.999751
1835	0.999752
1836	0.999752
1837	0.999752
1838	0.999752
1839	0.999752
1840	0.999752
1841	0.999752
1842	0.999752
1843	0.999753
1844	0.999753
1845	0.999753
1846	0.999753
1847	0.999753
1848	0.999753
1849	0.999753
1850	0.999753
1851	0.999753
1852	0.999754
1853	0.999754
1854	0.999754
1855	0.999754
1856	0.999754
1857	0.999754
1858	0.999754
1859	0.999754
1860	0.999754
1861	0.999755
1862	0.999755
1863	0.999755
1864	0.999755
1865	0.999755
1866	0.999755
1867	0.999755
1868	0.999755
1869	0.999755
1870	0.999756
1871	0.999756
1872	0.999756
1873	0.999756
1874	0.999756
1875	0.999756
1876	0.999756
1877	0.999756
1878	0.999756
1879	0.999757
1880	0.999757
1881	0.999757
1882	0.999757
1883	0.999757
1884	0.999757
1885	0.999757
1886	0.999757
1887	0.999757
1888	0.999757
1889	0.999758
1890	0.999758
1891	0.999758
1892	0.999758
1893	0.999758
1894	0.999758
1895	0.999758
1896	0.999758
1897	0.999758
1898	0.999758
1899	0.999758
1900	0.999759
1901	0.999759
1902	0.999759
1903	0.999759
1904	0.999759
1905	0.999759
1906	0.999759
1907	0.999759
1908	0.999759
1909	0.999759
1910	0.999759
1911	0.99976
1912	0.99976
1913	0.99976
1914	0.99976
1915	0.99976
1916	0.99976
1917	0.99976
1918	0.99976
1919	0.99976
1920	0.99976
1921	0.99976
1922	0.999761
1923	0.999761
1924	0.999761
1925	0.999761
1926	0.999761
1927	0.999761
1928	0.999761
1929	0.999761
1930	0.999761
1931	0.999761
1932	0.999761
1933	0.999761
1934	0.999761
1935	0.999762
1936	0.999762
1937	0.999762
1938	0.999762
1939	0.999762
1940	0.999762
1941	0.999762
1942	0.999762
1943	0.999762
1944	0.999762
1945	0.999762
1946	0.999762
1947	0.999763
1948	0.999763
1949	0.999763
1950	0.999763
1951	0.999763
1952	0.999763
1953	0.999763
1954	0.999763
1955	0.999763
1956	0.999763
1957	0.999763
1958	0.999763
1959	0.999763
1960	0.999763
1961	0.999764
1962	0.999764
1963	0.999764
1964	0.999764
1965	0.999764
1966	0.999764
1967	0.999764
1968	0.999764
1969	0.999764
1970	0.999764
1971	0.999764
1972	0.999764
1973	0.999764
1974	0.999764
1975	0.999765
1976	0.999765
1977	0.999765
1978	0.999765
1979	0.999765
1980	0.999765
1981	0.999765
1982	0.999765
1983	0.999765
1984	0.999765
1985	0.999765
1986	0.999765
1987	0.999765
1988	0.999765
1989	0.999765
1990	0.999766
1991	0.999766
1992	0.999766
1993	0.999766
1994	0.999766
1995	0.999766
1996	0.999766
1997	0.999766
1998	0.999766
1999	0.999766
2000	0.999766
2001	0.999766
2002	0.999766
2003	0.999766
2004	0.999766
2005	0.999766
2006	0.999767
2007	0.999767
2008	0.999767
2009	0.999767
2010	0.999767
2011	0.999767
2012	0.999767
2013	0.999767
2014	0.999767
2015	0.999767
2016	0.999767
2017	0.999767
2018	0.999767
2019	0.999767
2020	0.999767
2021	0.999767
2022	0.999767
2023	0.999768
2024	0.999768
2025	0.999768
2026	0.999768
2027	0.999768
2028	0.999768
2029	0.999768
2030	0.999768
2031	0.999768
2032	0.999768
2033	0.999768
2034	0.999768
2035	0.999768
2036	0.999768
2037	0.999768
2038	0.999768
2039	0.999768
2040	0.999768
2041	0.999768
2042	0.999769
2043	0.999769
2044	0.999769
2045	0.999769
2046	0.999769
2047	0.999769
2048	0.999769
2049	0.999769
2050	0.999769
2051	0.999769
2052	0.999769
2053	0.999769
2054	0.999769
2055	0.999769
2056	0.999769
2057	0.999769
2058	0.999769
2059	0.999769
2060	0.999769
2061	0.99977
2062	0.99977
2063	0.99977
2064	0.99977
2065	0.99977
2066	0.99977
2067	0.99977
2068	0.99977
2069	0.99977
2070	0.99977
2071	0.99977
2072	0.99977
2073	0.99977
2074	0.99977
2075	0.99977
2076	0.99977
2077	0.99977
2078	0.99977
2079	0.99977
2080	0.99977
2081	0.99977
2082	0.99977
2083	0.999771
2084	0.999771
2085	0.999771
2086	0.999771
2087	0.999771
2088	0.999771
2089	0.999771
2090	0.999771
2091	0.999771
2092	0.999771
2093	0.999771
2094	0.999771
2095	0.999771
2096	0.999771
2097	0.999771
2098	0.999771
2099	0.999771
2100	0.999771
2101	0.999771
2102	0.999771
2103	0.999771
2104	0.999771
2105	0.999771
2106	0.999772
2107	0.999772
2108	0.999772
2109	0.999772
2110	0.999772
2111	0.999772
2112	0.999772
2113	0.999772
2114	0.999772
2115	0.999772
2116	0.999772
2117	0.999772
2118	0.999772
2119	0.999772
2120	0.999772
2121	0.999772
2122	0.999772
2123	0.999772
2124	0.999772
2125	0.999772
2126	0.999772
2127	0.999772
2128	0.999772
2129	0.999772
2130	0.999772
2131	0.999773
2132	0.999773
2133	0.999773
2134	0.999773
2135	0.999773
2136	0.999773
2137	0.999773
2138	0.999773
2139	0.999773
2140	0.999773
2141	0.999773
2142	0.999773
2143	0.999773
2144	0.999773
2145	0.999773
2146	0.999773
2147	0.999773
2148	0.999773
2149	0.999773
2150	0.999773
2151	0.999773
2152	0.999773
2153	0.999773
2154	0.999773
2155	0.999773
2156	0.999773
2157	0.999773
2158	0.999774
2159	0.999774
2160	0.999774
2161	0.999774
2162	0.999774
2163	0.999774
2164	0.999774
2165	0.999774
2166	0.999774
2167	0.999774
2168	0.999774
2169	0.999774
2170	0.999774
2171	0.999774
2172	0.999774
2173	0.999774
2174	0.999774
2175	0.999774
2176	0.999774
2177	0.999774
2178	0.999774
2179	0.999774
2180	0.999774
2181	0.999774
2182	0.999774
2183	0.999774
2184	0.999774
2185	0.999774
2186	0.999774
2187	0.999774
2188	0.999775
2189	0.999775
2190	0.999775
2191	0.999775
2192	0.999775
2193	0.999775
2194	0.999775
2195	0.999775
2196	0.999775
2197	0.999775
2198	0.999775
2199	0.999775
2200	0.999775
2201	0.999775
2202	0.999775
2203	0.999775
2204	0.999775
2205	0.999775
2206	0.999775
2207	0.999775
2208	0.999775
2209	0.999775
2210	0.999775
2211	0.999775
2212	0.999775
2213	0.999775
2214	0.999775
2215	0.999775
2216	0.999775
2217	0.999775
2218	0.999775
2219	0.999775
2220	0.999775
2221	0.999776
2222	0.999776
2223	0.999776
2224	0.999776
2225	0.999776
2226	0.999776
2227	0.999776
2228	0.999776
2229	0.999776
2230	0.999776
2231	0.999776
2232	0.999776
2233	0.999776
2234	0.999776
2235	0.999776
2236	0.999776
2237	0.999776
2238	0.999776
2239	0.999776
2240	0.999776
2241	0.999776
2242	0.999776
2243	0.999776
2244	0.999776
2245	0.999776
2246	0.999776
2247	0.999776
2248	0.999776
2249	0.999776
2250	0.999776
2251	0.999776
2252	0.999776
2253	0.999776
2254	0.999776
2255	0.999776
2256	0.999776
2257	0.999776
2258	0.999777
2259	0.999777
2260	0.999777
2261	0.999777
2262	0.999777
2263	0.999777
2264	0.999777
2265	0.999777
2266	0.999777
2267	0.999777
2268	0.999777
2269	0.999777
2270	0.999777
2271	0.999777
2272	0.999777
2273	0.999777
2274	0.999777
2275	0.999777
2276	0.999777
2277	0.999777
2278	0.999777
2279	0.999777
2280	0.999777
2281	0.999777
2282	0.999777
2283	0.999777
2284	0.999777
2285	0.999777
2286	0.999777
2287	0.999777
2288	0.999777
2289	0.999777
2290	0.999777
2291	0.999777
2292	0.999777
2293	0.999777
2294	0.999777
2295	0.999777
2296	0.999777
2297	0.999777
2298	0.999778
2299	0.999778
2300	0.999778
2301	0.999778
2302	0.999778
2303	0.999778
2304	0.999778
2305	0.999778
2306	0.999778
2307	0.999778
2308	0.999778
2309	0.999778
2310	0.999778
2311	0.999778
2312	0.999778
2313	0.999778
2314	0.999778
2315	0.999778
2316	0.999778
2317	0.999778
2318	0.999778
2319	0.999778
2320	0.999778
2321	0.999778
2322	0.999778
2323	0.999778
2324	0.999778
2325	0.999778
2326	0.999778
2327	0.999778
2328	0.999778
2329	0.999778
2330	0.999778
2331	0.999778
2332	0.999778
2333	0.999778
2334	0.999778
2335	0.999778
2336	0.999778
2337	0.999778
2338	0.999778
2339	0.999778
2340	0.999778
2341	0.999778
2342	0.999778
2343	0.999779
2344	0.999779
2345	0.999779
2346	0.999779
2347	0.999779
2348	0.999779
2349	0.999779
2350	0.999779
2351	0.999779
2352	0.999779
2353	0.999779
2354	0.999779
2355	0.999779
2356	0.999779
2357	0.999779
2358	0.999779
2359	0.999779
2360	0.999779
2361	0.999779
2362	0.999779
2363	0.999779
2364	0.999779
2365	0.999779
2366	0.999779
2367	0.999779
2368	0.999779
2369	0.999779
2370	0.999779
2371	0.999779
2372	0.999779
2373	0.999779
2374	0.999779
2375	0.999779
2376	0.999779
2377	0.999779
2378	0.999779
2379	0.999779
2380	0.999779
2381	0.999779
2382	0.999779
2383	0.999779
2384	0.999779
2385	0.999779
2386	0.999779
2387	0.999779
2388	0.999779
2389	0.999779
2390	0.999779
2391	0.999779
2392	0.999779
2393	0.99978
2394	0.99978
2395	0.99978
2396	0.99978
2397	0.99978
2398	0.99978
2399	0.99978
2400	0.99978
2401	0.99978
2402	0.99978
2403	0.99978
2404	0.99978
2405	0.99978
2406	0.99978
2407	0.99978
2408	0.99978
2409	0.99978
2410	0.99978
2411	0.99978
2412	0.99978
2413	0.99978
2414	0.99978
2415	0.99978
2416	0.99978
2417	0.99978
2418	0.99978
2419	0.99978
2420	0.99978
2421	0.99978
2422	0.99978
2423	0.99978
2424	0.99978
2425	0.99978
2426	0.99978
2427	0.99978
2428	0.99978
2429	0.99978
2430	0.99978
2431	0.99978
2432	0.99978
2433	0.99978
2434	0.99978
2435	0.99978
2436	0.99978
2437	0.99978
2438	0.99978
2439	0.99978
2440	0.99978
2441	0.99978
2442	0.99978
2443	0.99978
2444	0.99978
2445	0.99978
2446	0.99978
2447	0.999781
2448	0.999781
2449	0.999781
2450	0.999781
2451	0.999781
2452	0.999781
2453	0.999781
2454	0.999781
2455	0.999781
2456	0.999781
2457	0.999781
2458	0.999781
2459	0.999781
2460	0.999781
2461	0.999781
2462	0.999781
2463	0.999781
2464	0.999781
2465	0.999781
2466	0.999781
2467	0.999781
2468	0.999781
2469	0.999781
2470	0.999781
2471	0.999781
2472	0.999781
2473	0.999781
2474	0.999781
2475	0.999781
2476	0.999781
2477	0.999781
2478	0.999781
2479	0.999781
2480	0.999781
2481	0.999781
2482	0.999781
2483	0.999781
2484	0.999781
2485	0.999781
2486	0.999781
2487	0.999781
2488	0.999781
2489	0.999781
2490	0.999781
2491	0.999781
2492	0.999781
2493	0.999781
2494	0.999781
2495	0.999781
2496	0.999781
2497	0.999781
2498	0.999781
2499	0.999781
2500	0.999781
2501	0.999781
2502	0.999781
2503	0.999781
2504	0.999781
2505	0.999781
2506	0.999781
2507	0.999782
2508	0.999782
2509	0.999782
2510	0.999782
2511	0.999782
2512	0.999782
2513	0.999782
2514	0.999782
2515	0.999782
2516	0.999782
2517	0.999782
2518	0.999782
2519	0.999782
2520	0.999782
2521	0.999782
2522	0.999782
2523	0.999782
2524	0.999782
2525	0.999782
2526	0.999782
2527	0.999782
2528	0.999782
2529	0.999782
2530	0.999782
2531	0.999782
2532	0.999782
2533	0.999782
2534	0.999782
2535	0.999782
2536	0.999782
2537	0.999782
2538	0.999782
2539	0.999782
2540	0.999782
2541	0.999782
2542	0.999782
2543	0.999782
2544	0.999782
2545	0.999782
2546	0.999782
2547	0.999782
2548	0.999782
2549	0.999782
2550	0.999782
2551	0.999782
2552	0.999782
2553	0.999782
2554	0.999782
2555	0.999782
2556	0.999782
2557	0.999782
2558	0.999782
2559	0.999782
2560	0.999782
2561	0.999782
2562	0.999782
2563	0.999782
2564	0.999782
2565	0.999782
2566	0.999782
2567	0.999782
2568	0.999782
2569	0.999782
2570	0.999782
2571	0.999782
2572	0.999783
2573	0.999783
2574	0.999783
2575	0.999783
2576	0.999783
2577	0.999783
2578	0.999783
2579	0.999783
2580	0.999783
2581	0.999783
2582	0.999783
2583	0.999783
2584	0.999783
2585	0.999783
2586	0.999783
2587	0.999783
2588	0.999783
2589	0.999783
2590	0.999783
2591	0.999783
2592	0.999783
2593	0.999783
2594	0.999783
2595	0.999783
2596	0.999783
2597	0.999783
2598	0.999783
2599	0.999783
2600	0.999783
2601	0.999783
2602	0.999783
2603	0.999783
2604	0.999783
2605	0.999783
2606	0.999783
2607	0.999783
2608	0.999783
2609	0.999783
2610	0.999783
2611	0.999783
2612	0.999783
2613	0.999783
2614	0.999783
2615	0.999783
2616	0.999783
2617	0.999783
2618	0.999783
2619	0.999783
2620	0.999783
2621	0.999783
2622	0.999783
2623	0.999783
2624	0.999783
2625	0.999783
2626	0.999783
2627	0.999783
2628	0.999783
2629	0.999783
2630	0.999783
2631	0.999783
2632	0.999783
2633	0.999783
2634	0.999783
2635	0.999783
2636	0.999783
2637	0.999783
2638	0.999783
2639	0.999783
2640	0.999783
2641	0.999783
2642	0.999784
2643	0.999784
2644	0.999784
2645	0.999784
2646	0.999784
2647	0.999784
2648	0.999784
2649	0.999784
2650	0.999784
2651	0.999784
2652	0.999784
2653	0.999784
2654	0.999784
2655	0.999784
2656	0.999784
2657	0.999784
2658	0.999784
2659	0.999784
2660	0.999784
2661	0.999784
2662	0.999784
2663	0.999784
2664	0.999784
2665	0.999784
2666	0.999784
2667	0.999784
2668	0.999784
2669	0.999784
2670	0.999784
2671	0.999784
2672	0.999784
2673	0.999784
2674	0.999784
2675	0.999784
2676	0.999784
2677	0.999784
2678	0.999784
2679	0.999784
2680	0.999784
2681	0.999784
2682	0.999784
2683	0.999784
2684	0.999784
2685	0.999784
2686	0.999784
2687	0.999784
2688	0.999784
2689	0.999784
2690	0.999784
2691	0.999784
2692	0.999784
2693	0.999784
2694	0.999784
2695	0.999784
2696	0.999784
2697	0.999784
2698	0.999784
2699	0.999784
2700	0.999784
2701	0.999784
2702	0.999784
2703	0.999784
2704	0.999784
2705	0.999784
2706	0.999784
2707	0.999784
2708	0.999784
2709	0.999784
2710	0.999784
2711	0.999784
2712	0.999784
2713	0.999784
2714	0.999784
2715	0.999784
2716	0.999784
2717	0.999785
2718	0.999785
2719	0.999785
2720	0.999785
2721	0.999785
2722	0.999785
2723	0.999785
2724	0.999785
2725	0.999785
2726	0.999785
2727	0.999785
2728	0.999785
2729	0.999785
2730	0.999785
2731	0.999785
2732	0.999785
2733	0.999785
2734	0.999785
2735	0.999785
2736	0.999785
2737	0.999785
2738	0.999785
2739	0.999785
2740	0.999785
2741	0.999785
2742	0.999785
2743	0.999785
2744	0.999785
2745	0.999785
2746	0.999785
2747	0.999785
2748	0.999785
2749	0.999785
2750	0.999785
2751	0.999785
2752	0.999785
2753	0.999785
2754	0.999785
2755	0.999785
2756	0.999785
2757	0.999785
2758	0.999785
2759	0.999785
2760	0.999785
2761	0.999785
2762	0.999785
2763	0.999785
2764	0.999785
2765	0.999785
2766	0.999785
2767	0.999785
2768	0.999785
2769	0.999785
2770	0.999785
2771	0.999785
2772	0.999785
2773	0.999785
2774	0.999785
2775	0.999785
2776	0.999785
2777	0.999785
2778	0.999785
2779	0.999785
2780	0.999785
2781	0.999785
2782	0.999785
2783	0.999785
2784	0.999785
2785	0.999785
2786	0.999785
2787	0.999785
2788	0.999785
2789	0.999785
2790	0.999785
2791	0.999785
2792	0.999785
2793	0.999785
2794	0.999785
2795	0.999786
2796	0.999786
2797	0.999786
2798	0.999786
2799	0.999786
2800	0.999786
2801	0.999786
2802	0.999786
2803	0.999786
2804	0.999786
2805	0.999786
2806	0.999786
2807	0.999786
2808	0.999786
2809	0.999786
2810	0.999786
2811	0.999786
2812	0.999786
2813	0.999786
2814	0.999786
2815	0.999786
2816	0.999786
2817	0.999786
2818	0.999786
2819	0.999786
2820	0.999786
2821	0.999786
2822	0.999786
2823	0.999786
2824	0.999786
2825	0.999786
2826	0.999786
2827	0.999786
2828	0.999786
2829	0.999786
2830	0.999786
2831	0.999786
2832	0.999786
2833	0.999786
2834	0.999786
2835	0.999786
2836	0.999786
2837	0.999786
2838	0.999786
2839	0.999786
2840	0.999786
2841	0.999786
2842	0.999786
2843	0.999786
2844	0.999786
2845	0.999786
2846	0.999786
2847	0.999786
2848	0.999786
2849	0.999786
2850	0.999786
2851	0.999786
2852	0.999786
2853	0.999786
2854	0.999786
2855	0.999786
2856	0.999786
2857	0.999786
2858	0.999786
2859	0.999786
2860	0.999786
2861	0.999786
2862	0.999786
2863	0.999786
2864	0.999786
2865	0.999786
2866	0.999786
2867	0.999786
2868	0.999786
2869	0.999786
2870	0.999786
2871	0.999786
2872	0.999786
2873	0.999786
2874	0.999786
2875	0.999787
2876	0.999787
2877	0.999787
2878	0.999787
2879	0.999787
2880	0.999787
2881	0.999787
2882	0.999787
2883	0.999787
2884	0.999787
2885	0.999787
2886	0.999787
2887	0.999787
2888	0.999787
2889	0.999787
2890	0.999787
2891	0.999787
2892	0.999787
2893	0.999787
2894	0.999787
2895	0.999787
2896	0.999787
2897	0.999787
2898	0.999787
2899	0.999787
2900	0.999787
2901	0.999787
2902	0.999787
2903	0.999787
2904	0.999787
2905	0.999787
2906	0.999787
2907	0.999787
2908	0.999787
2909	0.999787
2910	0.999787
2911	0.999787
2912	0.999787
2913	0.999787
2914	0.999787
2915	0.999787
2916	0.999787
2917	0.999787
2918	0.999787
2919	0.999787
2920	0.999787
2921	0.999787
2922	0.999787
2923	0.999787
2924	0.999787
2925	0.999787
2926	0.999787
2927	0.999787
2928	0.999787
2929	0.999787
2930	0.999787
2931	0.999787
2932	0.999787
2933	0.999787
2934	0.999787
2935	0.999787
2936	0.999787
2937	0.999787
2938	0.999787
2939	0.999787
2940	0.999787
2941	0.999787
2942	0.999787
2943	0.999787
2944	0.999787
2945	0.999787
2946	0.999787
2947	0.999787
2948	0.999787
2949	0.999787
2950	0.999787
2951	0.999787
2952	0.999787
2953	0.999787
2954	0.999787
2955	0.999787
2956	0.999787
2957	0.999787
2958	0.999787
2959	0.999788
2960	0.999788
2961	0.999788
2962	0.999788
2963	0.999788
2964	0.999788
2965	0.999788
2966	0.999788
2967	0.999788
2968	0.999788
2969	0.999788
2970	0.999788
2971	0.999788
2972	0.999788
2973	0.999788
2974	0.999788
2975	0.999788
2976	0.999788
2977	0.999788
2978	0.999788
2979	0.999788
2980	0.999788
2981	0.999788
2982	0.999788
2983	0.999788
2984	0.999788
2985	0.999788
2986	0.999788
2987	0.999788
2988	0.999788
2989	0.999788
2990	0.999788
2991	0.999788
2992	0.999788
2993	0.999788
2994	0.999788
2995	0.999788
2996	0.999788
2997	0.999788
2998	0.999788
2999	0.999788
3000	0.999788
3001	0.999788
3002	0.999788
3003	0.999788
3004	0.999788
3005	0.999788
3006	0.999788
3007	0.999788
3008	0.999788
3009	0.999788
3010	0.999788
3011	0.999788
3012	0.999788
3013	0.999788
3014	0.999788
3015	0.999788
3016	0.999788
3017	0.999788
3018	0.999788
3019	0.999788
3020	0.999788
3021	0.999788
3022	0.999788
3023	0.999788
3024	0.999788
3025	0.999788
3026	0.999788
3027	0.999788
3028	0.999788
3029	0.999788
3030	0.999788
3031	0.999788
3032	0.999788
3033	0.999788
3034	0.999788
3035	0.999788
3036	0.999788
3037	0.999788
3038	0.999788
3039	0.999788
3040	0.999788
3041	0.999788
3042	0.999788
3043	0.999788
3044	0.999789
3045	0.999789
3046	0.999789
3047	0.999789
3048	0.999789
3049	0.999789
3050	0.999789
3051	0.999789
3052	0.999789
3053	0.999789
3054	0.999789
3055	0.999789
3056	0.999789
3057	0.999789
3058	0.999789
3059	0.999789
3060	0.999789
3061	0.999789
3062	0.999789
3063	0.999789
3064	0.999789
3065	0.999789
3066	0.999789
3067	0.999789
3068	0.999789
3069	0.999789
3070	0.999789
3071	0.999789
3072	0.999789
3073	0.999789
3074	0.999789
3075	0.999789
3076	0.999789
3077	0.999789
3078	0.999789
3079	0.999789
3080	0.999789
3081	0.999789
3082	0.999789
3083	0.999789
3084	0.999789
3085	0.999789
3086	0.999789
3087	0.999789
3088	0.999789
3089	0.999789
3090	0.999789
3091	0.999789
3092	0.999789
3093	0.999789
3094	0.999789
3095	0.999789
3096	0.999789
3097	0.999789
3098	0.999789
3099	0.999789
3100	0.999789
3101	0.999789
3102	0.999789
3103	0.999789
3104	0.999789
3105	0.999789
3106	0.999789
3107	0.999789
3108	0.999789
3109	0.999789
3110	0.999789
3111	0.999789
3112	0.999789
3113	0.999789
3114	0.999789
3115	0.999789
3116	0.999789
3117	0.999789
3118	0.999789
3119	0.999789
3120	0.999789
3121	0.999789
3122	0.999789
3123	0.999789
3124	0.999789
3125	0.999789
3126	0.999789
3127	0.999789
3128	0.999789
3129	0.999789
3130	0.999789
3131	0.999789
3132	0.99979
3133	0.99979
3134	0.99979
3135	0.99979
3136	0.99979
3137	0.99979
3138	0.99979
3139	0.99979
3140	0.99979
3141	0.99979
3142	0.99979
3143	0.99979
3144	0.99979
3145	0.99979
3146	0.99979
3147	0.99979
3148	0.99979
3149	0.99979
3150	0.99979
3151	0.99979
3152	0.99979
3153	0.99979
3154	0.99979
3155	0.99979
3156	0.99979
3157	0.99979
3158	0.99979
3159	0.99979
3160	0.99979
3161	0.99979
3162	0.99979
3163	0.99979
3164	0.99979
3165	0.99979
3166	0.99979
3167	0.99979
3168	0.99979
3169	0.99979
3170	0.99979
3171	0.99979
3172	0.99979
3173	0.99979
3174	0.99979
3175	0.99979
3176	0.99979
3177	0.99979
3178	0.99979
3179	0.99979
3180	0.99979
3181	0.99979
3182	0.99979
3183	0.99979
3184	0.99979
3185	0.99979
3186	0.99979
3187	0.99979
3188	0.99979
3189	0.99979
3190	0.99979
3191	0.99979
3192	0.99979
3193	0.99979
3194	0.99979
3195	0.99979
3196	0.99979
3197	0.99979
3198	0.99979
3199	0.99979
3200	0.99979
3201	0.99979
3202	0.99979
3203	0.99979
3204	0.99979
3205	0.99979
3206	0.99979
3207	0.99979
3208	0.99979
3209	0.99979
3210	0.99979
3211	0.99979
3212	0.99979
3213	0.99979
3214	0.99979
3215	0.99979
3216	0.99979
3217	0.99979
3218	0.99979
3219	0.99979
3220	0.999791
3221	0.999791
3222	0.999791
3223	0.999791
3224	0.999791
3225	0.999791
3226	0.999791
3227	0.999791
3228	0.999791
3229	0.999791
3230	0.999791
3231	0.999791
3232	0.999791
3233	0.999791
3234	0.999791
3235	0.999791
3236	0.999791
3237	0.999791
3238	0.999791
3239	0.999791
3240	0.999791
3241	0.999791
3242	0.999791
3243	0.999791
3244	0.999791
3245	0.999791
3246	0.999791
3247	0.999791
3248	0.999791
3249	0.999791
3250	0.999791
3251	0.999791
3252	0.999791
3253	0.999791
3254	0.999791
3255	0.999791
3256	0.999791
3257	0.999791
3258	0.999791
3259	0.999791
3260	0.999791
3261	0.999791
3262	0.999791
3263	0.999791
3264	0.999791
3265	0.999791
3266	0.999791
3267	0.999791
3268	0.999791
3269	0.999791
3270	0.999791
3271	0.999791
3272	0.999791
3273	0.999791
3274	0.999791
3275	0.999791
3276	0.999791
3277	0.999791
3278	0.999791
3279	0.999791
3280	0.999791
3281	0.999791
3282	0.999791
3283	0.999791
3284	0.999791
3285	0.999791
3286	0.999791
3287	0.999791
3288	0.999791
3289	0.999791
3290	0.999791
3291	0.999791
3292	0.999791
3293	0.999791
3294	0.999791
3295	0.999791
3296	0.999791
3297	0.999791
3298	0.999791
3299	0.999791
3300	0.999791
3301	0.999791
3302	0.999791
3303	0.999791
3304	0.999791
3305	0.999791
3306	0.999791
3307	0.999791
3308	0.999791
3309	0.999791
3310	0.999792
3311	0.999792
3312	0.999792
3313	0.999792
3314	0.999792
3315	0.999792
3316	0.999792
3317	0.999792
3318	0.999792
3319	0.999792
3320	0.999792
3321	0.999792
3322	0.999792
3323	0.999792
3324	0.999792
3325	0.999792
3326	0.999792
3327	0.999792
3328	0.999792
3329	0.999792
3330	0.999792
3331	0.999792
3332	0.999792
3333	0.999792
3334	0.999792
3335	0.999792
3336	0.999792
3337	0.999792
3338	0.999792
3339	0.999792
3340	0.999792
3341	0.999792
3342	0.999792
3343	0.999792
3344	0.999792
3345	0.999792
3346	0.999792
3347	0.999792
3348	0.999792
3349	0.999792
3350	0.999792
3351	0.999792
3352	0.999792
3353	0.999792
3354	0.999792
3355	0.999792
3356	0.999792
3357	0.999792
3358	0.999792
3359	0.999792
3360	0.999792
3361	0.999792
3362	0.999792
3363	0.999792
3364	0.999792
3365	0.999792
3366	0.999792
3367	0.999792
3368	0.999792
3369	0.999792
3370	0.999792
3371	0.999792
3372	0.999792
3373	0.999792
3374	0.999792
3375	0.999792
3376	0.999792
3377	0.999792
3378	0.999792
3379	0.999792
3380	0.999792
3381	0.999792
3382	0.999792
3383	0.999792
3384	0.999792
3385	0.999792
3386	0.999792
3387	0.999792
3388	0.999792
3389	0.999792
3390	0.999792
3391	0.999792
3392	0.999792
3393	0.999792
3394	0.999792
3395	0.999792
3396	0.999792
3397	0.999792
3398	0.999792
3399	0.999792
3400	0.999792
3401	0.999793
3402	0.999793
3403	0.999793
3404	0.999793
3405	0.999793
3406	0.999793
3407	0.999793
3408	0.999793
3409	0.999793
3410	0.999793
3411	0.999793
3412	0.999793
3413	0.999793
3414	0.999793
3415	0.999793
3416	0.999793
3417	0.999793
3418	0.999793
3419	0.999793
3420	0.999793
3421	0.999793
3422	0.999793
3423	0.999793
3424	0.999793
3425	0.999793
3426	0.999793
3427	0.999793
3428	0.999793
3429	0.999793
3430	0.999793
3431	0.999793
3432	0.999793
3433	0.999793
3434	0.999793
3435	0.999793
3436	0.999793
3437	0.999793
3438	0.999793
3439	0.999793
3440	0.999793
3441	0.999793
3442	0.999793
3443	0.999793
3444	0.999793
3445	0.999793
3446	0.999793
3447	0.999793
3448	0.999793
3449	0.999793
3450	0.999793
3451	0.999793
3452	0.999793
3453	0.999793
3454	0.999793
3455	0.999793
3456	0.999793
3457	0.999793
3458	0.999793
3459	0.999793
3460	0.999793
3461	0.999793
3462	0.999793
3463	0.999793
3464	0.999793
3465	0.999793
3466	0.999793
3467	0.999793
3468	0.999793
3469	0.999793
3470	0.999793
3471	0.999793
3472	0.999793
3473	0.999793
3474	0.999793
3475	0.999793
3476	0.999793
3477	0.999793
3478	0.999793
3479	0.999793
3480	0.999793
3481	0.999793
3482	0.999793
3483	0.999793
3484	0.999793
3485	0.999793
3486	0.999793
3487	0.999793
3488	0.999793
3489	0.999793
3490	0.999793
3491	0.999793
3492	0.999793
3493	0.999794
3494	0.999794
3495	0.999794
3496	0.999794
3497	0.999794
3498	0.999794
3499	0.999794
3500	0.999794
3501	0.999794
3502	0.999794
3503	0.999794
3504	0.999794
3505	0.999794
3506	0.999794
3507	0.999794
3508	0.999794
3509	0.999794
3510	0.999794
3511	0.999794
3512	0.999794
3513	0.999794
3514	0.999794
3515	0.999794
3516	0.999794
3517	0.999794
3518	0.999794
3519	0.999794
3520	0.999794
3521	0.999794
3522	0.999794
3523	0.999794
3524	0.999794
3525	0.999794
3526	0.999794
3527	0.999794
3528	0.999794
3529	0.999794
3530	0.999794
3531	0.999794
3532	0.999794
3533	0.999794
3534	0.999794
3535	0.999794
3536	0.999794
3537	0.999794
3538	0.999794
3539	0.999794
3540	0.999794
3541	0.999794
3542	0.999794
3543	0.999794
3544	0.999794
3545	0.999794
3546	0.999794
3547	0.999794
3548	0.999794
3549	0.999794
3550	0.999794
3551	0.999794
3552	0.999794
3553	0.999794
3554	0.999794
3555	0.999794
3556	0.999794
3557	0.999794
3558	0.999794
3559	0.999794
3560	0.999794
3561	0.999794
3562	0.999794
3563	0.999794
3564	0.999794
3565	0.999794
3566	0.999794
3567	0.999794
3568	0.999794
3569	0.999794
3570	0.999794
3571	0.999794
3572	0.999794
3573	0.999794
3574	0.999794
3575	0.999794
3576	0.999794
3577	0.999794
3578	0.999794
3579	0.999794
3580	0.999794
3581	0.999794
3582	0.999794
3583	0.999794
3584	0.999794
3585	0.999794
3586	0.999795
3587	0.999795
3588	0.999795
3589	0.999795
3590	0.999795
3591	0.999795
3592	0.999795
3593	0.999795
3594	0.999795
3595	0.999795
3596	0.999795
3597	0.999795
3598	0.999795
3599	0.999795
3600	0.999795
3601	0.999795
3602	0.999795
3603	0.999795
3604	0.999795
3605	0.999795
3606	0.999795
3607	0.999795
3608	0.999795
3609	0.999795
3610	0.999795
3611	0.999795
3612	0.999795
3613	0.999795
3614	0.999795
3615	0.999795
3616	0.999795
3617	0.999795
3618	0.999795
3619	0.999795
3620	0.999795
3621	0.999795
3622	0.999795
3623	0.999795
3624	0.999795
3625	0.999795
3626	0.999795
3627	0.999795
3628	0.999795
3629	0.999795
3630	0.999795
3631	0.999795
3632	0.999795
3633	0.999795
3634	0.999795
3635	0.999795
3636	0.999795
3637	0.999795
3638	0.999795
3639	0.999795
3640	0.999795
3641	0.999795
3642	0.999795
3643	0.999795
3644	0.999795
3645	0.999795
3646	0.999795
3647	0.999795
3648	0.999795
3649	0.999795
3650	0.999795
3651	0.999795
3652	0.999795
3653	0.999795
3654	0.999795
3655	0.999795
3656	0.999795
3657	0.999795
3658	0.999795
3659	0.999795
3660	0.999795
3661	0.999795
3662	0.999795
3663	0.999795
3664	0.999795
3665	0.999795
3666	0.999795
3667	0.999795
3668	0.999795
3669	0.999795
3670	0.999795
3671	0.999795
3672	0.999795
3673	0.999795
3674	0.999795
3675	0.999795
3676	0.999795
3677	0.999795
3678	0.999795
3679	0.999795
3680	0.999796
3681	0.999796
3682	0.999796
3683	0.999796
3684	0.999796
3685	0.999796
3686	0.999796
3687	0.999796
3688	0.999796
3689	0.999796
3690	0.999796
3691	0.999796
3692	0.999796
3693	0.999796
3694	0.999796
3695	0.999796
3696	0.999796
3697	0.999796
3698	0.999796
3699	0.999796
3700	0.999796
3701	0.999796
3702	0.999796
3703	0.999796
3704	0.999796
3705	0.999796
3706	0.999796
3707	0.999796
3708	0.999796
3709	0.999796
3710	0.999796
3711	0.999796
3712	0.999796
3713	0.999796
3714	0.999796
3715	0.999796
3716	0.999796
3717	0.999796
3718	0.999796
3719	0.999796
3720	0.999796
3721	0.999796
3722	0.999796
3723	0.999796
3724	0.999796
3725	0.999796
3726	0.999796
3727	0.999796
3728	0.999796
3729	0.999796
3730	0.999796
3731	0.999796
3732	0.999796
3733	0.999796
3734	0.999796
3735	0.999796
3736	0.999796
3737	0.999796
3738	0.999796
3739	0.999796
3740	0.999796
3741	0.999796
3742	0.999796
3743	0.999796
3744	0.999796
3745	0.999796
3746	0.999796
3747	0.999796
3748	0.999796
3749	0.999796
3750	0.999796
3751	0.999796
3752	0.999796
3753	0.999796
3754	0.999796
3755	0.999796
3756	0.999796
3757	0.999796
3758	0.999796
3759	0.999796
3760	0.999796
3761	0.999796
3762	0.999796
3763	0.999796
3764	0.999796
3765	0.999796
3766	0.999796
3767	0.999796
3768	0.999796
3769	0.999796
3770	0.999796
3771	0.999796
3772	0.999796
3773	0.999796
3774	0.999796
3775	0.999797
3776	0.999797
3777	0.999797
3778	0.999797
3779	0.999797
3780	0.999797
3781	0.999797
3782	0.999797
3783	0.999797
3784	0.999797
3785	0.999797
3786	0.999797
3787	0.999797
3788	0.999797
3789	0.999797
3790	0.999797
3791	0.999797
3792	0.999797
3793	0.999797
3794	0.999797
3795	0.999797
3796	0.999797
3797	0.999797
3798	0.999797
3799	0.999797
3800	0.999797
3801	0.999797
3802	0.999797
3803	0.999797
3804	0.999797
3805	0.999797
3806	0.999797
3807	0.999797
3808	0.999797
3809	0.999797
3810	0.999797
3811	0.999797
3812	0.999797
3813	0.999797
3814	0.999797
3815	0.999797
3816	0.999797
3817	0.999797
3818	0.999797
3819	0.999797
3820	0.999797
3821	0.999797
3822	0.999797
3823	0.999797
3824	0.999797
3825	0.999797
3826	0.999797
3827	0.999797
3828	0.999797
3829	0.999797
3830	0.999797
3831	0.999797
3832	0.999797
3833	0.999797
3834	0.999797
3835	0.999797
3836	0.999797
3837	0.999797
3838	0.999797
3839	0.999797
3840	0.999797
3841	0.999797
3842	0.999797
3843	0.999797
3844	0.999797
3845	0.999797
3846	0.999797
3847	0.999797
3848	0.999797
3849	0.999797
3850	0.999797
3851	0.999797
3852	0.999797
3853	0.999797
3854	0.999797
3855	0.999797
3856	0.999797
3857	0.999797
3858	0.999797
3859	0.999797
3860	0.999797
3861	0.999797
3862	0.999797
3863	0.999797
3864	0.999797
3865	0.999797
3866	0.999797
3867	0.999797
3868	0.999797
3869	0.999797
3870	0.999797
3871	0.999798
3872	0.999798
3873	0.999798
3874	0.999798
3875	0.999798
3876	0.999798
3877	0.999798
3878	0.999798
3879	0.999798
3880	0.999798
3881	0.999798
3882	0.999798
3883	0.999798
3884	0.999798
3885	0.999798
3886	0.999798
3887	0.999798
3888	0.999798
3889	0.999798
3890	0.999798
3891	0.999798
3892	0.999798
3893	0.999798
3894	0.999798
3895	0.999798
3896	0.999798
3897	0.999798
3898	0.999798
3899	0.999798
3900	0.999798
3901	0.999798
3902	0.999798
3903	0.999798
3904	0.999798
3905	0.999798
3906	0.999798
3907	0.999798
3908	0.999798
3909	0.999798
3910	0.999798
3911	0.999798
3912	0.999798
3913	0.999798
3914	0.999798
3915	0.999798
3916	0.999798
3917	0.999798
3918	0.999798
3919	0.999798
3920	0.999798
3921	0.999798
3922	0.999798
3923	0.999798
3924	0.999798
3925	0.999798
3926	0.999798
3927	0.999798
3928	0.999798
3929	0.999798
3930	0.999798
3931	0.999798
3932	0.999798
3933	0.999798
3934	0.999798
3935	0.999798
3936	0.999798
3937	0.999798
3938	0.999798
3939	0.999798
3940	0.999798
3941	0.999798
3942	0.999798
3943	0.999798
3944	0.999798
3945	0.999798
3946	0.999798
3947	0.999798
3948	0.999798
3949	0.999798
3950	0.999798
3951	0.999798
3952	0.999798
3953	0.999798
3954	0.999798
3955	0.999798
3956	0.999798
3957	0.999798
3958	0.999798
3959	0.999798
3960	0.999798
3961	0.999798
3962	0.999798
3963	0.999798
3964	0.999798
3965	0.999798
3966	0.999798
3967	0.999798
3968	0.999799
3969	0.999799
3970	0.999799
3971	0.999799
3972	0.999799
3973	0.999799
3974	0.999799
3975	0.999799
3976	0.999799
3977	0.999799
3978	0.999799
3979	0.999799
3980	0.999799
3981	0.999799
3982	0.999799
3983	0.999799
3984	0.999799
3985	0.999799
3986	0.999799
3987	0.999799
3988	0.999799
3989	0.999799
3990	0.999799
3991	0.999799
3992	0.999799
3993	0.999799
3994	0.999799
3995	0.999799
3996	0.999799
3997	0.999799
3998	0.999799
3999	0.999799
4000	0.999799
4001	0.999799
4002	0.999799
4003	0.999799
4004	0.999799
4005	0.999799
4006	0.999799
4007	0.999799
4008	0.999799
4009	0.999799
4010	0.999799
4011	0.999799
4012	0.999799
4013	0.999799
4014	0.999799
4015	0.999799
4016	0.999799
4017	0.999799
4018	0.999799
4019	0.999799
4020	0.999799
4021	0.999799
4022	0.999799
4023	0.999799
4024	0.999799
4025	0.999799
4026	0.999799
4027	0.999799
4028	0.999799
4029	0.999799
4030	0.999799
4031	0.999799
4032	0.999799
4033	0.999799
4034	0.999799
4035	0.999799
4036	0.999799
4037	0.999799
4038	0.999799
4039	0.999799
4040	0.999799
4041	0.999799
4042	0.999799
4043	0.999799
4044	0.999799
4045	0.999799
4046	0.999799
4047	0.999799
4048	0.999799
4049	0.999799
4050	0.999799
4051	0.999799
4052	0.999799
4053	0.999799
4054	0.999799
4055	0.999799
4056	0.999799
4057	0.999799
4058	0.999799
4059	0.999799
4060	0.999799
4061	0.999799
4062	0.999799
4063	0.999799
4064	0.999799
4065	0.999799
4066	0.9998
4067	0.9998
4068	0.9998
4069	0.9998
4070	0.9998
4071	0.9998
4072	0.9998
4073	0.9998
4074	0.9998
4075	0.9998
4076	0.9998
4077	0.9998
4078	0.9998
4079	0.9998
4080	0.9998
4081	0.9998
4082	0.9998
4083	0.9998
4084	0.9998
4085	0.9998
4086	0.9998
4087	0.9998
4088	0.9998
4089	0.9998
4090	0.9998
4091	0.9998
4092	0.9998
4093	0.9998
4094	0.9998
4095	0.9998
4096	0.9998
4097	0.9998
4098	0.9998
4099	0.9998
4100	0.9998
4101	0.9998
4102	0.9998
4103	0.9998
4104	0.9998
4105	0.9998
4106	0.9998
4107	0.9998
4108	0.9998
4109	0.9998
4110	0.9998
4111	0.9998
4112	0.9998
4113	0.9998
4114	0.9998
4115	0.9998
4116	0.9998
4117	0.9998
4118	0.9998
4119	0.9998
4120	0.9998
4121	0.9998
4122	0.9998
4123	0.9998
4124	0.9998
4125	0.9998
4126	0.9998
4127	0.9998
4128	0.9998
4129	0.9998
4130	0.9998
4131	0.9998
4132	0.9998
4133	0.9998
4134	0.9998
4135	0.9998
4136	0.9998
4137	0.9998
4138	0.9998
4139	0.9998
4140	0.9998
4141	0.9998
4142	0.9998
4143	0.9998
4144	0.9998
4145	0.9998
4146	0.9998
4147	0.9998
4148	0.9998
4149	0.9998
4150	0.9998
4151	0.9998
4152	0.9998
4153	0.9998
4154	0.9998
4155	0.9998
4156	0.9998
4157	0.9998
4158	0.9998
4159	0.9998
4160	0.9998
4161	0.9998
4162	0.9998
4163	0.9998
4164	0.9998
4165	0.999801
4166	0.999801
4167	0.999801
4168	0.999801
4169	0.999801
4170	0.999801
4171	0.999801
4172	0.999801
4173	0.999801
4174	0.999801
4175	0.999801
4176	0.999801
4177	0.999801
4178	0.999801
4179	0.999801
4180	0.999801
4181	0.999801
4182	0.999801
4183	0.999801
4184	0.999801
4185	0.999801
4186	0.999801
4187	0.999801
4188	0.999801
4189	0.999801
4190	0.999801
4191	0.999801
4192	0.999801
4193	0.999801
4194	0.999801
4195	0.999801
4196	0.999801
4197	0.999801
4198	0.999801
4199	0.999801
4200	0.999801
4201	0.999801
4202	0.999801
4203	0.999801
4204	0.999801
4205	0.999801
4206	0.999801
4207	0.999801
4208	0.999801
4209	0.999801
4210	0.999801
4211	0.999801
4212	0.999801
4213	0.999801
4214	0.999801
4215	0.999801
4216	0.999801
4217	0.999801
4218	0.999801
4219	0.999801
4220	0.999801
4221	0.999801
4222	0.999801
4223	0.999801
4224	0.999801
4225	0.999801
4226	0.999801
4227	0.999801
4228	0.999801
4229	0.999801
4230	0.999801
4231	0.999801
4232	0.999801
4233	0.999801
4234	0.999801
4235	0.999801
4236	0.999801
4237	0.999801
4238	0.999801
4239	0.999801
4240	0.999801
4241	0.999801
4242	0.999801
4243	0.999801
4244	0.999801
4245	0.999801
4246	0.999801
4247	0.999801
4248	0.999801
4249	0.999801
4250	0.999801
4251	0.999801
4252	0.999801
4253	0.999801
4254	0.999801
4255	0.999801
4256	0.999801
4257	0.999801
4258	0.999801
4259	0.999801
4260	0.999801
4261	0.999801
4262	0.999801
4263	0.999801
4264	0.999801
4265	0.999802
4266	0.999802
4267	0.999802
4268	0.999802
4269	0.999802
4270	0.999802
4271	0.999802
4272	0.999802
4273	0.999802
4274	0.999802
4275	0.999802
4276	0.999802
4277	0.999802
4278	0.999802
4279	0.999802
4280	0.999802
4281	0.999802
4282	0.999802
4283	0.999802
4284	0.999802
4285	0.999802
4286	0.999802
4287	0.999802
4288	0.999802
4289	0.999802
4290	0.999802
4291	0.999802
4292	0.999802
4293	0.999802
4294	0.999802
4295	0.999802
4296	0.999802
4297	0.999802
4298	0.999802
4299	0.999802
4300	0.999802
4301	0.999802
4302	0.999802
4303	0.999802
4304	0.999802
4305	0.999802
4306	0.999802
4307	0.999802
4308	0.999802
4309	0.999802
4310	0.999802
4311	0.999802
4312	0.999802
4313	0.999802
4314	0.999802
4315	0.999802
4316	0.999802
4317	0.999802
4318	0.999802
4319	0.999802
4320	0.999802
4321	0.999802
4322	0.999802
4323	0.999802
4324	0.999802
4325	0.999802
4326	0.999802
4327	0.999802
4328	0.999802
4329	0.999802
4330	0.999802
4331	0.999802
4332	0.999802
4333	0.999802
4334	0.999802
4335	0.999802
4336	0.999802
4337	0.999802
4338	0.999802
4339	0.999802
4340	0.999802
4341	0.999802
4342	0.999802
4343	0.999802
4344	0.999802
4345	0.999802
4346	0.999802
4347	0.999802
4348	0.999802
4349	0.999802
4350	0.999802
4351	0.999802
4352	0.999802
4353	0.999802
4354	0.999802
4355	0.999802
4356	0.999802
4357	0.999802
4358	0.999802
4359	0.999802
4360	0.999802
4361	0.999802
4362	0.999802
4363	0.999802
4364	0.999802
4365	0.999802
4366	0.999803
4367	0.999803
4368	0.999803
4369	0.999803
4370	0.999803
4371	0.999803
4372	0.999803
4373	0.999803
4374	0.999803
4375	0.999803
4376	0.999803
4377	0.999803
4378	0.999803
4379	0.999803
4380	0.999803
4381	0.999803
4382	0.999803
4383	0.999803
4384	0.999803
4385	0.999803
4386	0.999803
4387	0.999803
4388	0.999803
4389	0.999803
4390	0.999803
4391	0.999803
4392	0.999803
4393	0.999803
4394	0.999803
4395	0.999803
4396	0.999803
4397	0.999803
4398	0.999803
4399	0.999803
4400	0.999803
4401	0.999803
4402	0.999803
4403	0.999803
4404	0.999803
4405	0.999803
4406	0.999803
4407	0.999803
4408	0.999803
4409	0.999803
4410	0.999803
4411	0.999803
4412	0.999803
4413	0.999803
4414	0.999803
4415	0.999803
4416	0.999803
4417	0.999803
4418	0.999803
4419	0.999803
4420	0.999803
4421	0.999803
4422	0.999803
4423	0.999803
4424	0.999803
4425	0.999803
4426	0.999803
4427	0.999803
4428	0.999803
4429	0.999803
4430	0.999803
4431	0.999803
4432	0.999803
4433	0.999803
4434	0.999803
4435	0.999803
4436	0.999803
4437	0.999803
4438	0.999803
4439	0.999803
4440	0.999803
4441	0.999803
4442	0.999803
4443	0.999803
4444	0.999803
4445	0.999803
4446	0.999803
4447	0.999803
4448	0.999803
4449	0.999803
4450	0.999803
4451	0.999803
4452	0.999803
4453	0.999803
4454	0.999803
4455	0.999803
4456	0.999803
4457	0.999803
4458	0.999803
4459	0.999803
4460	0.999803
4461	0.999803
4462	0.999803
4463	0.999803
4464	0.999803
4465	0.999803
4466	0.999803
4467	0.999803
4468	0.999804
4469	0.999804
4470	0.999804
4471	0.999804
4472	0.999804
4473	0.999804
4474	0.999804
4475	0.999804
4476	0.999804
4477	0.999804
4478	0.999804
4479	0.999804
4480	0.999804
4481	0.999804
4482	0.999804
4483	0.999804
4484	0.999804
4485	0.999804
4486	0.999804
4487	0.999804
4488	0.999804
4489	0.999804
4490	0.999804
4491	0.999804
4492	0.999804
4493	0.999804
4494	0.999804
4495	0.999804
4496	0.999804
4497	0.999804
4498	0.999804
4499	0.999804
4500	0.999804
4501	0.999804
4502	0.999804
4503	0.999804
4504	0.999804
4505	0.999804
4506	0.999804
4507	0.999804
4508	0.999804
4509	0.999804
4510	0.999804
4511	0.999804
4512	0.999804
4513	0.999804
4514	0.999804
4515	0.999804
4516	0.999804
4517	0.999804
4518	0.999804
4519	0.999804
4520	0.999804
4521	0.999804
4522	0.999804
4523	0.999804
4524	0.999804
4525	0.999804
4526	0.999804
4527	0.999804
4528	0.999804
4529	0.999804
4530	0.999804
4531	0.999804
4532	0.999804
4533	0.999804
4534	0.999804
4535	0.999804
4536	0.999804
4537	0.999804
4538	0.999804
4539	0.999804
4540	0.999804
4541	0.999804
4542	0.999804
4543	0.999804
4544	0.999804
4545	0.999804
4546	0.999804
4547	0.999804
4548	0.999804
4549	0.999804
4550	0.999804
4551	0.999804
4552	0.999804
4553	0.999804
4554	0.999804
4555	0.999804
4556	0.999804
4557	0.999804
4558	0.999804
4559	0.999804
4560	0.999804
4561	0.999804
4562	0.999804
4563	0.999804
4564	0.999804
4565	0.999804
4566	0.999804
4567	0.999804
4568	0.999804
4569	0.999804
4570	0.999804
4571	0.999805
4572	0.999805
4573	0.999805
4574	0.999805
4575	0.999805
4576	0.999805
4577	0.999805
4578	0.999805
4579	0.999805
4580	0.999805
4581	0.999805
4582	0.999805
4583	0.999805
4584	0.999805
4585	0.999805
4586	0.999805
4587	0.999805
4588	0.999805
4589	0.999805
4590	0.999805
4591	0.999805
4592	0.999805
4593	0.999805
4594	0.999805
4595	0.999805
4596	0.999805
4597	0.999805
4598	0.999805
4599	0.999805
4600	0.999805
4601	0.999805
4602	0.999805
4603	0.999805
4604	0.999805
4605	0.999805
4606	0.999805
4607	0.999805
4608	0.999805
4609	0.999805
4610	0.999805
4611	0.999805
4612	0.999805
4613	0.999805
4614	0.999805
4615	0.999805
4616	0.999805
4617	0.999805
4618	0.999805
4619	0.999805
4620	0.999805
4621	0.999805
4622	0.999805
4623	0.999805
4624	0.999805
4625	0.999805
4626	0.999805
4627	0.999805
4628	0.999805
4629	0.999805
4630	0.999805
4631	0.999805
4632	0.999805
4633	0.999805
4634	0.999805
4635	0.999805
4636	0.999805
4637	0.999805
4638	0.999805
4639	0.999805
4640	0.999805
4641	0.999805
4642	0.999805
4643	0.999805
4644	0.999805
4645	0.999805
4646	0.999805
4647	0.999805
4648	0.999805
4649	0.999805
4650	0.999805
4651	0.999805
4652	0.999805
4653	0.999805
4654	0.999805
4655	0.999805
4656	0.999805
4657	0.999805
4658	0.999805
4659	0.999805
4660	0.999805
4661	0.999805
4662	0.999805
4663	0.999805
4664	0.999805
4665	0.999805
4666	0.999805
4667	0.999805
4668	0.999805
4669	0.999805
4670	0.999805
4671	0.999805
4672	0.999805
4673	0.999805
4674	0.999805
4675	0.999806
4676	0.999806
4677	0.999806
4678	0.999806
4679	0.999806
4680	0.999806
4681	0.999806
4682	0.999806
4683	0.999806
4684	0.999806
4685	0.999806
4686	0.999806
4687	0.999806
4688	0.999806
4689	0.999806
4690	0.999806
4691	0.999806
4692	0.999806
4693	0.999806
4694	0.999806
4695	0.999806
4696	0.999806
4697	0.999806
4698	0.999806
4699	0.999806
4700	0.999806
4701	0.999806
4702	0.999806
4703	0.999806
4704	0.999806
4705	0.999806
4706	0.999806
4707	0.999806
4708	0.999806
4709	0.999806
4710	0.999806
4711	0.999806
4712	0.999806
4713	0.999806
4714	0.999806
4715	0.999806
4716	0.999806
4717	0.999806
4718	0.999806
4719	0.999806
4720	0.999806
4721	0.999806
4722	0.999806
4723	0.999806
4724	0.999806
4725	0.999806
4726	0.999806
4727	0.999806
4728	0.999806
4729	0.999806
4730	0.999806
4731	0.999806
4732	0.999806
4733	0.999806
4734	0.999806
4735	0.999806
4736	0.999806
4737	0.999806
4738	0.999806
4739	0.999806
4740	0.999806
4741	0.999806
4742	0.999806
4743	0.999806
4744	0.999806
4745	0.999806
4746	0.999806
4747	0.999806
4748	0.999806
4749	0.999806
4750	0.999806
4751	0.999806
4752	0.999806
4753	0.999806
4754	0.999806
4755	0.999806
4756	0.999806
4757	0.999806
4758	0.999806
4759	0.999806
4760	0.999806
4761	0.999806
4762	0.999806
4763	0.999806
4764	0.999806
4765	0.999806
4766	0.999806
4767	0.999806
4768	0.999806
4769	0.999806
4770	0.999806
4771	0.999806
4772	0.999806
4773	0.999806
4774	0.999806
4775	0.999806
4776	0.999806
4777	0.999806
4778	0.999806
4779	0.999806
4780	0.999806
4781	0.999807
4782	0.999807
4783	0.999807
4784	0.999807
4785	0.999807
4786	0.999807
4787	0.999807
4788	0.999807
4789	0.999807
4790	0.999807
4791	0.999807
4792	0.999807
4793	0.999807
4794	0.999807
4795	0.999807
4796	0.999807
4797	0.999807
4798	0.999807
4799	0.999807
4800	0.999807
4801	0.999807
4802	0.999807
4803	0.999807
4804	0.999807
4805	0.999807
4806	0.999807
4807	0.999807
4808	0.999807
4809	0.999807
4810	0.999807
4811	0.999807
4812	0.999807
4813	0.999807
4814	0.999807
4815	0.999807
4816	0.999807
4817	0.999807
4818	0.999807
4819	0.999807
4820	0.999807
4821	0.999807
4822	0.999807
4823	0.999807
4824	0.999807
4825	0.999807
4826	0.999807
4827	0.999807
4828	0.999807
4829	0.999807
4830	0.999807
4831	0.999807
4832	0.999807
4833	0.999807
4834	0.999807
4835	0.999807
4836	0.999807
4837	0.999807
4838	0.999807
4839	0.999807
4840	0.999807
4841	0.999807
4842	0.999807
4843	0.999807
4844	0.999807
4845	0.999807
4846	0.999807
4847	0.999807
4848	0.999807
4849	0.999807
4850	0.999807
4851	0.999807
4852	0.999807
4853	0.999807
4854	0.999807
4855	0.999807
4856	0.999807
4857	0.999807
4858	0.999807
4859	0.999807
4860	0.999807
4861	0.999807
4862	0.999807
4863	0.999807
4864	0.999807
4865	0.999807
4866	0.999807
4867	0.999807
4868	0.999807
4869	0.999807
4870	0.999807
4871	0.999807
4872	0.999807
4873	0.999807
4874	0.999807
4875	0.999807
4876	0.999807
4877	0.999807
4878	0.999807
4879	0.999807
4880	0.999807
4881	0.999807
4882	0.999807
4883	0.999807
4884	0.999807
4885	0.999807
4886	0.999807
4887	0.999808
4888	0.999808
4889	0.999808
4890	0.999808
4891	0.999808
4892	0.999808
4893	0.999808
4894	0.999808
4895	0.999808
4896	0.999808
4897	0.999808
4898	0.999808
4899	0.999808
4900	0.999808
4901	0.999808
4902	0.999808
4903	0.999808
4904	0.999808
4905	0.999808
4906	0.999808
4907	0.999808
4908	0.999808
4909	0.999808
4910	0.999808
4911	0.999808
4912	0.999808
4913	0.999808
4914	0.999808
4915	0.999808
4916	0.999808
4917	0.999808
4918	0.999808
4919	0.999808
4920	0.999808
4921	0.999808
4922	0.999808
4923	0.999808
4924	0.999808
4925	0.999808
4926	0.999808
4927	0.999808
4928	0.999808
4929	0.999808
4930	0.999808
4931	0.999808
4932	0.999808
4933	0.999808
4934	0.999808
4935	0.999808
4936	0.999808
4937	0.999808
4938	0.999808
4939	0.999808
4940	0.999808
4941	0.999808
4942	0.999808
4943	0.999808
4944	0.999808
4945	0.999808
4946	0.999808
4947	0.999808
4948	0.999808
4949	0.999808
4950	0.999808
4951	0.999808
4952	0.999808
4953	0.999808
4954	0.999808
4955	0.999808
4956	0.999808
4957	0.999808
4958	0.999808
4959	0.999808
4960	0.999808
4961	0.999808
4962	0.999808
4963	0.999808
4964	0.999808
4965	0.999808
4966	0.999808
4967	0.999808
4968	0.999808
4969	0.999808
4970	0.999808
4971	0.999808
4972	0.999808
4973	0.999808
4974	0.999808
4975	0.999808
4976	0.999808
4977	0.999808
4978	0.999808
4979	0.999808
4980	0.999808
4981	0.999808
4982	0.999808
4983	0.999808
4984	0.999808
4985	0.999808
4986	0.999808
4987	0.999808
4988	0.999808
4989	0.999808
4990	0.999808
4991	0.999808
4992	0.999808
4993	0.999808
4994	0.999809
4995	0.999809
4996	0.999809
4997	0.999809
4998	0.999809
4999	0.999809
5000	0.999809
