0	0.01
1	0.0163965
2	0.0276852
3	0.0408604
4	0.0590532
5	0.112899
6	0.171668
7	0.233333
8	0.276159
9	0.313737
10	0.298421
11	0.308827
12	0.289518
13	0.260433
14	0.227287
15	0.198073
16	0.167272
17	0.143544
18	0.12092
19	0.101026
20	0.0845026
21	0.071556
22	0.0600012
23	0.0495309
24	0.0411075
25	0.0346402
26	0.0291326
27	0.0245275
28	0.0201306
29	0.016637
30	0.0139912
31	0.0117558
32	0.00991777
33	0.00853729
34	0.00727792
35	0.00611444
36	0.00527862
37	0.00452527
38	0.00393944
39	0.00343925
40	0.00296944
41	0.0025799
42	0.00226655
43	0.00192947
44	0.00166089
45	0.00148172
46	0.00130928
47	0.00118281
48	0.00102639
49	0.000891074
50	0.000784138
51	0.000693688
52	0.000619584
53	0.000554985
54	0.000486753
55	0.000457879
56	0.0004263
57	0.000404613
58	0.00037133
59	0.00035013
60	0.00031367
61	0.000282167
62	0.000266799
63	0.000252428
64	0.000236031
65	0.000215322
66	0.000205151
67	0.000196269
68	0.00018035
69	0.000162999
70	0.000160415
71	0.000147692
72	0.000135483
73	0.000123817
74	0.000116826
75	0.00010746
76	0.000101842
77	9.62698e-05
78	9.14472e-05
79	8.48988e-05
80	7.90498e-05
81	7.31484e-05
82	7.03266e-05
83	6.95306e-05
84	6.55842e-05
85	6.67895e-05
86	6.37017e-05
87	6.3374e-05
88	5.83717e-05
89	5.98498e-05
90	6.49149e-05
91	6.43331e-05
92	6.25138e-05
93	6.67861e-05
94	6.42868e-05
95	6.99923e-05
96	6.75393e-05
97	7.01621e-05
98	7.22023e-05
99	7.30799e-05
100	7.70092e-05
101	8.23853e-05
102	8.34149e-05
103	8.11799e-05
104	7.92615e-05
105	8.18034e-05
106	8.14662e-05
107	8.03199e-05
108	8.32041e-05
109	9.55126e-05
110	0.000103106
111	0.000110855
112	0.000120673
113	0.000120164
114	0.000116122
115	0.000119102
116	0.000126731
117	0.000133583
118	0.000141793
119	0.000152052
120	0.000158885
121	0.000156296
122	0.00016866
123	0.000198766
124	0.000204227
125	0.000231849
126	0.000237313
127	0.000260165
128	0.000294615
129	0.000331651
130	0.000344848
131	0.000348117
132	0.000368592
133	0.000406625
134	0.000441964
135	0.000464541
136	0.000500876
137	0.000580648
138	0.000659107
139	0.000712995
140	0.00073153
141	0.000745892
142	0.000839179
143	0.00100362
144	0.00124463
145	0.0014138
146	0.00144124
147	0.0017972
148	0.00212934
149	0.00265087
150	0.00302018
151	0.00352453
152	0.00418613
153	0.00497253
154	0.00565718
155	0.00645331
156	0.00773886
157	0.00850815
158	0.0111361
159	0.0126764
160	0.0155421
161	0.0179859
162	0.0199782
163	0.021308
164	0.0250962
165	0.0278676
166	0.0312345
167	0.0380566
168	0.0422844
169	0.0458352
170	0.0482325
171	0.0560223
172	0.0551809
173	0.053544
174	0.0532795
175	0.056036
176	0.0548205
177	0.0552889
178	0.0561462
179	0.0603162
180	0.0583811
181	0.0558996
182	0.0540755
183	0.0512015
184	0.0462724
185	0.0421367
186	0.0387267
187	0.0373065
188	0.035445
189	0.031611
190	0.0295217
191	0.0268562
192	0.0245836
193	0.0231335
194	0.0211569
195	0.0185134
196	0.0178529
197	0.0161239
198	0.0148804
199	0.0135258
200	0.0128595
201	0.0117236
202	0.0117878
203	0.011753
204	0.0105273
205	0.00966873
206	0.00896356
207	0.00847806
208	0.00794503
209	0.00733689
210	0.00693326
211	0.00668337
212	0.0062445
213	0.0059819
214	0.00569305
215	0.00549674
216	0.00525216
217	0.00479802
218	0.00441182
219	0.00423947
220	0.00395249
221	0.00371441
222	0.00367866
223	0.00382149
224	0.00378963
225	0.00337726
226	0.00352183
227	0.00320224
228	0.0030275
229	0.00297613
230	0.00279918
231	0.00270135
232	0.0026918
233	0.00271314
234	0.00313137
235	0.00309097
236	0.00297869
237	0.00290209
238	0.00298145
239	0.00285194
240	0.00311663
241	0.00312001
242	0.00318756
243	0.00304115
244	0.00313064
245	0.00303301
246	0.00329671
247	0.00341118
248	0.00333616
249	0.00328176
250	0.0036361
251	0.00380071
252	0.00432207
253	0.00446656
254	0.0044397
255	0.00456123
256	0.00490374
257	0.00454562
258	0.00435687
259	0.00435391
260	0.00433286
261	0.00422369
262	0.00408492
263	0.00441792
264	0.00453272
265	0.00457682
266	0.00503835
267	0.00523128
268	0.00513695
269	0.00572621
270	0.00658394
271	0.00675543
272	0.00717002
273	0.00768979
274	0.00857445
275	0.00997378
276	0.0103382
277	0.010335
278	0.010663
279	0.0108012
280	0.0110468
281	0.0114106
282	0.0129458
283	0.0130225
284	0.0130814
285	0.0143398
286	0.0144079
287	0.0143475
288	0.0149439
289	0.014602
290	0.015184
291	0.0167869
292	0.0172664
293	0.0185414
294	0.0191578
295	0.0183672
296	0.0180801
297	0.0183613
298	0.0191648
299	0.0195773
300	0.022479
301	0.0238172
302	0.0222029
303	0.0256837
304	0.0253832
305	0.0261497
306	0.0269264
307	0.0287232
308	0.0298892
309	0.0325564
310	0.0314731
311	0.0325659
312	0.0330097
313	0.0328717
314	0.0315844
315	0.0314539
316	0.033398
317	0.0328402
318	0.0333542
319	0.0321038
320	0.0315445
321	0.0315225
322	0.0295423
323	0.0278612
324	0.0266563
325	0.0248764
326	0.0245461
327	0.0227096
328	0.0216318
329	0.0203695
330	0.0185947
331	0.0176633
332	0.0173071
333	0.0175488
334	0.0162654
335	0.015386
336	0.0141729
337	0.0135332
338	0.0130339
339	0.0129873
340	0.0120964
341	0.0116367
342	0.0108071
343	0.0100401
344	0.00949556
345	0.00885704
346	0.00865174
347	0.00833193
348	0.00759252
349	0.00730504
350	0.00699202
351	0.00694333
352	0.00671462
353	0.00663482
354	0.00619902
355	0.00623298
356	0.00619211
357	0.00618688
358	0.00604576
359	0.00582528
360	0.00552142
361	0.00525342
362	0.00530521
363	0.00528168
364	0.00537309
365	0.00541839
366	0.0055954
367	0.00542917
368	0.0053114
369	0.00511698
370	0.00494565
371	0.00511725
372	0.00512111
373	0.0051722
374	0.00582636
375	0.00565349
376	0.0059699
377	0.00555522
378	0.00541955
379	0.00530716
380	0.00548842
381	0.00541412
382	0.00566496
383	0.00657373
384	0.00694196
385	0.00805536
386	0.00751137
387	0.00772263
388	0.00828633
389	0.00896143
390	0.00964488
391	0.0103463
392	0.0100656
393	0.0109853
394	0.0115684
395	0.0113091
396	0.011809
397	0.012126
398	0.012889
399	0.0135217
400	0.014828
401	0.0145287
402	0.0152634
403	0.015583
404	0.0161478
405	0.0168533
406	0.0154597
407	0.0147717
408	0.0155927
409	0.0160464
410	0.0168005
411	0.0167721
412	0.0181901
413	0.0171133
414	0.0164609
415	0.0169777
416	0.017207
417	0.0166175
418	0.0182265
419	0.0196705
420	0.0208944
421	0.0206051
422	0.0207787
423	0.0199523
424	0.0197531
425	0.0205237
426	0.0200438
427	0.0212423
428	0.0205258
429	0.0193257
430	0.0189015
431	0.0181968
432	0.0171663
433	0.016354
434	0.017809
435	0.0177884
436	0.0165146
437	0.015599
438	0.0151534
439	0.0157394
440	0.0150594
441	0.0157933
442	0.0156373
443	0.0170055
444	0.0162282
445	0.0163853
446	0.016295
447	0.0165588
448	0.0155056
449	0.0156329
450	0.0149063
451	0.0150918
452	0.014448
453	0.0131281
454	0.0129395
455	0.0120608
456	0.011882
457	0.0110522
458	0.0108498
459	0.0113402
460	0.0106957
461	0.00993623
462	0.00945254
463	0.00976111
464	0.0108778
465	0.0111503
466	0.0102881
467	0.0106546
468	0.0101705
469	0.0102856
470	0.00998553
471	0.00986087
472	0.00993023
473	0.0102844
474	0.00995815
475	0.00970751
476	0.00985619
477	0.00977326
478	0.00975441
479	0.00934243
480	0.00986573
481	0.0105227
482	0.0102402
483	0.00962533
484	0.00971216
485	0.00966863
486	0.00970206
487	0.0102851
488	0.00988025
489	0.0100801
490	0.00974401
491	0.00963106
492	0.00917078
493	0.00909588
494	0.00959921
495	0.00962257
496	0.00956488
497	0.00977009
498	0.0105542
499	0.011329
500	0.0107626
501	0.0107274
502	0.0105212
503	0.0109707
504	0.0111443
505	0.0108564
506	0.0105943
507	0.0103414
508	0.0103773
509	0.0104073
510	0.0100334
511	0.00994485
512	0.00988239
513	0.0111774
514	0.0108685
515	0.0111343
516	0.0111196
517	0.0119734
518	0.0128135
519	0.0133788
520	0.013154
521	0.0140695
522	0.0137817
523	0.0137955
524	0.014743
525	0.0149349
526	0.015346
527	0.0152573
528	0.0152268
529	0.0153769
530	0.0150103
531	0.0142003
532	0.0146691
533	0.015491
534	0.0154646
535	0.0150467
536	0.0149009
537	0.0149442
538	0.0153572
539	0.0152293
540	0.014674
541	0.0150074
542	0.0145234
543	0.0154542
544	0.0148126
545	0.0146577
546	0.0143986
547	0.0147326
548	0.0155949
549	0.01553
550	0.0164923
551	0.0161283
552	0.0156648
553	0.0154167
554	0.014932
555	0.015793
556	0.0173344
557	0.0168633
558	0.0172235
559	0.0183719
560	0.0174451
561	0.0159123
562	0.0163411
563	0.0162857
564	0.0158286
565	0.0156512
566	0.0165288
567	0.0171306
568	0.0171811
569	0.0171688
570	0.0160004
571	0.0148022
572	0.0152869
573	0.0151128
574	0.0151863
575	0.0140715
576	0.0136521
577	0.0128107
578	0.0124635
579	0.0123794
580	0.0121823
581	0.0116382
582	0.0117965
583	0.0119024
584	0.0114479
585	0.0121061
586	0.011999
587	0.0123384
588	0.0127187
589	0.0122827
590	0.0132256
591	0.0141246
592	0.0138143
593	0.0131971
594	0.0125555
595	0.0122839
596	0.0122297
597	0.0119694
598	0.0115815
599	0.0111603
600	0.0104234
601	0.0110479
602	0.0111577
603	0.0113742
604	0.0112667
605	0.0107639
606	0.0103004
607	0.0101317
608	0.0101459
609	0.00914171
610	0.00954045
611	0.00946057
612	0.0103089
613	0.0114795
614	0.0121347
615	0.0116577
616	0.0123136
617	0.0125178
618	0.0123323
619	0.0126787
620	0.0122933
621	0.0127953
622	0.0122702
623	0.0127789
624	0.0123191
625	0.0120293
626	0.0120789
627	0.012226
628	0.0120599
629	0.0121085
630	0.0120109
631	0.0120032
632	0.0122552
633	0.012681
634	0.0121983
635	0.0118607
636	0.0121936
637	0.0122751
638	0.0120352
639	0.0124924
640	0.0121784
641	0.0117497
642	0.0125495
643	0.0125936
644	0.0126974
645	0.0125675
646	0.0121713
647	0.0129037
648	0.0128464
649	0.0122554
650	0.012089
651	0.0113471
652	0.0116028
653	0.0114709
654	0.0120023
655	0.0121196
656	0.0123632
657	0.0135506
658	0.0129584
659	0.0124649
660	0.0129574
661	0.0125267
662	0.0121723
663	0.0115641
664	0.0113264
665	0.0107916
666	0.0115175
667	0.0123915
668	0.0121416
669	0.0123055
670	0.0117614
671	0.0119927
672	0.0117295
673	0.0122882
674	0.0134851
675	0.0143791
676	0.0139218
677	0.0139746
678	0.0128251
679	0.0123691
680	0.0129319
681	0.0133007
682	0.0132239
683	0.0122095
684	0.0119063
685	0.0120063
686	0.0116726
687	0.0116126
688	0.0118759
689	0.0124156
690	0.0126499
691	0.0130377
692	0.0143798
693	0.0154575
694	0.0151175
695	0.0150024
696	0.014007
697	0.013577
698	0.012948
699	0.0140599
700	0.0135662
701	0.0139478
702	0.0138202
703	0.0146877
704	0.0138749
705	0.0145952
706	0.0137363
707	0.0143831
708	0.0142064
709	0.0143008
710	0.0149884
711	0.0157217
712	0.0155444
713	0.0161926
714	0.0162403
715	0.0168307
716	0.0163537
717	0.0166455
718	0.017375
719	0.0180569
720	0.0175954
721	0.0171183
722	0.0185386
723	0.018567
724	0.0179246
725	0.0169369
726	0.0165976
727	0.0157605
728	0.0148096
729	0.0144131
730	0.0148842
731	0.0158131
732	0.0146489
733	0.0138725
734	0.0133642
735	0.0131555
736	0.0136442
737	0.0129467
738	0.0128337
739	0.0141008
740	0.0139825
741	0.0135297
742	0.0138439
743	0.0142389
744	0.0139298
745	0.0137843
746	0.0130873
747	0.0129068
748	0.0122955
749	0.0118271
750	0.0120484
751	0.0123357
752	0.0125993
753	0.0118793
754	0.0114264
755	0.011914
756	0.0121072
757	0.0117353
758	0.0112465
759	0.0112983
760	0.0108066
761	0.0113757
762	0.0105958
763	0.0106735
764	0.0114368
765	0.0120366
766	0.0125731
767	0.0123775
768	0.0120741
769	0.0122144
770	0.011976
771	0.0125611
772	0.0121693
773	0.0125543
774	0.0117962
775	0.0121368
776	0.0117899
777	0.0121692
778	0.0114051
779	0.0111206
780	0.0106733
781	0.0106265
782	0.0107341
783	0.0104201
784	0.0104965
785	0.010993
786	0.0115669
787	0.011321
788	0.0120428
789	0.0132403
790	0.0126952
791	0.0126552
792	0.0130059
793	0.0136747
794	0.0143782
795	0.0149591
796	0.0148485
797	0.0143277
798	0.0135128
799	0.0137965
800	0.013996
801	0.0137406
802	0.0149372
803	0.0146761
804	0.0147013
805	0.0155316
806	0.0156669
807	0.0167537
808	0.0164086
809	0.0180014
810	0.0177077
811	0.0170578
812	0.0172228
813	0.017715
814	0.0180584
815	0.0171147
816	0.0166816
817	0.0164275
818	0.0169332
819	0.0175158
820	0.0174175
821	0.018266
822	0.0196205
823	0.019774
824	0.0206896
825	0.0216215
826	0.0217687
827	0.0221914
828	0.0209059
829	0.0208341
830	0.0205798
831	0.0195814
832	0.0195289
833	0.0186565
834	0.0176312
835	0.0171923
836	0.0164667
837	0.0155996
838	0.0153044
839	0.0152427
840	0.0155814
841	0.0149554
842	0.0145121
843	0.0134774
844	0.0124869
845	0.0121136
846	0.0113798
847	0.0108623
848	0.0100628
849	0.0102857
850	0.0101801
851	0.0101207
852	0.00949259
853	0.00901443
854	0.00896237
855	0.00895031
856	0.00884575
857	0.00872224
858	0.00810457
859	0.00809924
860	0.00790074
861	0.00764234
862	0.00837219
863	0.00833219
864	0.00786666
865	0.00811927
866	0.00835469
867	0.00844935
868	0.00853411
869	0.0086018
870	0.00878826
871	0.0086985
872	0.00926712
873	0.00910515
874	0.0096195
875	0.0106432
876	0.0103213
877	0.0109939
878	0.0112039
879	0.0113372
880	0.010975
881	0.0107531
882	0.010234
883	0.00969762
884	0.00939923
885	0.00918341
886	0.00934928
887	0.00879528
888	0.00887378
889	0.00931473
890	0.00996616
891	0.00963901
892	0.00954346
893	0.0096328
894	0.00921365
895	0.0093015
896	0.00896027
897	0.00847625
898	0.00851053
899	0.00891747
900	0.00936081
901	0.00987625
902	0.0103502
903	0.0101394
904	0.00978274
905	0.00962044
906	0.0100678
907	0.0104586
908	0.00985342
909	0.0102026
910	0.0105746
911	0.0105116
912	0.0104318
913	0.0111897
914	0.0119686
915	0.0118968
916	0.0115883
917	0.0114017
918	0.0112149
919	0.0114905
920	0.0108693
921	0.0110854
922	0.0117615
923	0.0122008
924	0.0125723
925	0.0116867
926	0.0112879
927	0.0123607
928	0.0131781
929	0.0125161
930	0.0122163
931	0.0124901
932	0.0121701
933	0.0129894
934	0.0139796
935	0.0147654
936	0.0149533
937	0.0147566
938	0.0167714
939	0.0181317
940	0.016437
941	0.0168084
942	0.0159853
943	0.0175952
944	0.0170781
945	0.0173295
946	0.017424
947	0.0192485
948	0.0187933
949	0.0179586
950	0.0176249
951	0.0180433
952	0.0173121
953	0.0165878
954	0.0174583
955	0.0171601
956	0.0167808
957	0.015683
958	0.0146329
959	0.0139759
960	0.0148223
961	0.0145691
962	0.0136201
963	0.0141922
964	0.0141135
965	0.0138053
966	0.0134342
967	0.0135118
968	0.0140546
969	0.0135926
970	0.0130655
971	0.0141954
972	0.0154064
973	0.0160206
974	0.0161295
975	0.0150267
976	0.0142684
977	0.0137105
978	0.0138147
979	0.0134008
980	0.0136058
981	0.0133256
982	0.0144187
983	0.0134486
984	0.0128709
985	0.01314
986	0.01313
987	0.0131086
988	0.0120752
989	0.0128274
990	0.0135253
991	0.014137
992	0.0139077
993	0.0135036
994	0.0129279
995	0.0131314
996	0.0133144
997	0.0125635
998	0.0126677
999	0.0124361
1000	0.0131446
1001	0.0130436
1002	0.0123949
1003	0.0118624
1004	0.0115069
1005	0.0109197
1006	0.0104643
1007	0.0100696
1008	0.0113746
1009	0.0123452
1010	0.0127269
1011	0.0122982
1012	0.0123996
1013	0.0136073
1014	0.0132359
1015	0.0127143
1016	0.0125609
1017	0.0135751
1018	0.0135781
1019	0.0137419
1020	0.0147877
1021	0.0152181
1022	0.01621
1023	0.0156696
1024	0.0148673
1025	0.0150904
1026	0.0144465
1027	0.014503
1028	0.0144451
1029	0.0143168
1030	0.014302
1031	0.0132115
1032	0.0139719
1033	0.0138824
1034	0.0133046
1035	0.0126967
1036	0.0123521
1037	0.0118556
1038	0.0119506
1039	0.0118795
1040	0.0115855
1041	0.0118517
1042	0.0110448
1043	0.0102218
1044	0.00977741
1045	0.00979478
1046	0.00931083
1047	0.0089625
1048	0.00968967
1049	0.00993061
1050	0.0101998
1051	0.0101446
1052	0.0102046
1053	0.0104058
1054	0.0105306
1055	0.0105217
1056	0.0102303
1057	0.0107745
1058	0.0112123
1059	0.0102564
1060	0.00986442
1061	0.010063
1062	0.0104054
1063	0.00987574
1064	0.0100885
1065	0.0103802
1066	0.0104497
1067	0.0104156
1068	0.0108038
1069	0.0102426
1070	0.0102869
1071	0.0103516
1072	0.00981548
1073	0.0103666
1074	0.0101683
1075	0.0108105
1076	0.0119978
1077	0.0113985
1078	0.0116808
1079	0.0118434
1080	0.0118379
1081	0.0121271
1082	0.0130224
1083	0.0131561
1084	0.0136437
1085	0.0146269
1086	0.0138092
1087	0.0148039
1088	0.0156023
1089	0.0151792
1090	0.015733
1091	0.0159571
1092	0.0147483
1093	0.0158217
1094	0.0164145
1095	0.0157121
1096	0.0163297
1097	0.0181013
1098	0.0169662
1099	0.0168907
1100	0.0169589
1101	0.0159958
1102	0.0158981
1103	0.0162923
1104	0.0156304
1105	0.0153777
1106	0.0144609
1107	0.0149013
1108	0.0145773
1109	0.014756
1110	0.0147611
1111	0.0145444
1112	0.015691
1113	0.0169773
1114	0.0172165
1115	0.0176417
1116	0.0163975
1117	0.0159135
1118	0.0146401
1119	0.0137465
1120	0.0140391
1121	0.0132723
1122	0.0126236
1123	0.0122335
1124	0.0114515
1125	0.0114266
1126	0.0110738
1127	0.0112611
1128	0.0104035
1129	0.0108487
1130	0.0103002
1131	0.0098367
1132	0.00974664
1133	0.0103515
1134	0.0106077
1135	0.010576
1136	0.0110527
1137	0.0108072
1138	0.0109946
1139	0.0113732
1140	0.01118
1141	0.0115364
1142	0.0111998
1143	0.0122535
1144	0.0130077
1145	0.0139318
1146	0.0132509
1147	0.0131052
1148	0.0125217
1149	0.0126805
1150	0.0125831
1151	0.0130719
1152	0.0142545
1153	0.0146449
1154	0.0147993
1155	0.0158122
1156	0.0166661
1157	0.0166354
1158	0.0170138
1159	0.0162403
1160	0.0155419
1161	0.0153303
1162	0.0156939
1163	0.0157484
1164	0.0152534
1165	0.0152073
1166	0.0151633
1167	0.0161498
1168	0.015326
1169	0.0159821
1170	0.0154485
1171	0.0158436
1172	0.0164567
1173	0.0159715
1174	0.0168892
1175	0.0164418
1176	0.0172291
1177	0.0175715
1178	0.0170999
1179	0.01565
1180	0.0147035
1181	0.0142714
1182	0.0145065
1183	0.014497
1184	0.0138408
1185	0.0136901
1186	0.0129942
1187	0.0137569
1188	0.0147433
1189	0.0145413
1190	0.0137691
1191	0.013809
1192	0.0131751
1193	0.0128133
1194	0.0126219
1195	0.0142611
1196	0.0133048
1197	0.0122673
1198	0.0115942
1199	0.0118597
1200	0.0114984
1201	0.0115466
1202	0.0112711
1203	0.0111657
1204	0.0110047
1205	0.0108661
1206	0.0101805
1207	0.00974511
1208	0.00911767
1209	0.00948299
1210	0.00904302
1211	0.00825368
1212	0.00903097
1213	0.00841122
1214	0.00839304
1215	0.0082662
1216	0.00818785
1217	0.00785142
1218	0.0080611
1219	0.00849944
1220	0.00864932
1221	0.0090591
1222	0.00978577
1223	0.00979578
1224	0.0100214
1225	0.010644
1226	0.0102129
1227	0.0113244
1228	0.0111199
1229	0.0118552
1230	0.012172
1231	0.0118494
1232	0.0116606
1233	0.0117531
1234	0.0117015
1235	0.0119089
1236	0.0116458
1237	0.0115256
1238	0.0115479
1239	0.0127376
1240	0.0122792
1241	0.0132761
1242	0.0134657
1243	0.0127209
1244	0.0128684
1245	0.0138144
1246	0.0148306
1247	0.0150052
1248	0.0142027
1249	0.0137298
1250	0.0139761
1251	0.0133679
1252	0.0132008
1253	0.0132626
1254	0.0133314
1255	0.0135356
1256	0.0135651
1257	0.0144541
1258	0.0139177
1259	0.0152462
1260	0.015431
1261	0.0151702
1262	0.0159831
1263	0.0162016
1264	0.0158956
1265	0.016145
1266	0.0185386
1267	0.0186105
1268	0.0179214
1269	0.0177404
1270	0.0186635
1271	0.0183254
1272	0.0179447
1273	0.0183285
1274	0.0185239
1275	0.0193836
1276	0.0200181
1277	0.0195008
1278	0.0192029
1279	0.018607
1280	0.0185053
1281	0.0177625
1282	0.0172642
1283	0.0163207
1284	0.0160163
1285	0.0165286
1286	0.0168232
1287	0.0164346
1288	0.0158109
1289	0.0153296
1290	0.0150366
1291	0.0141811
1292	0.0140798
1293	0.0136416
1294	0.0131641
1295	0.012848
1296	0.0133879
1297	0.0132931
1298	0.0131712
1299	0.0125061
1300	0.0120009
1301	0.0121152
1302	0.012314
1303	0.0124812
1304	0.013329
1305	0.0129321
1306	0.0125088
1307	0.0120735
1308	0.0113604
1309	0.0117088
1310	0.01175
1311	0.0110631
1312	0.0119253
1313	0.0117363
1314	0.0118823
1315	0.0123079
1316	0.0121962
1317	0.0116764
1318	0.0119487
1319	0.0114904
1320	0.0112749
1321	0.0112155
1322	0.0112463
1323	0.0111477
1324	0.0111954
1325	0.0109719
1326	0.0103479
1327	0.010158
1328	0.0101713
1329	0.0101002
1330	0.0104547
1331	0.01055
1332	0.0105852
1333	0.0108674
1334	0.0108322
1335	0.0106468
1336	0.0102416
1337	0.0101938
1338	0.0102538
1339	0.0100932
1340	0.00996962
1341	0.00907528
1342	0.00810353
1343	0.00756405
1344	0.00714097
1345	0.00773046
1346	0.00880941
1347	0.00861016
1348	0.00860704
1349	0.00855996
1350	0.00926538
1351	0.00932387
1352	0.00999047
1353	0.00991368
1354	0.0103083
1355	0.010213
1356	0.0103882
1357	0.00992014
1358	0.00960121
1359	0.0103483
1360	0.0104549
1361	0.0109832
1362	0.0113166
1363	0.0109321
1364	0.0117381
1365	0.0118128
1366	0.0120955
1367	0.0116795
1368	0.0122221
1369	0.0130974
1370	0.0121798
1371	0.0131142
1372	0.0130747
1373	0.0126424
1374	0.0140186
1375	0.0135305
1376	0.0132243
1377	0.0130104
1378	0.0134391
1379	0.0142439
1380	0.014823
1381	0.0147851
1382	0.0156733
1383	0.0156021
1384	0.0161784
1385	0.0159413
1386	0.0180294
1387	0.0183013
1388	0.0179595
1389	0.0179759
1390	0.0167313
1391	0.0178312
1392	0.0182798
1393	0.0199649
1394	0.0197085
1395	0.0210931
1396	0.0215036
1397	0.0205665
1398	0.0205487
1399	0.0200366
1400	0.0197915
1401	0.0207254
1402	0.0208867
1403	0.0197144
1404	0.0196078
1405	0.0179147
1406	0.0170313
1407	0.0162389
1408	0.0161171
1409	0.0154908
1410	0.0152685
1411	0.0148973
1412	0.0153053
1413	0.0135796
1414	0.0141954
1415	0.0146415
1416	0.0142682
1417	0.0138554
1418	0.0133249
1419	0.0129563
1420	0.0130931
1421	0.0129739
1422	0.0121879
1423	0.0117731
1424	0.0118869
1425	0.0124984
1426	0.0125959
1427	0.0124505
1428	0.011642
1429	0.0117996
1430	0.0118504
1431	0.0109601
1432	0.0104218
1433	0.0104035
1434	0.00982985
1435	0.00975842
1436	0.00989871
1437	0.00972064
1438	0.00955501
1439	0.00912908
1440	0.00914117
1441	0.00914619
1442	0.00866759
1443	0.00836924
1444	0.00834031
1445	0.00814214
1446	0.00779879
1447	0.00792899
1448	0.00749943
1449	0.00724547
1450	0.00726957
1451	0.00768467
1452	0.00789084
1453	0.00808981
1454	0.00852768
1455	0.00808824
1456	0.00757165
1457	0.00733001
1458	0.00758809
1459	0.00761988
1460	0.00844609
1461	0.00926352
1462	0.00883254
1463	0.00881901
1464	0.00925502
1465	0.00920019
1466	0.00942587
1467	0.0090366
1468	0.0090147
1469	0.00913546
1470	0.00945771
1471	0.00896183
1472	0.00933112
1473	0.0102502
1474	0.0106539
1475	0.0110887
1476	0.011517
1477	0.0120222
1478	0.0119362
1479	0.0116758
1480	0.011588
1481	0.0114604
1482	0.0125728
1483	0.0132302
1484	0.0141368
1485	0.0141583
1486	0.0149022
1487	0.0159823
1488	0.0165335
1489	0.0167
1490	0.0160577
1491	0.0166872
1492	0.0174304
1493	0.0174846
1494	0.0176438
1495	0.0172627
1496	0.0192128
1497	0.0197469
1498	0.0186291
1499	0.0176404
1500	0.0187175
1501	0.0192819
1502	0.0192742
1503	0.0199063
1504	0.0201697
1505	0.0202766
1506	0.0218483
1507	0.0250429
1508	0.024389
1509	0.0232252
1510	0.0225536
1511	0.0217892
1512	0.0216626
1513	0.0220391
1514	0.0225343
1515	0.0217494
1516	0.0240302
1517	0.0226069
1518	0.0214845
1519	0.0207861
1520	0.0205123
1521	0.0205811
1522	0.0197504
1523	0.0182757
1524	0.0169406
1525	0.0163572
1526	0.0148621
1527	0.0137836
1528	0.0135391
1529	0.0141206
1530	0.0138286
1531	0.0147457
1532	0.0147839
1533	0.0153349
1534	0.0142198
1535	0.0136386
1536	0.0127272
1537	0.0124058
1538	0.0117196
1539	0.011517
1540	0.0115309
1541	0.011002
1542	0.0102009
1543	0.0105617
1544	0.0103217
1545	0.00971875
1546	0.009712
1547	0.00957946
1548	0.00895122
1549	0.00888373
1550	0.00887844
1551	0.00897488
1552	0.00917586
1553	0.00906311
1554	0.00920698
1555	0.0090258
1556	0.00844218
1557	0.00931693
1558	0.0089594
1559	0.00869435
1560	0.00846795
1561	0.00893945
1562	0.00852994
1563	0.00845403
1564	0.00793855
1565	0.00823395
1566	0.00812267
1567	0.00832412
1568	0.00818914
1569	0.00853834
1570	0.00903481
1571	0.00878797
1572	0.00816503
1573	0.00793641
1574	0.00826545
1575	0.00807855
1576	0.00767459
1577	0.00752507
1578	0.00740625
1579	0.00789639
1580	0.00779223
1581	0.00751163
1582	0.00791832
1583	0.00836391
1584	0.00841606
1585	0.00849378
1586	0.00822627
1587	0.00901329
1588	0.0094466
1589	0.0101146
1590	0.00982661
1591	0.0098648
1592	0.00971338
1593	0.00959683
1594	0.0099655
1595	0.0103711
1596	0.0107639
1597	0.0108304
1598	0.010433
1599	0.0104921
1600	0.0110892
1601	0.0113927
1602	0.0123194
1603	0.0124844
1604	0.0121357
1605	0.0124894
1606	0.0122898
1607	0.0124177
1608	0.0145165
1609	0.0158053
1610	0.0166113
1611	0.0177903
1612	0.0171294
1613	0.0182868
1614	0.0169593
1615	0.0173492
1616	0.0171105
1617	0.0171333
1618	0.0177593
1619	0.0176029
1620	0.018538
1621	0.0199834
1622	0.0212145
1623	0.0208344
1624	0.0213726
1625	0.0199277
1626	0.0213152
1627	0.0228568
1628	0.0229154
1629	0.0236968
1630	0.0227276
1631	0.0208945
1632	0.0205487
1633	0.0201327
1634	0.0200799
1635	0.0200564
1636	0.0199073
1637	0.0190789
1638	0.0196924
1639	0.020027
1640	0.020589
1641	0.0203351
1642	0.0198404
1643	0.0184718
1644	0.0176092
1645	0.0165318
1646	0.0150694
1647	0.0141785
1648	0.0135468
1649	0.0140265
1650	0.014069
1651	0.0134581
1652	0.0133905
1653	0.013021
1654	0.013208
1655	0.012685
1656	0.0129352
1657	0.0125585
1658	0.0128997
1659	0.0135651
1660	0.0134634
1661	0.0125024
1662	0.0122603
1663	0.0125374
1664	0.0126862
1665	0.0120854
1666	0.0120241
1667	0.0108598
1668	0.011473
1669	0.0115255
1670	0.0117472
1671	0.0113879
1672	0.0113187
1673	0.0108642
1674	0.0112589
1675	0.0112017
1676	0.0109036
1677	0.0118042
1678	0.0120041
1679	0.0124304
1680	0.0117337
1681	0.0107285
1682	0.0102795
1683	0.0103398
1684	0.0102363
1685	0.0098156
1686	0.0097576
1687	0.0104715
1688	0.0107533
1689	0.0107406
1690	0.0107213
1691	0.0105449
1692	0.0102728
1693	0.00955547
1694	0.0101365
1695	0.0102029
1696	0.0103598
1697	0.0106646
1698	0.00999314
1699	0.0098457
1700	0.00928021
1701	0.00983072
1702	0.00966345
1703	0.0100793
1704	0.00966031
1705	0.00969919
1706	0.00945918
1707	0.00954353
1708	0.00955717
1709	0.00915046
1710	0.00952759
1711	0.00939079
1712	0.00905083
1713	0.00958419
1714	0.00984396
1715	0.00973426
1716	0.0100163
1717	0.0093764
1718	0.0090786
1719	0.0090285
1720	0.00872093
1721	0.00873166
1722	0.00821432
1723	0.00810079
1724	0.00815286
1725	0.00774722
1726	0.0080816
1727	0.00793905
1728	0.00871241
1729	0.00931214
1730	0.010123
1731	0.00977217
1732	0.00919708
1733	0.0100582
1734	0.00999672
1735	0.00927258
1736	0.00929218
1737	0.00963435
1738	0.0102548
1739	0.0102947
1740	0.0100461
1741	0.00999274
1742	0.0105079
1743	0.0103441
1744	0.0106163
1745	0.0110858
1746	0.0119995
1747	0.0116649
1748	0.0123489
1749	0.013035
1750	0.0132952
1751	0.0138803
1752	0.0146785
1753	0.0154705
1754	0.0152321
1755	0.0150956
1756	0.0149771
1757	0.0151633
1758	0.0145584
1759	0.0162151
1760	0.0157725
1761	0.0160445
1762	0.0156205
1763	0.0156698
1764	0.0152255
1765	0.0161773
1766	0.0176024
1767	0.0186777
1768	0.0210193
1769	0.0213462
1770	0.0201549
1771	0.0213935
1772	0.0216069
1773	0.021552
1774	0.0210596
1775	0.020739
1776	0.0205939
1777	0.0193485
1778	0.0189851
1779	0.0191341
1780	0.0197097
1781	0.0187412
1782	0.0189182
1783	0.0178991
1784	0.0172778
1785	0.0168942
1786	0.0171628
1787	0.0166549
1788	0.0161831
1789	0.0160844
1790	0.01589
1791	0.0157933
1792	0.0148209
1793	0.0152393
1794	0.0140866
1795	0.0143086
1796	0.0149807
1797	0.0172434
1798	0.018045
1799	0.0179598
1800	0.0162399
1801	0.0154007
1802	0.0160712
1803	0.0155323
1804	0.0151853
1805	0.0146408
1806	0.0145215
1807	0.0137954
1808	0.0129276
1809	0.0125615
1810	0.011966
1811	0.0119138
1812	0.0120343
1813	0.0124928
1814	0.0121973
1815	0.0119354
1816	0.0112611
1817	0.0116635
1818	0.0117478
1819	0.0118295
1820	0.0107999
1821	0.0110093
1822	0.0106183
1823	0.0105227
1824	0.0103226
1825	0.00983986
1826	0.0102231
1827	0.00970415
1828	0.0104588
1829	0.0110665
1830	0.0109461
1831	0.0105745
1832	0.010365
1833	0.0099454
1834	0.00996716
1835	0.00984421
1836	0.00989013
1837	0.00974939
1838	0.00976482
1839	0.0106862
1840	0.0111213
1841	0.011048
1842	0.0119881
1843	0.012775
1844	0.0121818
1845	0.0118
1846	0.011319
1847	0.0124286
1848	0.0126614
1849	0.0130255
1850	0.0126305
1851	0.012515
1852	0.0126529
1853	0.0128112
1854	0.0134667
1855	0.0129981
1856	0.0133928
1857	0.0134099
1858	0.012413
1859	0.0129346
1860	0.0137493
1861	0.0135637
1862	0.0126495
1863	0.0129346
1864	0.0125875
1865	0.0122156
1866	0.0122847
1867	0.0119216
1868	0.0123246
1869	0.012505
1870	0.0126451
1871	0.0123503
1872	0.0124537
1873	0.0129482
1874	0.0135487
1875	0.0127678
1876	0.0126848
1877	0.0120124
1878	0.0112181
1879	0.0109503
1880	0.0108743
1881	0.0102242
1882	0.00972456
1883	0.0095291
1884	0.00913183
1885	0.00902124
1886	0.00904756
1887	0.00931344
1888	0.0092365
1889	0.00981452
1890	0.0105905
1891	0.0108901
1892	0.0112227
1893	0.01164
1894	0.0115237
1895	0.0104597
1896	0.00969457
1897	0.00928024
1898	0.00878671
1899	0.00927588
1900	0.0094952
1901	0.0105231
1902	0.0104326
1903	0.0099651
1904	0.0104458
1905	0.010895
1906	0.0106854
1907	0.0112824
1908	0.0109865
1909	0.0110922
1910	0.0115053
1911	0.0114697
1912	0.011626
1913	0.0127818
1914	0.0133392
1915	0.0136065
1916	0.0131972
1917	0.0127564
1918	0.0132502
1919	0.0138513
1920	0.0147804
1921	0.0155238
1922	0.0157569
1923	0.0162244
1924	0.0163026
1925	0.0165844
1926	0.0175468
1927	0.0164677
1928	0.016002
1929	0.0170142
1930	0.0158301
1931	0.0153658
1932	0.0153316
1933	0.0146745
1934	0.0144707
1935	0.0157373
1936	0.0162675
1937	0.0165359
1938	0.0163736
1939	0.0167569
1940	0.0160409
1941	0.0173562
1942	0.0162851
1943	0.0155626
1944	0.0162112
1945	0.0162099
1946	0.0163732
1947	0.0174799
1948	0.0187481
1949	0.0189093
1950	0.0184609
1951	0.0200434
1952	0.0186255
1953	0.0186953
1954	0.0182283
1955	0.017679
1956	0.0178543
1957	0.0184984
1958	0.0177804
1959	0.0179879
1960	0.0186603
1961	0.0183563
1962	0.0162554
1963	0.0148861
1964	0.0156487
1965	0.016116
1966	0.0161242
1967	0.0166542
1968	0.0163012
1969	0.0157079
1970	0.0155086
1971	0.0150093
1972	0.0140506
1973	0.0135504
1974	0.0141303
1975	0.0130953
1976	0.0124604
1977	0.0118463
1978	0.0117623
1979	0.0115562
1980	0.0116962
1981	0.0120264
1982	0.0111241
1983	0.0111844
1984	0.0124961
1985	0.0127879
1986	0.0127256
1987	0.0120765
1988	0.0124313
1989	0.0116638
1990	0.0116496
1991	0.0115737
1992	0.0114807
1993	0.0110798
1994	0.0107452
1995	0.0113132
1996	0.0112774
1997	0.0114294
1998	0.0106003
1999	0.010209
2000	0.0095122
2001	0.010077
2002	0.0104112
2003	0.0100417
2004	0.00998831
2005	0.00946426
2006	0.00921434
2007	0.00929121
2008	0.00940866
2009	0.00936089
2010	0.00959025
2011	0.00959734
2012	0.0101799
2013	0.00997596
2014	0.0104332
2015	0.0103768
2016	0.0111564
2017	0.0120928
2018	0.0118169
2019	0.0106409
2020	0.0100191
2021	0.00988467
2022	0.010095
2023	0.00994123
2024	0.0105049
2025	0.012239
2026	0.0115398
2027	0.0110426
2028	0.010578
2029	0.0111289
2030	0.0102592
2031	0.0101149
2032	0.0100629
2033	0.0105964
2034	0.0105321
2035	0.0103282
2036	0.0106284
2037	0.0107763
2038	0.0104484
2039	0.010427
2040	0.0104691
2041	0.0109656
2042	0.0110498
2043	0.0122022
2044	0.0125741
2045	0.0131849
2046	0.0135431
2047	0.0138144
2048	0.0146038
2049	0.0147292
2050	0.0147187
2051	0.0147928
2052	0.0144285
2053	0.0149893
2054	0.0147516
2055	0.0152776
2056	0.0151367
2057	0.0141065
2058	0.0144892
2059	0.0147961
2060	0.0164024
2061	0.0167402
2062	0.0174741
2063	0.0175637
2064	0.0187837
2065	0.0187978
2066	0.0196556
2067	0.0199984
2068	0.0214358
2069	0.0208921
2070	0.0215866
2071	0.0209166
2072	0.0199301
2073	0.0208204
2074	0.020101
2075	0.0196297
2076	0.0184106
2077	0.0179744
2078	0.0165894
2079	0.0152559
2080	0.0156526
2081	0.0148152
2082	0.0144895
2083	0.0136199
2084	0.012942
2085	0.0121852
2086	0.0121923
2087	0.0118659
2088	0.0118672
2089	0.0120714
2090	0.0112147
2091	0.0109228
2092	0.0112771
2093	0.0114229
2094	0.010982
2095	0.0107256
2096	0.0102029
2097	0.011012
2098	0.0108784
2099	0.0115527
2100	0.0111845
2101	0.0113406
2102	0.0112597
2103	0.0112706
2104	0.0108392
2105	0.0117058
2106	0.0115313
2107	0.011028
2108	0.0113477
2109	0.0120086
2110	0.0123676
2111	0.0115533
2112	0.0114204
2113	0.0112637
2114	0.0114537
2115	0.0110663
2116	0.0104743
2117	0.0103108
2118	0.0104002
2119	0.0105739
2120	0.0105513
2121	0.0106429
2122	0.0108581
2123	0.0107123
2124	0.0111217
2125	0.0106276
2126	0.0104418
2127	0.0118208
2128	0.0124856
2129	0.0130271
2130	0.0131611
2131	0.0142591
2132	0.0139021
2133	0.0137408
2134	0.0141908
2135	0.0148818
2136	0.0148296
2137	0.0147532
2138	0.0152741
2139	0.0157424
2140	0.0161004
2141	0.0159146
2142	0.0164114
2143	0.0157217
2144	0.0147677
2145	0.0148625
2146	0.0149682
2147	0.0150039
2148	0.0135847
2149	0.0141419
2150	0.0144327
2151	0.0155456
2152	0.0166561
2153	0.0166882
2154	0.0172019
2155	0.017021
2156	0.0172533
2157	0.0163967
2158	0.0161081
2159	0.014886
2160	0.0140744
2161	0.0134212
2162	0.0140943
2163	0.0147893
2164	0.0145473
2165	0.0162432
2166	0.0157913
2167	0.0156095
2168	0.0158818
2169	0.0163263
2170	0.0162514
2171	0.0158658
2172	0.0176669
2173	0.0172393
2174	0.0175493
2175	0.0187433
2176	0.0185243
2177	0.0195915
2178	0.0187136
2179	0.0190418
2180	0.0187917
2181	0.0179342
2182	0.0178082
2183	0.0176744
2184	0.0168572
2185	0.0157959
2186	0.0147127
2187	0.0138461
2188	0.0143917
2189	0.0138331
2190	0.0133185
2191	0.0131236
2192	0.013421
2193	0.0133835
2194	0.012859
2195	0.011761
2196	0.0110931
2197	0.0110071
2198	0.0111451
2199	0.0107702
2200	0.0109536
2201	0.0104484
2202	0.00997795
2203	0.0096048
2204	0.00992368
2205	0.00946916
2206	0.00915169
2207	0.00895447
2208	0.00834872
2209	0.00802591
2210	0.00785162
2211	0.00761617
2212	0.00749679
2213	0.0077083
2214	0.00807467
2215	0.00824435
2216	0.0079828
2217	0.00766183
2218	0.00772711
2219	0.00808525
2220	0.00800034
2221	0.00866289
2222	0.0091009
2223	0.00871401
2224	0.00906615
2225	0.00907222
2226	0.0089702
2227	0.00863813
2228	0.00851682
2229	0.0076303
2230	0.00737349
2231	0.00767208
2232	0.00801132
2233	0.00894068
2234	0.00959105
2235	0.00951254
2236	0.0101365
2237	0.0102311
2238	0.0108472
2239	0.0105162
2240	0.010757
2241	0.010579
2242	0.0110936
2243	0.0109855
2244	0.0108892
2245	0.0106669
2246	0.0107195
2247	0.0118778
2248	0.0129279
2249	0.0131178
2250	0.0138154
2251	0.0137179
2252	0.0131669
2253	0.0135458
2254	0.0144643
2255	0.0145283
2256	0.014469
2257	0.0155372
2258	0.0159374
2259	0.015852
2260	0.0170264
2261	0.0170503
2262	0.0179551
2263	0.0181165
2264	0.0189326
2265	0.0196151
2266	0.0200125
2267	0.0197578
2268	0.018392
2269	0.018471
2270	0.0176474
2271	0.0173534
2272	0.0177264
2273	0.0175058
2274	0.0171468
2275	0.0174015
2276	0.0175246
2277	0.0172896
2278	0.0171755
2279	0.0178283
2280	0.0167088
2281	0.0165763
2282	0.0157842
2283	0.0154614
2284	0.0147665
2285	0.0148046
2286	0.0145455
2287	0.0141751
2288	0.0144254
2289	0.0140084
2290	0.013606
2291	0.0129619
2292	0.012409
2293	0.0130732
2294	0.012334
2295	0.0120061
2296	0.0123866
2297	0.012469
2298	0.0122778
2299	0.0127932
2300	0.0123672
2301	0.0126882
2302	0.012283
2303	0.0115658
2304	0.0124034
2305	0.0121337
2306	0.0125414
2307	0.0122397
2308	0.0126331
2309	0.0127669
2310	0.0122635
2311	0.0124421
2312	0.0129003
2313	0.0129034
2314	0.012781
2315	0.0144566
2316	0.0149424
2317	0.014777
2318	0.0142505
2319	0.0139747
2320	0.014686
2321	0.0137058
2322	0.0134104
2323	0.0133808
2324	0.012785
2325	0.0126362
2326	0.0118582
2327	0.0117121
2328	0.0106179
2329	0.0101682
2330	0.0100697
2331	0.0100757
2332	0.00989822
2333	0.00981694
2334	0.00954319
2335	0.00937633
2336	0.00990356
2337	0.00989746
2338	0.00921016
2339	0.0090888
2340	0.00942046
2341	0.00992147
2342	0.0101429
2343	0.010461
2344	0.0116149
2345	0.012547
2346	0.0121559
2347	0.0121881
2348	0.0127649
2349	0.0121665
2350	0.012326
2351	0.0123628
2352	0.0128246
2353	0.0128038
2354	0.0132647
2355	0.013314
2356	0.014747
2357	0.014715
2358	0.0151092
2359	0.014774
2360	0.0144668
2361	0.0150693
2362	0.013846
2363	0.0132635
2364	0.013802
2365	0.0143334
2366	0.0152039
2367	0.0160079
2368	0.016661
2369	0.0165601
2370	0.0166182
2371	0.0159046
2372	0.0168252
2373	0.0168846
2374	0.015865
2375	0.0161134
2376	0.0160704
2377	0.0149477
2378	0.0152651
2379	0.0155036
2380	0.0153348
2381	0.0141735
2382	0.0146468
2383	0.0138713
2384	0.0136188
2385	0.0142083
2386	0.0149352
2387	0.0161739
2388	0.0158547
2389	0.0150808
2390	0.0147324
2391	0.0134819
2392	0.0137406
2393	0.0142249
2394	0.0138747
2395	0.0142418
2396	0.0139793
2397	0.0156205
2398	0.0151883
2399	0.0152534
2400	0.0159427
2401	0.0179132
2402	0.0182448
2403	0.0188036
2404	0.018428
2405	0.017732
2406	0.0167189
2407	0.0166579
2408	0.0155268
2409	0.0156258
2410	0.0161645
2411	0.0155283
2412	0.0149205
2413	0.0146952
2414	0.0138187
2415	0.0129518
2416	0.0127343
2417	0.0134293
2418	0.0137325
2419	0.0137984
2420	0.0139005
2421	0.0137448
2422	0.0128286
2423	0.0131139
2424	0.0129185
2425	0.012618
2426	0.0128094
2427	0.011864
2428	0.0120248
2429	0.0117842
2430	0.0117207
2431	0.0115245
2432	0.0112806
2433	0.0108782
2434	0.0105971
2435	0.0110811
2436	0.0108626
2437	0.0104675
2438	0.00984354
2439	0.00975077
2440	0.00909701
2441	0.00889134
2442	0.0085106
2443	0.00833357
2444	0.00824058
2445	0.00835569
2446	0.00855012
2447	0.00850124
2448	0.00864636
2449	0.00788755
2450	0.00747732
2451	0.00747536
2452	0.00729367
2453	0.00793801
2454	0.00740563
2455	0.0075289
2456	0.00782379
2457	0.00823661
2458	0.00850098
2459	0.00892602
2460	0.00853103
2461	0.0090545
2462	0.00900262
2463	0.00917086
2464	0.00946736
2465	0.00944917
2466	0.0104633
2467	0.0106002
2468	0.0118182
2469	0.0126962
2470	0.0127369
2471	0.0122906
2472	0.0123238
2473	0.0124876
2474	0.0121938
2475	0.0123999
2476	0.0127313
2477	0.0123279
2478	0.0134249
2479	0.0135269
2480	0.0134763
2481	0.0136066
2482	0.013886
2483	0.0155731
2484	0.0159091
2485	0.0160005
2486	0.0165602
2487	0.0164084
2488	0.0162277
2489	0.015291
2490	0.0146909
2491	0.0143219
2492	0.014638
2493	0.01403
2494	0.0139589
2495	0.0140364
2496	0.0136603
2497	0.0128144
2498	0.0120624
2499	0.0120681
2500	0.0125076
2501	0.0122801
2502	0.0125698
2503	0.0130578
2504	0.0130364
2505	0.0128636
2506	0.0133648
2507	0.0148399
2508	0.0143361
2509	0.0152827
2510	0.0151443
2511	0.0152189
2512	0.0149547
2513	0.0150705
2514	0.015906
2515	0.0168512
2516	0.015908
2517	0.0158561
2518	0.0146084
2519	0.0141518
2520	0.0142987
2521	0.0138567
2522	0.0143232
2523	0.0146106
2524	0.0146107
2525	0.0138979
2526	0.012926
2527	0.0137918
2528	0.0138012
2529	0.013419
2530	0.0133195
2531	0.0136333
2532	0.0139941
2533	0.0139659
2534	0.0135681
2535	0.0131322
2536	0.0133422
2537	0.0128854
2538	0.0124562
2539	0.0129769
2540	0.0126858
2541	0.0124521
2542	0.012433
2543	0.0120517
2544	0.0120622
2545	0.0122092
2546	0.0121359
2547	0.0127636
2548	0.0127253
2549	0.0123243
2550	0.0132189
2551	0.0129231
2552	0.0129342
2553	0.012493
2554	0.0114747
2555	0.0114573
2556	0.0119542
2557	0.0123575
2558	0.0123029
2559	0.0124578
2560	0.0127286
2561	0.0124002
2562	0.0125998
2563	0.0130458
2564	0.0140444
2565	0.0144865
2566	0.0150642
2567	0.0152708
2568	0.015246
2569	0.0154711
2570	0.0158486
2571	0.0167829
2572	0.0162141
2573	0.016075
2574	0.0169303
2575	0.0170214
2576	0.0179333
2577	0.0185002
2578	0.0187555
2579	0.0181562
2580	0.0184125
2581	0.0188319
2582	0.0180985
2583	0.0182621
2584	0.0186132
2585	0.0179905
2586	0.017553
2587	0.0183672
2588	0.0174308
2589	0.0169338
2590	0.0164544
2591	0.0161528
2592	0.0144595
2593	0.0138269
2594	0.0133788
2595	0.0133008
2596	0.0127392
2597	0.0129231
2598	0.0125803
2599	0.0128872
2600	0.0128836
2601	0.0116929
2602	0.0113049
2603	0.0107506
2604	0.0110032
2605	0.0112687
2606	0.0107357
2607	0.0106539
2608	0.0110392
2609	0.0108426
2610	0.0109256
2611	0.0110213
2612	0.0109487
2613	0.0105403
2614	0.0109245
2615	0.0116889
2616	0.0119166
2617	0.0116686
2618	0.0122097
2619	0.0131744
2620	0.0130902
2621	0.0128079
2622	0.01331
2623	0.0135326
2624	0.0127637
2625	0.0121604
2626	0.0118371
2627	0.0123336
2628	0.0126055
2629	0.0123656
2630	0.0123243
2631	0.0120491
2632	0.011505
2633	0.0111302
2634	0.01099
2635	0.0109097
2636	0.0115675
2637	0.0110623
2638	0.0104059
2639	0.00991952
2640	0.0102177
2641	0.010185
2642	0.00995655
2643	0.0100538
2644	0.0104644
2645	0.0100041
2646	0.0103549
2647	0.010423
2648	0.0102348
2649	0.0105231
2650	0.0107824
2651	0.0101671
2652	0.0101232
2653	0.0101916
2654	0.0104015
2655	0.0109774
2656	0.0112828
2657	0.0111185
2658	0.0109397
2659	0.0111954
2660	0.011514
2661	0.0107208
2662	0.0124504
2663	0.0124784
2664	0.0128658
2665	0.0126559
2666	0.0123802
2667	0.0119534
2668	0.0116853
2669	0.012086
2670	0.0120853
2671	0.0120148
2672	0.0131377
2673	0.0141443
2674	0.0140808
2675	0.014492
2676	0.0135159
2677	0.0133705
2678	0.0130249
2679	0.0133473
2680	0.0129383
2681	0.0123963
2682	0.012219
2683	0.0122396
2684	0.012541
2685	0.0132785
2686	0.0129893
2687	0.0129328
2688	0.0128949
2689	0.0127554
2690	0.0131906
2691	0.0143686
2692	0.0144781
2693	0.0138849
2694	0.0136012
2695	0.0128959
2696	0.0136846
2697	0.0141054
2698	0.0148044
2699	0.0146748
2700	0.0154981
2701	0.0164156
2702	0.0159689
2703	0.0164265
2704	0.0178545
2705	0.0196568
2706	0.0187135
2707	0.0181441
2708	0.0179026
2709	0.0180523
2710	0.0171482
2711	0.0176793
2712	0.0163408
2713	0.0156125
2714	0.0152733
2715	0.015774
2716	0.0146385
2717	0.0142338
2718	0.0142642
2719	0.0142495
2720	0.0149751
2721	0.0151029
2722	0.0155473
2723	0.0152482
2724	0.0154637
2725	0.0152922
2726	0.0149848
2727	0.0142833
2728	0.0133748
2729	0.0140688
2730	0.0126407
2731	0.013524
2732	0.0132622
2733	0.0125228
2734	0.012005
2735	0.011673
2736	0.0127121
2737	0.011839
2738	0.0118147
2739	0.0114435
2740	0.0122714
2741	0.011226
2742	0.0107591
2743	0.0107399
2744	0.00960616
2745	0.0102352
2746	0.0107341
2747	0.0104202
2748	0.0102233
2749	0.0102726
2750	0.0103173
2751	0.0103945
2752	0.00986612
2753	0.00966799
2754	0.00955701
2755	0.0101057
2756	0.00996341
2757	0.00990091
2758	0.00971502
2759	0.0100698
2760	0.0100619
2761	0.00993589
2762	0.0102088
2763	0.0104006
2764	0.0106243
2765	0.0103531
2766	0.0104587
2767	0.0108547
2768	0.0110604
2769	0.01137
2770	0.0112447
2771	0.011027
2772	0.0111354
2773	0.0118618
2774	0.011745
2775	0.0119765
2776	0.0117322
2777	0.0109904
2778	0.0109564
2779	0.0114829
2780	0.0119057
2781	0.0117791
2782	0.0120166
2783	0.0117246
2784	0.0113079
2785	0.0119783
2786	0.0122698
2787	0.012118
2788	0.0116909
2789	0.011634
2790	0.0113245
2791	0.0114934
2792	0.0109817
2793	0.0108442
2794	0.0102521
2795	0.0100971
2796	0.00953507
2797	0.0093276
2798	0.0104856
2799	0.0104881
2800	0.0109487
2801	0.0115901
2802	0.0121062
2803	0.0127692
2804	0.0139633
2805	0.0137447
2806	0.0151741
2807	0.0148502
2808	0.0146095
2809	0.0145866
2810	0.0143391
2811	0.0139353
2812	0.0146261
2813	0.0151076
2814	0.0157065
2815	0.0160324
2816	0.0157392
2817	0.0157164
2818	0.0168335
2819	0.0176953
2820	0.0169894
2821	0.0167294
2822	0.0165801
2823	0.0173229
2824	0.0170691
2825	0.017545
2826	0.0172078
2827	0.0171154
2828	0.0167929
2829	0.0157854
2830	0.0164613
2831	0.0170043
2832	0.0167015
2833	0.016192
2834	0.016893
2835	0.0158957
2836	0.0158673
2837	0.0143349
2838	0.0145082
2839	0.0146517
2840	0.0152905
2841	0.0161727
2842	0.0168259
2843	0.0176601
2844	0.0168473
2845	0.0156965
2846	0.0152444
2847	0.0145264
2848	0.0150243
2849	0.0144295
2850	0.0144208
2851	0.0139687
2852	0.0139631
2853	0.01362
2854	0.0140993
2855	0.0139345
2856	0.0150028
2857	0.0157446
2858	0.0154446
2859	0.0147079
2860	0.0150278
2861	0.0152684
2862	0.0158092
2863	0.0160218
2864	0.0154319
2865	0.0155111
2866	0.0145434
2867	0.0138431
2868	0.0136732
2869	0.0128419
2870	0.0124051
2871	0.0112546
2872	0.0110791
2873	0.0108241
2874	0.00995154
2875	0.0103133
2876	0.0101228
2877	0.0102776
2878	0.00987607
2879	0.00975855
2880	0.00948196
2881	0.00956008
2882	0.0094632
2883	0.00992859
2884	0.0112282
2885	0.0117581
2886	0.0110931
2887	0.0104658
2888	0.0107881
2889	0.0106448
2890	0.0109784
2891	0.0104924
2892	0.0105819
2893	0.0107798
2894	0.0110249
2895	0.0111005
2896	0.0110544
2897	0.0115981
2898	0.0119529
2899	0.0124419
2900	0.0131678
2901	0.0131672
2902	0.0134016
2903	0.0134116
2904	0.0134759
2905	0.0138295
2906	0.0147453
2907	0.0134917
2908	0.0143802
2909	0.0137544
2910	0.0140496
2911	0.0142307
2912	0.0143167
2913	0.0145161
2914	0.0142642
2915	0.0141067
2916	0.0137345
2917	0.0134185
2918	0.0134314
2919	0.0133394
2920	0.0140141
2921	0.0143287
2922	0.0146565
2923	0.0154963
2924	0.0155758
2925	0.0147589
2926	0.0151624
2927	0.0149963
2928	0.0146098
2929	0.0135557
2930	0.0133065
2931	0.0126026
2932	0.0120234
2933	0.0121915
2934	0.011252
2935	0.0110837
2936	0.0109892
2937	0.0117172
2938	0.0119168
2939	0.011496
2940	0.011499
2941	0.0120234
2942	0.0124544
2943	0.0119505
2944	0.0117907
2945	0.0115799
2946	0.0122108
2947	0.0122741
2948	0.0122369
2949	0.0119252
2950	0.0133501
2951	0.013701
2952	0.0139752
2953	0.014461
2954	0.013736
2955	0.0133231
2956	0.0130389
2957	0.0134302
2958	0.0141641
2959	0.0135833
2960	0.0137127
2961	0.0133128
2962	0.0125598
2963	0.0124817
2964	0.0128643
2965	0.0127146
2966	0.0123931
2967	0.0120627
2968	0.0114437
2969	0.0124703
2970	0.0134822
2971	0.0132764
2972	0.013388
2973	0.0128584
2974	0.0116266
2975	0.0113038
2976	0.0122996
2977	0.0120834
2978	0.0120945
2979	0.0120902
2980	0.012408
2981	0.0127795
2982	0.0126654
2983	0.0127906
2984	0.0132276
2985	0.0141991
2986	0.014568
2987	0.0148261
2988	0.01463
2989	0.0139703
2990	0.0130836
2991	0.0133102
2992	0.0136612
2993	0.0132461
2994	0.0133643
2995	0.013171
2996	0.0125982
2997	0.0139259
2998	0.0137887
2999	0.0142436
3000	0.0140801
3001	0.014255
3002	0.0140992
3003	0.0146349
3004	0.0137991
3005	0.0144983
3006	0.0142114
3007	0.0139829
3008	0.01409
3009	0.0142401
3010	0.0141824
3011	0.0131705
3012	0.0133907
3013	0.0138213
3014	0.0132103
3015	0.0125676
3016	0.0135537
3017	0.0140453
3018	0.0135432
3019	0.0130455
3020	0.013704
3021	0.0136893
3022	0.0138964
3023	0.0146837
3024	0.0148718
3025	0.0146365
3026	0.0141037
3027	0.0132647
3028	0.012483
3029	0.0123565
3030	0.0121217
3031	0.0122951
3032	0.0120583
3033	0.0122047
3034	0.0126051
3035	0.0119262
3036	0.0113923
3037	0.0115533
3038	0.0122696
3039	0.0123261
3040	0.012619
3041	0.0125127
3042	0.0124068
3043	0.0131638
3044	0.0126918
3045	0.0131417
3046	0.0138485
3047	0.0137611
3048	0.0135738
3049	0.0131942
3050	0.0129751
3051	0.0133413
3052	0.0139847
3053	0.0136911
3054	0.0134913
3055	0.0130779
3056	0.0125636
3057	0.0125631
3058	0.0122058
3059	0.0116932
3060	0.0113653
3061	0.0112386
3062	0.0116273
3063	0.0112765
3064	0.0117828
3065	0.0120385
3066	0.0117612
3067	0.0127153
3068	0.0122643
3069	0.0121268
3070	0.0123324
3071	0.0128938
3072	0.0123946
3073	0.0122766
3074	0.0121523
3075	0.0125772
3076	0.0126668
3077	0.0124872
3078	0.011952
3079	0.011549
3080	0.0117941
3081	0.0119424
3082	0.0115017
3083	0.0117299
3084	0.0119163
3085	0.0114045
3086	0.0120478
3087	0.0132745
3088	0.0130785
3089	0.0128937
3090	0.0124095
3091	0.0116454
3092	0.0119106
3093	0.011795
3094	0.0117869
3095	0.0117176
3096	0.0122384
3097	0.0126302
3098	0.0118246
3099	0.0123967
3100	0.0123057
3101	0.0126598
3102	0.0128738
3103	0.0123095
3104	0.0124692
3105	0.0124545
3106	0.0124429
3107	0.0125122
3108	0.012889
3109	0.0130405
3110	0.0128925
3111	0.0127297
3112	0.0128421
3113	0.0127732
3114	0.0131746
3115	0.0137176
3116	0.0141328
3117	0.0140536
3118	0.013744
3119	0.0141712
3120	0.0146009
3121	0.0150563
3122	0.015361
3123	0.0159809
3124	0.0175635
3125	0.017698
3126	0.0184501
3127	0.0187729
3128	0.019327
3129	0.0194736
3130	0.0188811
3131	0.0195904
3132	0.0196617
3133	0.0196187
3134	0.0204227
3135	0.019828
3136	0.0196906
3137	0.0187485
3138	0.0190782
3139	0.0182378
3140	0.0178039
3141	0.0175813
3142	0.0163637
3143	0.0155508
3144	0.0155331
3145	0.0142491
3146	0.0143286
3147	0.0148351
3148	0.015228
3149	0.0157548
3150	0.0140244
3151	0.0135887
3152	0.0132895
3153	0.0130282
3154	0.0120478
3155	0.0115773
3156	0.0116419
3157	0.0108262
3158	0.0105819
3159	0.0119443
3160	0.0112707
3161	0.0110621
3162	0.0104068
3163	0.0110555
3164	0.010544
3165	0.0109208
3166	0.010381
3167	0.010765
3168	0.0104801
3169	0.00980795
3170	0.00954744
3171	0.00940722
3172	0.0100745
3173	0.00986345
3174	0.00994486
3175	0.0101473
3176	0.0101098
3177	0.00998056
3178	0.00920482
3179	0.00927501
3180	0.00879479
3181	0.00900847
3182	0.00909135
3183	0.00929978
3184	0.00893378
3185	0.00893943
3186	0.00911656
3187	0.00995595
3188	0.00993892
3189	0.00954202
3190	0.00983214
3191	0.00986261
3192	0.00985641
3193	0.0100336
3194	0.00994552
3195	0.00981511
3196	0.010059
3197	0.00963281
3198	0.00958782
3199	0.00973767
3200	0.0103102
3201	0.0107365
3202	0.0110467
3203	0.0116532
3204	0.0114164
3205	0.0111341
3206	0.0124745
3207	0.0140996
3208	0.0153021
3209	0.0153476
3210	0.0154702
3211	0.0145653
3212	0.0145351
3213	0.0143862
3214	0.0140565
3215	0.0139852
3216	0.0143073
3217	0.0139576
3218	0.0141009
3219	0.0139974
3220	0.0147826
3221	0.0144901
3222	0.0147177
3223	0.0153102
3224	0.0157142
3225	0.0169539
3226	0.0171176
3227	0.0168607
3228	0.0169308
3229	0.016919
3230	0.0173087
3231	0.0170157
3232	0.0170459
3233	0.0169433
3234	0.0177547
3235	0.0175892
3236	0.0165208
3237	0.0155235
3238	0.0164988
3239	0.0162643
3240	0.014666
3241	0.0142852
3242	0.0138017
3243	0.0138694
3244	0.0150618
3245	0.0157686
3246	0.0150569
3247	0.0139612
3248	0.0139371
3249	0.0143842
3250	0.0142244
3251	0.0147618
3252	0.0146351
3253	0.013687
3254	0.0142124
3255	0.0146419
3256	0.0149865
3257	0.0145422
3258	0.0153916
3259	0.0148961
3260	0.0141284
3261	0.0141663
3262	0.0149229
3263	0.0142377
3264	0.0142125
3265	0.0144947
3266	0.0146412
3267	0.0134686
3268	0.0127733
3269	0.0127182
3270	0.0134526
3271	0.0135076
3272	0.0138376
3273	0.0148763
3274	0.0150022
3275	0.0152797
3276	0.0148149
3277	0.0148517
3278	0.0158442
3279	0.0152761
3280	0.0137956
3281	0.0127334
3282	0.0126146
3283	0.0126089
3284	0.012372
3285	0.0115832
3286	0.0125796
3287	0.0130333
3288	0.0131081
3289	0.0124655
3290	0.0112608
3291	0.0112333
3292	0.0118871
3293	0.0112672
3294	0.0116795
3295	0.0126208
3296	0.012647
3297	0.0125347
3298	0.0126315
3299	0.012244
3300	0.0118371
3301	0.0112118
3302	0.0113999
3303	0.011363
3304	0.0111461
3305	0.0113266
3306	0.0108197
3307	0.0106736
3308	0.0101781
3309	0.0102144
3310	0.00998374
3311	0.0105784
3312	0.0109925
3313	0.0111899
3314	0.0111374
3315	0.011486
3316	0.0109821
3317	0.0111423
3318	0.0120926
3319	0.0122536
3320	0.0126161
3321	0.0129863
3322	0.0142357
3323	0.0149968
3324	0.0138399
3325	0.0145592
3326	0.0146484
3327	0.01562
3328	0.0164222
3329	0.0164326
3330	0.0163798
3331	0.0165214
3332	0.0165294
3333	0.0164447
3334	0.0167029
3335	0.0153539
3336	0.0154582
3337	0.0153803
3338	0.0158912
3339	0.0166253
3340	0.0150634
3341	0.0145357
3342	0.0142176
3343	0.0140245
3344	0.0141819
3345	0.0149867
3346	0.0146485
3347	0.0141119
3348	0.0135726
3349	0.0131656
3350	0.0123968
3351	0.0121296
3352	0.0112082
3353	0.0119079
3354	0.0112322
3355	0.0104404
3356	0.011559
3357	0.0112127
3358	0.010462
3359	0.0115964
3360	0.0118571
3361	0.0122902
3362	0.0119189
3363	0.0116425
3364	0.0114947
3365	0.0115387
3366	0.0109925
3367	0.0114859
3368	0.0117354
3369	0.0119805
3370	0.0123554
3371	0.0115682
3372	0.0114473
3373	0.0104898
3374	0.0102749
3375	0.0101276
3376	0.00966798
3377	0.00939304
3378	0.00935057
3379	0.00903195
3380	0.00889233
3381	0.00852998
3382	0.00851781
3383	0.00885074
3384	0.00987879
3385	0.0104097
3386	0.0102059
3387	0.0101087
3388	0.00989467
3389	0.0091662
3390	0.00859791
3391	0.00936872
3392	0.00991324
3393	0.0102233
3394	0.00975302
3395	0.00961671
3396	0.00882833
3397	0.00924738
3398	0.00937806
3399	0.00965107
3400	0.0100126
3401	0.0102361
3402	0.0106392
3403	0.010994
3404	0.0107676
3405	0.0110494
3406	0.0106895
3407	0.0108017
3408	0.0108506
3409	0.0113905
3410	0.0113807
3411	0.0111825
3412	0.0115312
3413	0.0111706
3414	0.0108595
3415	0.0108924
3416	0.0105709
3417	0.010232
3418	0.0108483
3419	0.0103011
3420	0.0102234
3421	0.0116615
3422	0.0127388
3423	0.0130627
3424	0.0139665
3425	0.0145716
3426	0.0159256
3427	0.0154639
3428	0.0156323
3429	0.0149592
3430	0.0160284
3431	0.0165612
3432	0.0181759
3433	0.0185154
3434	0.0200276
3435	0.0196834
3436	0.0213782
3437	0.020307
3438	0.0187323
3439	0.0192489
3440	0.0189947
3441	0.0178509
3442	0.018416
3443	0.018086
3444	0.0194701
3445	0.0189752
3446	0.0180595
3447	0.0167481
3448	0.0173121
3449	0.0175425
3450	0.0172665
3451	0.017147
3452	0.0176551
3453	0.017273
3454	0.0168398
3455	0.0170287
3456	0.0155865
3457	0.0142907
3458	0.0142335
3459	0.0145404
3460	0.013842
3461	0.0138451
3462	0.013402
3463	0.0144532
3464	0.0143182
3465	0.0133015
3466	0.0122
3467	0.0120373
3468	0.0128974
3469	0.0131622
3470	0.0121768
3471	0.0119296
3472	0.0109562
3473	0.0109783
3474	0.0104056
3475	0.0101215
3476	0.0103754
3477	0.010566
3478	0.0100373
3479	0.0102231
3480	0.0108984
3481	0.0110246
3482	0.0105507
3483	0.00986744
3484	0.00958644
3485	0.00932689
3486	0.00929707
3487	0.00923673
3488	0.008816
3489	0.00851861
3490	0.00774108
3491	0.007784
3492	0.00877836
3493	0.00822561
3494	0.00854033
3495	0.00875335
3496	0.00935799
3497	0.00904681
3498	0.00909641
3499	0.00943896
3500	0.00999688
3501	0.0101342
3502	0.0101803
3503	0.0105944
3504	0.0101981
3505	0.0101468
3506	0.0103514
3507	0.00979931
3508	0.0108593
3509	0.0113174
3510	0.0112043
3511	0.0112728
3512	0.0105825
3513	0.0108472
3514	0.0101358
3515	0.011544
3516	0.0121781
3517	0.012587
3518	0.0132468
3519	0.0138337
3520	0.0142704
3521	0.0136144
3522	0.0142243
3523	0.0153777
3524	0.0159967
3525	0.0166338
3526	0.0155754
3527	0.0156682
3528	0.0169189
3529	0.0167239
3530	0.0169823
3531	0.0163274
3532	0.0176816
3533	0.0178303
3534	0.0182265
3535	0.0188919
3536	0.0191741
3537	0.0189763
3538	0.0200014
3539	0.0204776
3540	0.0190764
3541	0.0179525
3542	0.0170177
3543	0.0168682
3544	0.0178219
3545	0.017193
3546	0.0176999
3547	0.0168603
3548	0.0162247
3549	0.0160611
3550	0.0154057
3551	0.0154546
3552	0.0146089
3553	0.0139725
3554	0.0133047
3555	0.0138302
3556	0.0143849
3557	0.0137616
3558	0.0140669
3559	0.0142725
3560	0.0137794
3561	0.0132348
3562	0.0134548
3563	0.0136008
3564	0.0139727
3565	0.0144374
3566	0.014133
3567	0.0132055
3568	0.0141759
3569	0.0142841
3570	0.0148036
3571	0.0140068
3572	0.0149124
3573	0.0157018
3574	0.015671
3575	0.0162631
3576	0.0184237
3577	0.0173174
3578	0.0172217
3579	0.0174408
3580	0.0172678
3581	0.0166896
3582	0.016751
3583	0.0157085
3584	0.0153021
3585	0.0140124
3586	0.0133701
3587	0.0124105
3588	0.0113199
3589	0.0103983
3590	0.0101988
3591	0.0113297
3592	0.0117772
3593	0.0109928
3594	0.0106734
3595	0.0106229
3596	0.0106085
3597	0.0102822
3598	0.00964541
3599	0.0102408
3600	0.0105089
3601	0.0107228
3602	0.0109477
3603	0.010765
3604	0.0105899
3605	0.011061
3606	0.0108152
3607	0.010949
3608	0.0110495
3609	0.0117397
3610	0.0115006
3611	0.0116984
3612	0.0116083
3613	0.0124618
3614	0.0126104
3615	0.0129412
3616	0.0121816
3617	0.0120929
3618	0.0116603
3619	0.0112708
3620	0.0116084
3621	0.0113788
3622	0.0114154
3623	0.0112964
3624	0.0116272
3625	0.0123375
3626	0.0118278
3627	0.0111202
3628	0.0122876
3629	0.012078
3630	0.0126661
3631	0.0125532
3632	0.0134115
3633	0.0137782
3634	0.0138033
3635	0.0127735
3636	0.0138998
3637	0.0143156
3638	0.0141705
3639	0.0129951
3640	0.0130147
3641	0.012129
3642	0.0123648
3643	0.0117679
3644	0.0117714
3645	0.0110941
3646	0.0113153
3647	0.0115804
3648	0.0113677
3649	0.0129495
3650	0.0135828
3651	0.0128994
3652	0.012641
3653	0.0125106
3654	0.0119455
3655	0.0124779
3656	0.011636
3657	0.010721
3658	0.0114207
3659	0.0112062
3660	0.0118352
3661	0.0116003
3662	0.0123521
3663	0.0122939
3664	0.0127975
3665	0.0125951
3666	0.0120818
3667	0.0113632
3668	0.0118413
3669	0.0125011
3670	0.0116129
3671	0.0113627
3672	0.0118079
3673	0.0115114
3674	0.0118279
3675	0.0120215
3676	0.0124609
3677	0.0117959
3678	0.0123544
3679	0.0121747
3680	0.012324
3681	0.0117868
3682	0.0120865
3683	0.0129036
3684	0.0136402
3685	0.0131289
3686	0.0127827
3687	0.0140548
3688	0.0159256
3689	0.0154899
3690	0.015493
3691	0.0154757
3692	0.0158066
3693	0.0163806
3694	0.0167583
3695	0.0172434
3696	0.0172069
3697	0.0178651
3698	0.0159207
3699	0.0173197
3700	0.0189286
3701	0.0177429
3702	0.0167853
3703	0.017852
3704	0.0187227
3705	0.0203157
3706	0.0202998
3707	0.0191237
3708	0.0173657
3709	0.018281
3710	0.0178931
3711	0.0179095
3712	0.0174539
3713	0.0162532
3714	0.0158788
3715	0.0153555
3716	0.0150548
3717	0.0151273
3718	0.0139284
3719	0.0124361
3720	0.0112421
3721	0.0113686
3722	0.0111399
3723	0.0106094
3724	0.0106688
3725	0.0106435
3726	0.0102636
3727	0.0101481
3728	0.00957315
3729	0.00987175
3730	0.00971973
3731	0.00996002
3732	0.010038
3733	0.00981421
3734	0.00929656
3735	0.00960963
3736	0.0102645
3737	0.00965174
3738	0.00933857
3739	0.00972858
3740	0.0097421
3741	0.00966329
3742	0.00932072
3743	0.00961414
3744	0.0095988
3745	0.00960373
3746	0.0100845
3747	0.0100619
3748	0.01092
3749	0.0107417
3750	0.0110201
3751	0.0111613
3752	0.0105185
3753	0.0100011
3754	0.00989702
3755	0.00991044
3756	0.0102167
3757	0.00945693
3758	0.00946381
3759	0.00927943
3760	0.00862706
3761	0.00809323
3762	0.00800053
3763	0.00864272
3764	0.00852442
3765	0.00870887
3766	0.0093637
3767	0.0094389
3768	0.0101392
3769	0.00922685
3770	0.00903415
3771	0.00895875
3772	0.00931497
3773	0.0102179
3774	0.0104169
3775	0.011157
3776	0.0107018
3777	0.0105278
3778	0.0109513
3779	0.0106575
3780	0.0119117
3781	0.0109303
3782	0.0104115
3783	0.0108198
3784	0.0110666
3785	0.0122714
3786	0.0126846
3787	0.0132508
3788	0.0143968
3789	0.0137316
3790	0.0130366
3791	0.0128651
3792	0.0127795
3793	0.0128573
3794	0.014212
3795	0.0148761
3796	0.0149895
3797	0.0144282
3798	0.0161168
3799	0.016852
3800	0.016926
3801	0.0166538
3802	0.0167675
3803	0.0179284
3804	0.0186457
3805	0.0196812
3806	0.0200818
3807	0.0193647
3808	0.0192604
3809	0.0179548
3810	0.0197775
3811	0.0194674
3812	0.0203075
3813	0.0194878
3814	0.0209413
3815	0.0226993
3816	0.0224332
3817	0.0209722
3818	0.0195261
3819	0.0187362
3820	0.0191953
3821	0.0196995
3822	0.0197911
3823	0.0188763
3824	0.018125
3825	0.0168102
3826	0.0181751
3827	0.0166305
3828	0.017929
3829	0.0172581
3830	0.0177369
3831	0.0175081
3832	0.0164863
3833	0.0165594
3834	0.0159609
3835	0.0170409
3836	0.0166994
3837	0.0165988
3838	0.0178387
3839	0.0172298
3840	0.0179007
3841	0.0182423
3842	0.0177505
3843	0.0185533
3844	0.01781
3845	0.0167115
3846	0.0167631
3847	0.0169058
3848	0.0162276
3849	0.0156135
3850	0.0146998
3851	0.0139837
3852	0.0133648
3853	0.0126098
3854	0.0118802
3855	0.0121495
3856	0.0118938
3857	0.0116737
3858	0.0114569
3859	0.0114303
3860	0.0112482
3861	0.0107055
3862	0.0110464
3863	0.0105865
3864	0.0109235
3865	0.0106432
3866	0.0106643
3867	0.0104186
3868	0.0103135
3869	0.00998846
3870	0.00957849
3871	0.0097568
3872	0.0097424
3873	0.00914781
3874	0.00903592
3875	0.00873309
3876	0.00885856
3877	0.00805826
3878	0.00763645
3879	0.00762982
3880	0.00811458
3881	0.00844609
3882	0.00879342
3883	0.00856435
3884	0.00852835
3885	0.00880588
3886	0.00944704
3887	0.00901767
3888	0.00954748
3889	0.00913588
3890	0.00866753
3891	0.00819383
3892	0.00773081
3893	0.007771
3894	0.00800289
3895	0.00835907
3896	0.00832463
3897	0.00816279
3898	0.00860276
3899	0.00846321
3900	0.00865818
3901	0.0089572
3902	0.00919535
3903	0.00959063
3904	0.00980384
3905	0.00982727
3906	0.00924939
3907	0.00949089
3908	0.00944017
3909	0.00894822
3910	0.00945288
3911	0.00944212
3912	0.00934829
3913	0.00955111
3914	0.009472
3915	0.00921792
3916	0.00983026
3917	0.0099972
3918	0.011196
3919	0.0114354
3920	0.0112338
3921	0.011176
3922	0.0111338
3923	0.0116339
3924	0.0118729
3925	0.0127271
3926	0.0126503
3927	0.0121797
3928	0.0121804
3929	0.0121994
3930	0.0121075
3931	0.0120275
3932	0.0129244
3933	0.0131232
3934	0.0125307
3935	0.0134518
3936	0.0138563
3937	0.0152397
3938	0.0160262
3939	0.0150543
3940	0.0163537
3941	0.0164425
3942	0.0160105
3943	0.0169036
3944	0.0166344
3945	0.0164017
3946	0.0176651
3947	0.0157983
3948	0.0147974
3949	0.0146783
3950	0.0162678
3951	0.0166636
3952	0.0189831
3953	0.0177373
3954	0.0180649
3955	0.0179706
3956	0.0181627
3957	0.0184326
3958	0.018468
3959	0.0179243
3960	0.0175925
3961	0.0186372
3962	0.019545
3963	0.0193104
3964	0.0200342
3965	0.0200682
3966	0.0204336
3967	0.0189078
3968	0.017803
3969	0.0181103
3970	0.0175137
3971	0.0172177
3972	0.0168149
3973	0.0164209
3974	0.0157091
3975	0.0140097
3976	0.0143218
3977	0.0139336
3978	0.0146293
3979	0.0136781
3980	0.0133163
3981	0.0135832
3982	0.013488
3983	0.0128663
3984	0.0129329
3985	0.0130099
3986	0.013119
3987	0.0121794
3988	0.0115857
3989	0.011418
3990	0.0110012
3991	0.0108102
3992	0.0101972
3993	0.0104371
3994	0.0109175
3995	0.0108983
3996	0.00988647
3997	0.00952234
3998	0.0091191
3999	0.00846061
4000	0.00803779
4001	0.00771798
4002	0.00735132
4003	0.0074037
4004	0.00778941
4005	0.00830238
4006	0.00799136
4007	0.00794935
4008	0.00791405
4009	0.00742426
4010	0.00792766
4011	0.00771469
4012	0.00869693
4013	0.00857269
4014	0.00940397
4015	0.00981068
4016	0.00988047
4017	0.0101896
4018	0.0103951
4019	0.0103214
4020	0.0102321
4021	0.00992072
4022	0.0102919
4023	0.010677
4024	0.0106034
4025	0.011538
4026	0.0117912
4027	0.0126662
4028	0.0124875
4029	0.0125804
4030	0.0130731
4031	0.0132621
4032	0.0135203
4033	0.0134218
4034	0.0139548
4035	0.0138436
4036	0.0145604
4037	0.0142407
4038	0.0136671
4039	0.015356
4040	0.0146256
4041	0.0136804
4042	0.0140621
4043	0.0142944
4044	0.0140489
4045	0.0148102
4046	0.0151138
4047	0.0145699
4048	0.0147322
4049	0.0162885
4050	0.0162143
4051	0.0176047
4052	0.0175824
4053	0.0179609
4054	0.018716
4055	0.0179807
4056	0.0185889
4057	0.0195119
4058	0.0186816
4059	0.0191455
4060	0.0190076
4061	0.0187322
4062	0.0196371
4063	0.0203203
4064	0.0205061
4065	0.0196358
4066	0.0211335
4067	0.0203049
4068	0.0198423
4069	0.0187223
4070	0.0194396
4071	0.0185106
4072	0.0175743
4073	0.0168165
4074	0.0175333
4075	0.0182116
4076	0.0185134
4077	0.0183378
4078	0.0183099
4079	0.0173206
4080	0.0172798
4081	0.016339
4082	0.015505
4083	0.0149583
4084	0.0140205
4085	0.0127877
4086	0.0120415
4087	0.0126709
4088	0.0129779
4089	0.0123723
4090	0.0120872
4091	0.0121275
4092	0.011893
4093	0.0110271
4094	0.0112009
4095	0.0112624
4096	0.0110914
4097	0.0112999
4098	0.0114679
4099	0.011561
4100	0.011353
4101	0.0105343
4102	0.0101934
4103	0.0103397
4104	0.0100571
4105	0.00984598
4106	0.0097053
4107	0.0101279
4108	0.0100172
4109	0.0099043
4110	0.00989196
4111	0.00946965
4112	0.00981704
4113	0.0092757
4114	0.00909929
4115	0.00916973
4116	0.00883775
4117	0.0082188
4118	0.0086991
4119	0.00808747
4120	0.00792744
4121	0.0076357
4122	0.00830495
4123	0.00870353
4124	0.00910826
4125	0.00883295
4126	0.00866008
4127	0.00869497
4128	0.00862223
4129	0.00872713
4130	0.00940081
4131	0.0094226
4132	0.00943456
4133	0.00949025
4134	0.0103271
4135	0.0104509
4136	0.0110004
4137	0.0116978
4138	0.0118064
4139	0.0119087
4140	0.0120636
4141	0.0123402
4142	0.0123037
4143	0.0119987
4144	0.01281
4145	0.013216
4146	0.0142679
4147	0.0152685
4148	0.0154773
4149	0.0160645
4150	0.0154859
4151	0.01572
4152	0.0163222
4153	0.0159293
4154	0.015343
4155	0.0150272
4156	0.0164914
4157	0.0156706
4158	0.0151358
4159	0.0150165
4160	0.0144512
4161	0.0153332
4162	0.0153771
4163	0.0153087
4164	0.0152583
4165	0.0158466
4166	0.0160403
4167	0.0164192
4168	0.0155832
4169	0.0165274
4170	0.017514
4171	0.0195379
4172	0.0179084
4173	0.01874
4174	0.0173907
4175	0.0156955
4176	0.0158647
4177	0.0154144
4178	0.0152906
4179	0.0151115
4180	0.0147567
4181	0.01481
4182	0.0149187
4183	0.0144906
4184	0.0141731
4185	0.0138901
4186	0.0137192
4187	0.0124344
4188	0.0119073
4189	0.0121414
4190	0.0129898
4191	0.0138879
4192	0.0143773
4193	0.0131997
4194	0.0124345
4195	0.01214
4196	0.011799
4197	0.0111777
4198	0.0113404
4199	0.0107047
4200	0.0098842
4201	0.00948423
4202	0.00894871
4203	0.00902939
4204	0.00910398
4205	0.00913507
4206	0.00849303
4207	0.00900986
4208	0.00904865
4209	0.00923705
4210	0.00937563
4211	0.00951478
4212	0.00977525
4213	0.0103715
4214	0.0103642
4215	0.0101522
4216	0.00994644
4217	0.0100265
4218	0.0097169
4219	0.00962589
4220	0.00937992
4221	0.00946676
4222	0.00943166
4223	0.0100173
4224	0.0103615
4225	0.0110217
4226	0.00998666
4227	0.00983418
4228	0.00960498
4229	0.0102111
4230	0.00996505
4231	0.00960619
4232	0.0100383
4233	0.0100174
4234	0.0098558
4235	0.0103251
4236	0.00966997
4237	0.0104763
4238	0.0100909
4239	0.0100363
4240	0.0108318
4241	0.0117098
4242	0.0120836
4243	0.0120837
4244	0.0118945
4245	0.0128464
4246	0.0134335
4247	0.0143252
4248	0.0150395
4249	0.0152994
4250	0.0175948
4251	0.0181343
4252	0.0182615
4253	0.0186414
4254	0.0184021
4255	0.0190077
4256	0.0187855
4257	0.018584
4258	0.0172427
4259	0.0182016
4260	0.0182426
4261	0.0191478
4262	0.0191346
4263	0.0200778
4264	0.020953
4265	0.0210537
4266	0.0205145
4267	0.0200435
4268	0.0191587
4269	0.0176274
4270	0.0183979
4271	0.0195057
4272	0.0199766
4273	0.0203529
4274	0.0199813
4275	0.020175
4276	0.0188916
4277	0.0181504
4278	0.0171595
4279	0.018304
4280	0.0174484
4281	0.0167282
4282	0.0160286
4283	0.0148371
4284	0.0136162
4285	0.0130406
4286	0.0128437
4287	0.0130614
4288	0.0121275
4289	0.0120078
4290	0.0115778
4291	0.0112932
4292	0.0104406
4293	0.00984884
4294	0.0105518
4295	0.0100311
4296	0.01017
4297	0.0100093
4298	0.00994012
4299	0.00985454
4300	0.0102518
4301	0.0103115
4302	0.0102886
4303	0.00974126
4304	0.00945129
4305	0.00958784
4306	0.0100237
4307	0.00947988
4308	0.00973879
4309	0.00948552
4310	0.00985997
4311	0.0098335
4312	0.0092335
4313	0.00898042
4314	0.00820071
4315	0.00825083
4316	0.00815485
4317	0.00853761
4318	0.00860312
4319	0.00940621
4320	0.0095991
4321	0.0100564
4322	0.00984573
4323	0.00928254
4324	0.00930079
4325	0.00925206
4326	0.00973066
4327	0.00983966
4328	0.0097377
4329	0.00976285
4330	0.0092138
4331	0.0103099
4332	0.0105316
4333	0.0106198
4334	0.0100673
4335	0.0105648
4336	0.0111901
4337	0.0111559
4338	0.0112488
4339	0.0116071
4340	0.0118663
4341	0.0140866
4342	0.0139113
4343	0.0135749
4344	0.0130334
4345	0.0133657
4346	0.013861
4347	0.0141691
4348	0.0144734
4349	0.0153858
4350	0.0148552
4351	0.0148757
4352	0.015276
4353	0.014832
4354	0.0143423
4355	0.0138777
4356	0.0137011
4357	0.0123633
4358	0.0112409
4359	0.0104606
4360	0.0103108
4361	0.0112322
4362	0.0108401
4363	0.0115149
4364	0.0120243
4365	0.0120843
4366	0.0124578
4367	0.0124978
4368	0.0126542
4369	0.0129518
4370	0.0141261
4371	0.0139438
4372	0.0144816
4373	0.015349
4374	0.0147414
4375	0.0149867
4376	0.0139258
4377	0.0131232
4378	0.0133609
4379	0.0139654
4380	0.0141359
4381	0.0140872
4382	0.0140369
4383	0.0134361
4384	0.0134994
4385	0.0135387
4386	0.0136721
4387	0.0145006
4388	0.0143704
4389	0.0152191
4390	0.0159177
4391	0.0165659
4392	0.0167864
4393	0.0173202
4394	0.0177388
4395	0.0175259
4396	0.0177253
4397	0.0174723
4398	0.0181808
4399	0.0179818
4400	0.0178916
4401	0.0173602
4402	0.016755
4403	0.0167524
4404	0.0168975
4405	0.0175354
4406	0.0178331
4407	0.0179919
4408	0.0177257
4409	0.0167293
4410	0.0171653
4411	0.0169647
4412	0.0169582
4413	0.0172132
4414	0.0161687
4415	0.0156938
4416	0.0168937
4417	0.0159592
4418	0.0156127
4419	0.0158698
4420	0.0158265
4421	0.0159711
4422	0.0155354
4423	0.0162841
4424	0.0164652
4425	0.0148409
4426	0.0145569
4427	0.0136319
4428	0.0141231
4429	0.0137048
4430	0.0145683
4431	0.0141123
4432	0.0140717
4433	0.0141289
4434	0.0132369
4435	0.0126348
4436	0.012359
4437	0.0122883
4438	0.0128005
4439	0.0124616
4440	0.0124877
4441	0.0124367
4442	0.0122855
4443	0.012465
4444	0.011975
4445	0.0109371
4446	0.011925
4447	0.012455
4448	0.0115775
4449	0.0111538
4450	0.010092
4451	0.00980872
4452	0.00961201
4453	0.00947176
4454	0.0095765
4455	0.00960666
4456	0.0093448
4457	0.00896241
4458	0.00813682
4459	0.00794451
4460	0.00747686
4461	0.00723819
4462	0.00687118
4463	0.00693102
4464	0.00678766
4465	0.00675763
4466	0.0066483
4467	0.00648982
4468	0.00660114
4469	0.00651319
4470	0.00674957
4471	0.00711575
4472	0.00696791
4473	0.00731855
4474	0.00749601
4475	0.00772457
4476	0.00767165
4477	0.00787375
4478	0.00915752
4479	0.00922875
4480	0.00911595
4481	0.00910873
4482	0.00946486
4483	0.00961907
4484	0.0101103
4485	0.0100085
4486	0.00966307
4487	0.00931775
4488	0.00945164
4489	0.00944613
4490	0.00930241
4491	0.00927819
4492	0.00939699
4493	0.00947856
4494	0.00958967
4495	0.00994202
4496	0.00991292
4497	0.0100686
4498	0.0113646
4499	0.0128357
4500	0.0129764
4501	0.0135435
4502	0.0132632
4503	0.0138005
4504	0.0140703
4505	0.0139413
4506	0.0142317
4507	0.014707
4508	0.0144962
4509	0.0136569
4510	0.0135019
4511	0.0136242
4512	0.0141007
4513	0.0132592
4514	0.014441
4515	0.0146627
4516	0.016183
4517	0.0172158
4518	0.0187556
4519	0.0190747
4520	0.0213762
4521	0.0222026
4522	0.0227796
4523	0.0222053
4524	0.0226241
4525	0.0230023
4526	0.0235591
4527	0.0233318
4528	0.0235785
4529	0.0215307
4530	0.0209801
4531	0.0207209
4532	0.0199676
4533	0.0193709
4534	0.0186364
4535	0.0187634
4536	0.0177862
4537	0.0173429
4538	0.0178129
4539	0.0170815
4540	0.0163139
4541	0.0159431
4542	0.015485
4543	0.015023
4544	0.0149254
4545	0.0144134
4546	0.0139226
4547	0.0138061
4548	0.0130872
4549	0.0138072
4550	0.0140944
4551	0.0133916
4552	0.0133882
4553	0.0129602
4554	0.0128287
4555	0.012683
4556	0.0123054
4557	0.0127645
4558	0.0113756
4559	0.0115373
4560	0.0117504
4561	0.0110048
4562	0.0120075
4563	0.0115774
4564	0.0111034
4565	0.0105385
4566	0.00985666
4567	0.0102087
4568	0.00999069
4569	0.00986057
4570	0.00976805
4571	0.0103043
4572	0.0107757
4573	0.0110584
4574	0.0107094
4575	0.0101618
4576	0.0102756
4577	0.00972728
4578	0.00975331
4579	0.0094256
4580	0.00917734
4581	0.00927312
4582	0.00935753
4583	0.00939292
4584	0.00900775
4585	0.00834674
4586	0.00811552
4587	0.00839784
4588	0.00833612
4589	0.00839183
4590	0.00834481
4591	0.00880674
4592	0.00891103
4593	0.00897253
4594	0.00912746
4595	0.00934833
4596	0.00928723
4597	0.00936029
4598	0.0102154
4599	0.00993563
4600	0.0100964
4601	0.0104458
4602	0.010675
4603	0.0104765
4604	0.0104835
4605	0.00997965
4606	0.00929032
4607	0.00984483
4608	0.0103528
4609	0.010447
4610	0.0104388
4611	0.0112641
4612	0.0128213
4613	0.0125335
4614	0.0140149
4615	0.0140496
4616	0.0141263
4617	0.0140236
4618	0.0136622
4619	0.0137277
4620	0.0149831
4621	0.015747
4622	0.0166316
4623	0.0172964
4624	0.0187939
4625	0.018206
4626	0.018222
4627	0.0191485
4628	0.018143
4629	0.0183975
4630	0.0192255
4631	0.0182465
4632	0.0172395
4633	0.0167687
4634	0.0157847
4635	0.0161189
4636	0.0143022
4637	0.0128449
4638	0.0138383
4639	0.0141454
4640	0.0146702
4641	0.0153939
4642	0.0158183
4643	0.0161434
4644	0.0170501
4645	0.0170629
4646	0.0177557
4647	0.0172498
4648	0.0173347
4649	0.0174475
4650	0.0168486
4651	0.0163779
4652	0.0161406
4653	0.0163262
4654	0.015585
4655	0.0156414
4656	0.0159109
4657	0.0162114
4658	0.0152668
4659	0.0150733
4660	0.0154309
4661	0.0160613
4662	0.0152473
4663	0.0146097
4664	0.014865
4665	0.0151842
4666	0.015263
4667	0.0155753
4668	0.0153906
4669	0.0149148
4670	0.0142763
4671	0.0137083
4672	0.0142771
4673	0.0148033
4674	0.0147602
4675	0.0153731
4676	0.0158719
4677	0.0151524
4678	0.0151084
4679	0.0162168
4680	0.0169203
4681	0.0170302
4682	0.0168643
4683	0.0166658
4684	0.0181411
4685	0.0182588
4686	0.0177552
4687	0.0173333
4688	0.0171357
4689	0.0168402
4690	0.0159451
4691	0.0157678
4692	0.0155686
4693	0.0151765
4694	0.0146141
4695	0.0141543
4696	0.0131935
4697	0.0122608
4698	0.0117365
4699	0.0120133
4700	0.0116205
4701	0.0114172
4702	0.0107593
4703	0.010443
4704	0.010375
4705	0.00980665
4706	0.00969172
4707	0.0101251
4708	0.00985308
4709	0.00966499
4710	0.00901044
4711	0.00910207
4712	0.00926281
4713	0.00944658
4714	0.00930557
4715	0.00888352
4716	0.00895046
4717	0.00877631
4718	0.00916056
4719	0.00868434
4720	0.00816797
4721	0.00825322
4722	0.00859554
4723	0.00862817
4724	0.00860589
4725	0.00844551
4726	0.00885804
4727	0.00859801
4728	0.00828997
4729	0.00910945
4730	0.00899323
4731	0.00971093
4732	0.00954492
4733	0.00982643
4734	0.0102402
4735	0.0106983
4736	0.0107292
4737	0.0109727
4738	0.0113444
4739	0.0107151
4740	0.0102538
4741	0.010147
4742	0.0098694
4743	0.00929971
4744	0.00946816
4745	0.00965875
4746	0.00929419
4747	0.0100179
4748	0.00941261
4749	0.00968172
4750	0.0095445
4751	0.00926394
4752	0.00965498
4753	0.0101253
4754	0.0101172
4755	0.00980933
4756	0.00946532
4757	0.00941452
4758	0.00922427
4759	0.0101003
4760	0.0106542
4761	0.0101532
4762	0.0102344
4763	0.0103649
4764	0.0111821
4765	0.0118392
4766	0.0118942
4767	0.0113364
4768	0.0112374
4769	0.0110299
4770	0.011026
4771	0.0110955
4772	0.0113411
4773	0.0113361
4774	0.0109356
4775	0.0107114
4776	0.0104327
4777	0.0109094
4778	0.0111548
4779	0.0109728
4780	0.010591
4781	0.0111438
4782	0.011075
4783	0.0117867
4784	0.0109214
4785	0.0118621
4786	0.012037
4787	0.0125502
4788	0.0125999
4789	0.0132138
4790	0.0130753
4791	0.0149503
4792	0.013573
4793	0.0137471
4794	0.0141726
4795	0.0147965
4796	0.0157929
4797	0.0166072
4798	0.0175064
4799	0.0172466
4800	0.0173269
4801	0.0181803
4802	0.0179883
4803	0.0172842
4804	0.0173158
4805	0.0160302
4806	0.0163564
4807	0.0184239
4808	0.0189282
4809	0.0186283
4810	0.0196349
4811	0.0192145
4812	0.0185686
4813	0.0190074
4814	0.0195081
4815	0.0192634
4816	0.0194101
4817	0.0198226
4818	0.0190108
4819	0.0183873
4820	0.0187293
4821	0.0188095
4822	0.019153
4823	0.0183432
4824	0.0170169
4825	0.0180914
4826	0.0177845
4827	0.0170002
4828	0.0157373
4829	0.0147584
4830	0.0137939
4831	0.012975
4832	0.0133567
4833	0.0133513
4834	0.0127427
4835	0.0114602
4836	0.0118709
4837	0.0110603
4838	0.0108794
4839	0.010512
4840	0.0106158
4841	0.0103023
4842	0.010041
4843	0.0100572
4844	0.0102658
4845	0.0110602
4846	0.0107813
4847	0.0101493
4848	0.0101961
4849	0.00960981
4850	0.00951742
4851	0.00976761
4852	0.0098286
4853	0.0102216
4854	0.0110533
4855	0.0121283
4856	0.0126016
4857	0.0122455
4858	0.0117651
4859	0.012127
4860	0.0121629
4861	0.0120294
4862	0.0116812
4863	0.0114112
4864	0.0117727
4865	0.011408
4866	0.011528
4867	0.0117023
4868	0.0111363
4869	0.0108257
4870	0.0114098
4871	0.0123759
4872	0.0129541
4873	0.0125151
4874	0.0128894
4875	0.0130396
4876	0.0123587
4877	0.012078
4878	0.0127225
4879	0.0134544
4880	0.0137688
4881	0.0140902
4882	0.0138497
4883	0.0148801
4884	0.0143845
4885	0.0147915
4886	0.0149214
4887	0.0151784
4888	0.0155553
4889	0.0150949
4890	0.016466
4891	0.0170409
4892	0.0164301
4893	0.0168743
4894	0.016395
4895	0.015629
4896	0.0155809
4897	0.0154631
4898	0.0160704
4899	0.016337
4900	0.0163673
4901	0.0158758
4902	0.0154471
4903	0.01498
4904	0.0138043
4905	0.012912
4906	0.0122966
4907	0.0130644
4908	0.0136169
4909	0.0138894
4910	0.0137162
4911	0.0131245
4912	0.0134726
4913	0.013846
4914	0.0141171
4915	0.0138733
4916	0.0130455
4917	0.0128063
4918	0.0127106
4919	0.0123702
4920	0.0123707
4921	0.0116576
4922	0.0124355
4923	0.0114805
4924	0.0120681
4925	0.0122518
4926	0.0118271
4927	0.0115236
4928	0.0126319
4929	0.0125073
4930	0.0136675
4931	0.0138833
4932	0.0126596
4933	0.0122573
4934	0.0119535
4935	0.0120154
4936	0.0122245
4937	0.0120469
4938	0.0128013
4939	0.0130348
4940	0.0134811
4941	0.0136495
4942	0.013886
4943	0.0128436
4944	0.0126841
4945	0.0124294
4946	0.0128235
4947	0.0126561
4948	0.0124815
4949	0.011876
4950	0.0110685
4951	0.0105707
4952	0.0112151
4953	0.0110396
4954	0.0112372
4955	0.0112572
4956	0.0106435
4957	0.01102
4958	0.011135
4959	0.0114724
4960	0.0115911
4961	0.0122201
4962	0.0126584
4963	0.0114447
4964	0.0113477
4965	0.0104101
4966	0.0108779
4967	0.0117796
4968	0.0119412
4969	0.0112779
4970	0.0109672
4971	0.0107833
4972	0.0108933
4973	0.0108993
4974	0.0105215
4975	0.0102124
4976	0.0101088
4977	0.00997153
4978	0.0100257
4979	0.00997988
4980	0.010112
4981	0.0108806
4982	0.0110715
4983	0.0104807
4984	0.010889
4985	0.0115521
4986	0.0120188
4987	0.0120963
4988	0.0121622
4989	0.0119769
4990	0.0120405
4991	0.011623
4992	0.011649
4993	0.0119569
4994	0.0114211
4995	0.0116978
4996	0.0116167
4997	0.0119503
4998	0.0119788
4999	0.0129069
5000	0.0128206
