#realizzazioni=200

0	0.01
1	0.0165778
2	0.0277733
3	0.0450592
4	0.0711387
5	0.108549
6	0.156573
7	0.209011
8	0.258055
9	0.292284
10	0.307442
11	0.305804
12	0.288353
13	0.262753
14	0.233025
15	0.203887
16	0.175067
17	0.149225
18	0.126264
19	0.106321
20	0.0893037
21	0.0747524
22	0.062602
23	0.052362
24	0.0437735
25	0.0366929
26	0.0307754
27	0.0259006
28	0.02186
29	0.0184469
30	0.0155881
31	0.0132206
32	0.0112367
33	0.00956198
34	0.0081739
35	0.00699699
36	0.00599749
37	0.0051616
38	0.00445261
39	0.00386682
40	0.0033552
41	0.00292119
42	0.00255612
43	0.00224099
44	0.00197461
45	0.00174496
46	0.00154782
47	0.00137177
48	0.00122463
49	0.0010965
50	0.000982878
51	0.000882915
52	0.000795517
53	0.000720883
54	0.000654297
55	0.000594125
56	0.000541604
57	0.000496473
58	0.000455744
59	0.000418813
60	0.000386051
61	0.000359269
62	0.000333462
63	0.000310712
64	0.000290322
65	0.000270504
66	0.000254893
67	0.000240368
68	0.00022719
69	0.000215649
70	0.000204484
71	0.000194718
72	0.000185749
73	0.000178007
74	0.000171326
75	0.000165657
76	0.000160141
77	0.000155124
78	0.000151571
79	0.000147412
80	0.000143293
81	0.000140269
82	0.000136772
83	0.000134486
84	0.000132344
85	0.000130703
86	0.00012973
87	0.000128946
88	0.000128027
89	0.000128206
90	0.000128396
91	0.000128984
92	0.000129587
93	0.000131642
94	0.000133503
95	0.00013536
96	0.00013751
97	0.000141026
98	0.000143995
99	0.00014732
100	0.0001515
101	0.000156263
102	0.000160409
103	0.000166027
104	0.000172006
105	0.000178933
106	0.00018694
107	0.000195107
108	0.000203336
109	0.000213885
110	0.000225437
111	0.000236839
112	0.00025047
113	0.000264171
114	0.000277959
115	0.000296714
116	0.000318483
117	0.000338772
118	0.000361916
119	0.000387364
120	0.000419125
121	0.000448105
122	0.000486328
123	0.000523176
124	0.000566585
125	0.000615332
126	0.000669779
127	0.000729843
128	0.000796592
129	0.000864301
130	0.000941318
131	0.00104062
132	0.00114931
133	0.00127536
134	0.00141351
135	0.00156533
136	0.00174016
137	0.00192036
138	0.00211902
139	0.00236168
140	0.00262599
141	0.00293294
142	0.00328552
143	0.00368233
144	0.00410874
145	0.00456313
146	0.00506836
147	0.00563689
148	0.00631142
149	0.00708045
150	0.00795758
151	0.0089164
152	0.00997806
153	0.0110955
154	0.0123519
155	0.0136922
156	0.0150672
157	0.0167243
158	0.0182508
159	0.0200134
160	0.0219257
161	0.0240685
162	0.0258391
163	0.0276805
164	0.0298259
165	0.0321745
166	0.0341736
167	0.0362681
168	0.0380845
169	0.0396411
170	0.0412643
171	0.0425439
172	0.0437152
173	0.0445537
174	0.045327
175	0.0456273
176	0.0457442
177	0.0457918
178	0.0454798
179	0.0447622
180	0.0439449
181	0.0428083
182	0.0415135
183	0.0400346
184	0.0386381
185	0.037064
186	0.0355495
187	0.0339266
188	0.0323475
189	0.0308334
190	0.0292436
191	0.0276858
192	0.0261241
193	0.0247265
194	0.0232654
195	0.0219457
196	0.0206867
197	0.0194164
198	0.0182855
199	0.0172488
200	0.0162924
201	0.0153476
202	0.0144462
203	0.0136128
204	0.0128429
205	0.0120975
206	0.0114201
207	0.0107867
208	0.010178
209	0.00962525
210	0.00911541
211	0.00866969
212	0.00824658
213	0.00786977
214	0.00751326
215	0.00719591
216	0.00691976
217	0.00662459
218	0.00638662
219	0.00619795
220	0.00598686
221	0.00577125
222	0.00557716
223	0.00539438
224	0.00524653
225	0.0051164
226	0.00501204
227	0.00489079
228	0.00478736
229	0.00470669
230	0.00461272
231	0.00453341
232	0.00447508
233	0.00443869
234	0.0043997
235	0.00434885
236	0.00430886
237	0.00428423
238	0.00427817
239	0.00430045
240	0.00430848
241	0.0043151
242	0.00434113
243	0.00438398
244	0.00438615
245	0.00441142
246	0.00444364
247	0.00452071
248	0.00460668
249	0.00466766
250	0.0047475
251	0.00482945
252	0.00494612
253	0.00503721
254	0.00516896
255	0.00528822
256	0.00546182
257	0.0056058
258	0.00580219
259	0.00594432
260	0.00611907
261	0.00630298
262	0.00656587
263	0.00679584
264	0.00701378
265	0.00728776
266	0.00750641
267	0.00780665
268	0.00809408
269	0.00835615
270	0.00861414
271	0.00891068
272	0.00923707
273	0.00953499
274	0.00989617
275	0.0103224
276	0.0107184
277	0.0110619
278	0.0114879
279	0.0119524
280	0.0123357
281	0.0127727
282	0.0131681
283	0.0136056
284	0.0140763
285	0.0145182
286	0.0150295
287	0.0155734
288	0.0159537
289	0.016491
290	0.0169981
291	0.0174605
292	0.0180068
293	0.0184275
294	0.018998
295	0.019375
296	0.0198392
297	0.0202541
298	0.0206285
299	0.0209166
300	0.0212108
301	0.0215213
302	0.0218104
303	0.022021
304	0.0221759
305	0.0223618
306	0.0224568
307	0.0224307
308	0.0223708
309	0.0223376
310	0.0222547
311	0.0220971
312	0.0219268
313	0.02164
314	0.0213953
315	0.0211243
316	0.0208491
317	0.0205569
318	0.0202455
319	0.0199871
320	0.0196435
321	0.0192414
322	0.0188983
323	0.018499
324	0.0181662
325	0.0177429
326	0.0173543
327	0.0169055
328	0.0165265
329	0.0161776
330	0.0158658
331	0.0155022
332	0.0151544
333	0.0148344
334	0.0143985
335	0.014147
336	0.0138678
337	0.0134907
338	0.0131637
339	0.0128701
340	0.0125775
341	0.0123102
342	0.0120328
343	0.0118109
344	0.0115759
345	0.0113509
346	0.0111349
347	0.01095
348	0.0107147
349	0.0105221
350	0.0103805
351	0.0102258
352	0.0101159
353	0.00995234
354	0.00977116
355	0.00965683
356	0.00957085
357	0.00945615
358	0.00934131
359	0.00923774
360	0.00916044
361	0.00915886
362	0.00915669
363	0.00909734
364	0.009081
365	0.00906398
366	0.00904245
367	0.00905521
368	0.00904023
369	0.00903662
370	0.00910539
371	0.00913409
372	0.00918484
373	0.00919906
374	0.00921922
375	0.00926698
376	0.0093259
377	0.0093318
378	0.00935284
379	0.0094408
380	0.00956254
381	0.00966519
382	0.00978771
383	0.00992612
384	0.0100563
385	0.0101758
386	0.0102937
387	0.0104162
388	0.0105136
389	0.0106075
390	0.0106703
391	0.0107862
392	0.0109238
393	0.0110501
394	0.0111901
395	0.0112892
396	0.011432
397	0.0114959
398	0.0116514
399	0.0118045
400	0.0119457
401	0.0121722
402	0.0123463
403	0.012546
404	0.0127206
405	0.0128393
406	0.0129685
407	0.0131773
408	0.0133243
409	0.0135119
410	0.0137155
411	0.0138194
412	0.0139259
413	0.0139994
414	0.0141896
415	0.0143294
416	0.0145236
417	0.0146428
418	0.014762
419	0.014885
420	0.0150465
421	0.0151346
422	0.0151621
423	0.015227
424	0.0153311
425	0.015445
426	0.0155282
427	0.0156537
428	0.0156485
429	0.0157218
430	0.015856
431	0.015929
432	0.0159575
433	0.015948
434	0.0160127
435	0.0160451
436	0.0159072
437	0.0159087
438	0.0159025
439	0.0158827
440	0.0158523
441	0.0158512
442	0.0158328
443	0.0158021
444	0.0157863
445	0.0157186
446	0.0156302
447	0.0154887
448	0.0154577
449	0.0153923
450	0.0152392
451	0.0150813
452	0.0149854
453	0.0149576
454	0.0148724
455	0.0147599
456	0.0146223
457	0.0144828
458	0.014414
459	0.0142615
460	0.0141821
461	0.0140357
462	0.0139576
463	0.0139192
464	0.0138032
465	0.0136534
466	0.0135498
467	0.0134036
468	0.0132693
469	0.0131789
470	0.0130708
471	0.0129624
472	0.0128354
473	0.0127947
474	0.0128195
475	0.0127677
476	0.0126946
477	0.0126442
478	0.0125963
479	0.0124547
480	0.0123906
481	0.0123296
482	0.0122263
483	0.0121451
484	0.0120898
485	0.011997
486	0.0118957
487	0.0117779
488	0.0118076
489	0.0117155
490	0.0116002
491	0.0115607
492	0.0115051
493	0.011445
494	0.0114293
495	0.0114414
496	0.0114254
497	0.011388
498	0.0113701
499	0.0113282
500	0.011299
501	0.0113187
502	0.011324
503	0.011401
504	0.011424
505	0.0114408
506	0.0114614
507	0.0114914
508	0.0115568
509	0.0115397
510	0.0115302
511	0.0116024
512	0.0117098
513	0.0117834
514	0.0118145
515	0.0118399
516	0.0119079
517	0.0120124
518	0.012041
519	0.012117
520	0.0122275
521	0.0122654
522	0.0123301
523	0.0123898
524	0.0124905
525	0.0125769
526	0.0125667
527	0.0126788
528	0.0127572
529	0.0128165
530	0.0129477
531	0.013003
532	0.0131081
533	0.0131154
534	0.0131971
535	0.0132166
536	0.0132672
537	0.0132855
538	0.013311
539	0.0133139
540	0.0134094
541	0.0134881
542	0.0136001
543	0.013717
544	0.0137482
545	0.0138432
546	0.0138434
547	0.0139232
548	0.0139205
549	0.0138779
550	0.0138691
551	0.013889
552	0.0139169
553	0.0139033
554	0.0138741
555	0.0139306
556	0.0139876
557	0.0140264
558	0.0140686
559	0.0140752
560	0.0141123
561	0.0140924
562	0.0141001
563	0.014157
564	0.014142
565	0.0141427
566	0.0140432
567	0.0140468
568	0.0140256
569	0.0140699
570	0.014092
571	0.0141015
572	0.0140849
573	0.0141236
574	0.0141194
575	0.0141141
576	0.0140255
577	0.0139841
578	0.0139125
579	0.0138622
580	0.0138466
581	0.0137779
582	0.0136812
583	0.0136611
584	0.0135867
585	0.0136126
586	0.0135775
587	0.0136528
588	0.0136715
589	0.0136299
590	0.0136227
591	0.0136274
592	0.0136104
593	0.0135205
594	0.0134766
595	0.0134328
596	0.0133527
597	0.0132886
598	0.0132654
599	0.0131802
600	0.0131211
601	0.0130738
602	0.0129417
603	0.0129256
604	0.0129675
605	0.012926
606	0.0128739
607	0.0128553
608	0.0128447
609	0.0128453
610	0.0128388
611	0.0128263
612	0.0128114
613	0.0127165
614	0.0127
615	0.0127032
616	0.0126838
617	0.0126239
618	0.012592
619	0.0126594
620	0.0126155
621	0.0127123
622	0.0128002
623	0.0128388
624	0.0127776
625	0.0127694
626	0.0128697
627	0.0128991
628	0.0128839
629	0.0128787
630	0.0128962
631	0.0127868
632	0.0128089
633	0.0127927
634	0.0127488
635	0.0127335
636	0.0127561
637	0.0128617
638	0.0128716
639	0.0128978
640	0.0129448
641	0.0129903
642	0.0129754
643	0.0130002
644	0.0129473
645	0.0129362
646	0.0129024
647	0.0128472
648	0.0128049
649	0.0128107
650	0.0128258
651	0.0128446
652	0.0128983
653	0.012919
654	0.0129239
655	0.0129134
656	0.0129169
657	0.0129472
658	0.012969
659	0.013008
660	0.0129672
661	0.0129718
662	0.0129487
663	0.0129829
664	0.0130294
665	0.0130875
666	0.0131116
667	0.0131723
668	0.0131843
669	0.0132216
670	0.0132102
671	0.0132619
672	0.0132578
673	0.0132534
674	0.0132824
675	0.0132863
676	0.0132437
677	0.0132622
678	0.0132586
679	0.0132276
680	0.0132835
681	0.0132268
682	0.0133095
683	0.0133563
684	0.0134036
685	0.0134182
686	0.0135323
687	0.0135143
688	0.0135531
689	0.013541
690	0.013616
691	0.0135024
692	0.0135449
693	0.0134942
694	0.0134124
695	0.0133738
696	0.0134013
697	0.0134007
698	0.0133649
699	0.0132823
700	0.0132659
701	0.0131834
702	0.0131337
703	0.013144
704	0.0131063
705	0.0132104
706	0.0132175
707	0.0132158
708	0.0132204
709	0.0132309
710	0.013166
711	0.0131405
712	0.0131069
713	0.0131049
714	0.0131166
715	0.0130672
716	0.0130001
717	0.013043
718	0.0129745
719	0.0129098
720	0.0129075
721	0.0128546
722	0.0128507
723	0.0128559
724	0.0128566
725	0.0128078
726	0.0128293
727	0.0128592
728	0.0128764
729	0.0128521
730	0.0128994
731	0.0129316
732	0.0128905
733	0.0128908
734	0.0128215
735	0.0127777
736	0.0128401
737	0.0128415
738	0.0127989
739	0.0128868
740	0.0129221
741	0.0129429
742	0.0129235
743	0.0129531
744	0.0129173
745	0.0129562
746	0.0130079
747	0.0130876
748	0.0131478
749	0.0131798
750	0.013153
751	0.0131927
752	0.013174
753	0.0131328
754	0.0132531
755	0.0131685
756	0.0131827
757	0.0131853
758	0.0131732
759	0.0131641
760	0.013124
761	0.0131214
762	0.0131039
763	0.0130637
764	0.0131728
765	0.0131509
766	0.0131243
767	0.0131211
768	0.0130794
769	0.0131263
770	0.0131443
771	0.0131849
772	0.0131832
773	0.0131635
774	0.0130743
775	0.0131325
776	0.0130936
777	0.013174
778	0.0131897
779	0.013266
780	0.013273
781	0.0133185
782	0.0133378
783	0.0133118
784	0.0133381
785	0.0132995
786	0.0132936
787	0.0132951
788	0.0133279
789	0.0133842
790	0.0133141
791	0.0132612
792	0.0132275
793	0.0132592
794	0.0132321
795	0.0132674
796	0.0132318
797	0.0132682
798	0.0131936
799	0.0131466
800	0.0131782
801	0.0131575
802	0.01322
803	0.0132156
804	0.0132003
805	0.0131873
806	0.0131674
807	0.0132539
808	0.0132537
809	0.0132892
810	0.0132227
811	0.0131389
812	0.0131866
813	0.0132086
814	0.0131896
815	0.0131945
816	0.0131616
817	0.0131836
818	0.0131592
819	0.0131457
820	0.0131198
821	0.0131022
822	0.0131439
823	0.0131359
824	0.0131562
825	0.0131507
826	0.0131647
827	0.0131503
828	0.0131514
829	0.0131764
830	0.013194
831	0.0132184
832	0.0132445
833	0.0132115
834	0.0132421
835	0.0132127
836	0.0132208
837	0.0132365
838	0.0131854
839	0.0131422
840	0.0131231
841	0.0130705
842	0.013044
843	0.0130688
844	0.0129692
845	0.0128373
846	0.0128867
847	0.0129579
848	0.0129329
849	0.0129404
850	0.0128679
851	0.0128796
852	0.0129355
853	0.0129341
854	0.0128866
855	0.0129354
856	0.0128955
857	0.0128622
858	0.012924
859	0.0129815
860	0.0129091
861	0.0128558
862	0.0128644
863	0.0129335
864	0.0129475
865	0.0129713
866	0.0129808
867	0.0129455
868	0.012958
869	0.0129521
870	0.0129633
871	0.0129476
872	0.0129353
873	0.01288
874	0.01292
875	0.0130055
876	0.0129892
877	0.0130486
878	0.0131402
879	0.0130923
880	0.0131101
881	0.0131333
882	0.013106
883	0.0131382
884	0.0132273
885	0.0131804
886	0.0131366
887	0.0132373
888	0.0132276
889	0.0131212
890	0.0130837
891	0.0130374
892	0.0130243
893	0.0129926
894	0.013062
895	0.01306
896	0.0130483
897	0.0130401
898	0.0130228
899	0.0130576
900	0.0131106
901	0.0131137
902	0.0131019
903	0.0131397
904	0.0131203
905	0.0130894
906	0.0130846
907	0.0130144
908	0.0129638
909	0.0129932
910	0.0129895
911	0.0129804
912	0.0130474
913	0.0130032
914	0.0129858
915	0.0129638
916	0.0130522
917	0.0130943
918	0.0131089
919	0.0131725
920	0.0131103
921	0.0132027
922	0.0132641
923	0.0132609
924	0.013275
925	0.0133187
926	0.0133351
927	0.0133244
928	0.0133438
929	0.0133488
930	0.0134304
931	0.0134756
932	0.0135237
933	0.0135223
934	0.0134626
935	0.0134865
936	0.0134201
937	0.0133079
938	0.0132588
939	0.0133051
940	0.01326
941	0.0133005
942	0.0132632
943	0.0133156
944	0.0132491
945	0.0131975
946	0.0131141
947	0.0130969
948	0.0131142
949	0.0131619
950	0.0131568
951	0.0131016
952	0.013082
953	0.0131028
954	0.0130436
955	0.0130273
956	0.0130163
957	0.0130185
958	0.0129733
959	0.0129378
960	0.0129466
961	0.0129242
962	0.0129371
963	0.0129446
964	0.0129629
965	0.0128842
966	0.0128777
967	0.0128576
968	0.012862
969	0.0128461
970	0.0129064
971	0.0130014
972	0.0130528
973	0.0130324
974	0.013023
975	0.0129608
976	0.0129809
977	0.0130595
978	0.0130393
979	0.0129975
980	0.0129976
981	0.0130669
982	0.0130308
983	0.0130098
984	0.0130022
985	0.0131048
986	0.0130835
987	0.0131539
988	0.0131126
989	0.0131375
990	0.0131523
991	0.0132153
992	0.0131964
993	0.0132366
994	0.0132588
995	0.0132881
996	0.0132582
997	0.0132737
998	0.0132802
999	0.0132326
1000	0.0132322
1001	0.013211
1002	0.0132026
1003	0.013182
1004	0.0132473
1005	0.0131999
1006	0.0131963
1007	0.0132142
1008	0.0132232
1009	0.0132977
1010	0.0134199
1011	0.0133979
1012	0.0134322
1013	0.0134518
1014	0.0133935
1015	0.0133335
1016	0.0133
1017	0.0132599
1018	0.0132449
1019	0.0131942
1020	0.0131191
1021	0.0131199
1022	0.0131529
1023	0.0131543
1024	0.0131205
1025	0.0130958
1026	0.0131165
1027	0.0131359
1028	0.0131436
1029	0.013176
1030	0.0131654
1031	0.0131952
1032	0.0131765
1033	0.0131785
1034	0.0131519
1035	0.0131256
1036	0.0131315
1037	0.0130949
1038	0.0131722
1039	0.0131512
1040	0.0131244
1041	0.0131631
1042	0.0132023
1043	0.0131906
1044	0.0132005
1045	0.0133038
1046	0.0132152
1047	0.0131501
1048	0.0132073
1049	0.0130915
1050	0.0130691
1051	0.013039
1052	0.0130346
1053	0.0131085
1054	0.0130841
1055	0.0130832
1056	0.0130984
1057	0.0131201
1058	0.0131421
1059	0.0130341
1060	0.013079
1061	0.0131396
1062	0.0130266
1063	0.0130541
1064	0.0130059
1065	0.0129943
1066	0.0130343
1067	0.0130236
1068	0.013011
1069	0.0130163
1070	0.0130117
1071	0.0129493
1072	0.0129269
1073	0.0128419
1074	0.0128171
1075	0.0127731
1076	0.0127738
1077	0.0128086
1078	0.0128371
1079	0.0127639
1080	0.0127406
1081	0.0127585
1082	0.012846
1083	0.0128396
1084	0.0128476
1085	0.0128306
1086	0.0128029
1087	0.0128147
1088	0.0128357
1089	0.0128368
1090	0.0129131
1091	0.0129753
1092	0.0130733
1093	0.0130831
1094	0.0131321
1095	0.0130976
1096	0.0131106
1097	0.013184
1098	0.0132672
1099	0.0132497
1100	0.0133062
1101	0.0132824
1102	0.0132919
1103	0.0132902
1104	0.0133097
1105	0.0133441
1106	0.0133791
1107	0.0133691
1108	0.0134147
1109	0.0133761
1110	0.0133927
1111	0.0134047
1112	0.0134105
1113	0.0134865
1114	0.0134762
1115	0.0134781
1116	0.0135252
1117	0.0135014
1118	0.0134917
1119	0.0135245
1120	0.0135132
1121	0.0134898
1122	0.0134889
1123	0.0135345
1124	0.0135534
1125	0.0135577
1126	0.013534
1127	0.0135066
1128	0.0134902
1129	0.013451
1130	0.0134118
1131	0.0133806
1132	0.0133247
1133	0.0133503
1134	0.0132662
1135	0.0133057
1136	0.0133264
1137	0.0133503
1138	0.0133508
1139	0.0133181
1140	0.0133041
1141	0.0132843
1142	0.0132371
1143	0.0132125
1144	0.0131913
1145	0.0132595
1146	0.0132772
1147	0.0132494
1148	0.0132216
1149	0.0132713
1150	0.0132301
1151	0.0132305
1152	0.0132655
1153	0.0132089
1154	0.013234
1155	0.0132169
1156	0.0131949
1157	0.0132317
1158	0.0131945
1159	0.0131923
1160	0.0132241
1161	0.0131366
1162	0.01311
1163	0.0131163
1164	0.0130435
1165	0.0130099
1166	0.0130221
1167	0.0130649
1168	0.0130577
1169	0.0130378
1170	0.0130246
1171	0.013083
1172	0.0130774
1173	0.0130806
1174	0.0130433
1175	0.0130279
1176	0.0129535
1177	0.0129965
1178	0.0130332
1179	0.0130455
1180	0.0130398
1181	0.0129595
1182	0.0130526
1183	0.013054
1184	0.0131035
1185	0.0130784
1186	0.0130562
1187	0.0131236
1188	0.0131167
1189	0.0130826
1190	0.0130681
1191	0.0130428
1192	0.0130219
1193	0.0130442
1194	0.0130518
1195	0.0130455
1196	0.0130527
1197	0.013106
1198	0.0130557
1199	0.0130579
1200	0.013073
1201	0.0130928
1202	0.0131618
1203	0.0132109
1204	0.0132194
1205	0.0132044
1206	0.0131732
1207	0.0131252
1208	0.0131052
1209	0.0130642
1210	0.0130289
1211	0.0130195
1212	0.0130339
1213	0.0129979
1214	0.0130075
1215	0.0130196
1216	0.0130012
1217	0.0129714
1218	0.0129286
1219	0.0128985
1220	0.0128963
1221	0.0129339
1222	0.0129538
1223	0.0129437
1224	0.0129309
1225	0.0129747
1226	0.0129825
1227	0.0129417
1228	0.013015
1229	0.013033
1230	0.0130438
1231	0.0129967
1232	0.0130513
1233	0.0130461
1234	0.0130147
1235	0.0129901
1236	0.0131014
1237	0.0131829
1238	0.0131454
1239	0.0131361
1240	0.0131363
1241	0.013155
1242	0.0131744
1243	0.0131544
1244	0.0131531
1245	0.0131121
1246	0.013119
1247	0.0130915
1248	0.0131848
1249	0.01326
1250	0.0131966
1251	0.0132105
1252	0.0131441
1253	0.0131526
1254	0.0131559
1255	0.0131476
1256	0.0131618
1257	0.0131336
1258	0.0130897
1259	0.0131525
1260	0.013182
1261	0.013196
1262	0.0131929
1263	0.0132371
1264	0.0132282
1265	0.0132783
1266	0.0133495
1267	0.0133547
1268	0.013336
1269	0.0133964
1270	0.0134072
1271	0.0134477
1272	0.0134572
1273	0.0134892
1274	0.0135014
1275	0.0135447
1276	0.0136165
1277	0.0135921
1278	0.0136357
1279	0.0136784
1280	0.0136381
1281	0.0135551
1282	0.0134477
1283	0.0134319
1284	0.013458
1285	0.0135232
1286	0.0135007
1287	0.0134792
1288	0.0134791
1289	0.0135036
1290	0.0134504
1291	0.0134708
1292	0.0135749
1293	0.0135697
1294	0.013605
1295	0.0135954
1296	0.0136178
1297	0.0136969
1298	0.0136757
1299	0.013639
1300	0.0135811
1301	0.0135106
1302	0.0134003
1303	0.013363
1304	0.0133206
1305	0.0132135
1306	0.0132497
1307	0.013203
1308	0.0131228
1309	0.013042
1310	0.01297
1311	0.0129919
1312	0.0129418
1313	0.0129071
1314	0.0129257
1315	0.0129564
1316	0.0129059
1317	0.0128238
1318	0.0128509
1319	0.0128281
1320	0.0127913
1321	0.0128639
1322	0.0128262
1323	0.0128268
1324	0.0127912
1325	0.0127195
1326	0.0126725
1327	0.0126693
1328	0.0126585
1329	0.0126749
1330	0.0126581
1331	0.0126512
1332	0.0126454
1333	0.0126964
1334	0.0127
1335	0.0126506
1336	0.0126307
1337	0.0126663
1338	0.0126818
1339	0.012677
1340	0.0126976
1341	0.012661
1342	0.0126539
1343	0.0126137
1344	0.0126237
1345	0.0126111
1346	0.0125961
1347	0.0125908
1348	0.0125401
1349	0.0125022
1350	0.0124428
1351	0.0124062
1352	0.0124082
1353	0.0123867
1354	0.0124077
1355	0.0123599
1356	0.012355
1357	0.0123986
1358	0.0123409
1359	0.0123272
1360	0.0123784
1361	0.0123882
1362	0.0124587
1363	0.0124716
1364	0.012492
1365	0.0124902
1366	0.0125338
1367	0.0125687
1368	0.0126522
1369	0.0128181
1370	0.0128934
1371	0.0130125
1372	0.0130928
1373	0.0131141
1374	0.013159
1375	0.0131951
1376	0.0131913
1377	0.0132228
1378	0.0132541
1379	0.0132789
1380	0.0133821
1381	0.0134677
1382	0.0134924
1383	0.0135132
1384	0.0136033
1385	0.0136132
1386	0.0135818
1387	0.0136401
1388	0.0135682
1389	0.0136133
1390	0.0136473
1391	0.0137227
1392	0.0136794
1393	0.0137197
1394	0.0137109
1395	0.0137864
1396	0.0138229
1397	0.0138044
1398	0.013892
1399	0.0139224
1400	0.0139705
1401	0.0139282
1402	0.013955
1403	0.0139383
1404	0.0139074
1405	0.0139192
1406	0.0139571
1407	0.0140441
1408	0.0139737
1409	0.0140099
1410	0.0139988
1411	0.0139179
1412	0.0138422
1413	0.0137966
1414	0.0137614
1415	0.0137692
1416	0.0136713
1417	0.0136721
1418	0.0136248
1419	0.0136126
1420	0.0136181
1421	0.0136251
1422	0.0135585
1423	0.0135257
1424	0.013501
1425	0.0134346
1426	0.0134181
1427	0.0133245
1428	0.0132219
1429	0.0132138
1430	0.013219
1431	0.0132359
1432	0.0131826
1433	0.013217
1434	0.0131411
1435	0.0130578
1436	0.0130513
1437	0.0130101
1438	0.0130396
1439	0.0130682
1440	0.013044
1441	0.0129742
1442	0.0129275
1443	0.0128738
1444	0.0128229
1445	0.0127941
1446	0.012748
1447	0.0126896
1448	0.0126942
1449	0.012727
1450	0.0127229
1451	0.0127172
1452	0.0126572
1453	0.0126822
1454	0.0126383
1455	0.0126357
1456	0.0126622
1457	0.0126631
1458	0.012659
1459	0.0127381
1460	0.0127674
1461	0.0127582
1462	0.0126806
1463	0.0126571
1464	0.0127335
1465	0.0128043
1466	0.0127841
1467	0.0127804
1468	0.0128067
1469	0.0128443
1470	0.0129313
1471	0.0129391
1472	0.0129227
1473	0.0128969
1474	0.0129099
1475	0.0129054
1476	0.0129231
1477	0.012918
1478	0.0129961
1479	0.0130078
1480	0.0130034
1481	0.0129817
1482	0.0129265
1483	0.0129116
1484	0.0129786
1485	0.0129683
1486	0.0129886
1487	0.0130244
1488	0.0130902
1489	0.0131381
1490	0.0130438
1491	0.0130966
1492	0.0131182
1493	0.0131002
1494	0.0130977
1495	0.0130726
1496	0.0131052
1497	0.0131752
1498	0.0131848
1499	0.0132001
1500	0.0132356
1501	0.0132132
1502	0.0131604
1503	0.0130867
1504	0.0130489
1505	0.0130447
1506	0.0130641
1507	0.0130909
1508	0.01311
1509	0.0130684
1510	0.0131293
1511	0.0130177
1512	0.0130325
1513	0.0130557
1514	0.0129753
1515	0.0130306
1516	0.0129877
1517	0.0130177
1518	0.0130006
1519	0.0130709
1520	0.0130902
1521	0.0131119
1522	0.0130965
1523	0.013121
1524	0.0130883
1525	0.0130759
1526	0.0131923
1527	0.0131796
1528	0.0132514
1529	0.0132013
1530	0.0132442
1531	0.0132745
1532	0.0132817
1533	0.0132788
1534	0.0132468
1535	0.0132766
1536	0.0132572
1537	0.013301
1538	0.0133202
1539	0.0132699
1540	0.0132467
1541	0.0132801
1542	0.0133252
1543	0.0132781
1544	0.013331
1545	0.0133112
1546	0.0132759
1547	0.013373
1548	0.0133521
1549	0.013284
1550	0.0132955
1551	0.013288
1552	0.0132739
1553	0.0132194
1554	0.0132776
1555	0.0132651
1556	0.0132632
1557	0.0132277
1558	0.0132211
1559	0.013213
1560	0.0131765
1561	0.013171
1562	0.0131852
1563	0.0131694
1564	0.0131665
1565	0.0132189
1566	0.0131546
1567	0.0131073
1568	0.0131467
1569	0.0131335
1570	0.0132032
1571	0.0132034
1572	0.0131914
1573	0.0131589
1574	0.0131645
1575	0.0131323
1576	0.0131194
1577	0.0131568
1578	0.0131899
1579	0.0131509
1580	0.0132004
1581	0.0131598
1582	0.0131738
1583	0.0131755
1584	0.0132981
1585	0.0132761
1586	0.0131849
1587	0.0132083
1588	0.0132225
1589	0.0131853
1590	0.0131639
1591	0.013199
1592	0.013216
1593	0.0132155
1594	0.013255
1595	0.0132546
1596	0.0133299
1597	0.0133517
1598	0.013368
1599	0.0133532
1600	0.0134133
1601	0.013392
1602	0.0133703
1603	0.0133342
1604	0.0133013
1605	0.0132816
1606	0.0132269
1607	0.013215
1608	0.0132325
1609	0.0132681
1610	0.0132091
1611	0.0132925
1612	0.0132114
1613	0.013203
1614	0.0132235
1615	0.0132277
1616	0.0132561
1617	0.0133084
1618	0.0132773
1619	0.0131584
1620	0.0131264
1621	0.0130177
1622	0.0129695
1623	0.0128585
1624	0.0128501
1625	0.0129277
1626	0.0128949
1627	0.0129136
1628	0.0129194
1629	0.0129379
1630	0.0130066
1631	0.0129854
1632	0.0129048
1633	0.0129271
1634	0.0128983
1635	0.0128919
1636	0.0128698
1637	0.0129313
1638	0.0129181
1639	0.0129654
1640	0.0129329
1641	0.0129778
1642	0.0130129
1643	0.0130431
1644	0.013016
1645	0.0129603
1646	0.0129438
1647	0.0129979
1648	0.0130243
1649	0.0130014
1650	0.0130746
1651	0.0130834
1652	0.013021
1653	0.0130368
1654	0.0130669
1655	0.0130776
1656	0.0130586
1657	0.0130828
1658	0.0131292
1659	0.0130874
1660	0.0131226
1661	0.0130798
1662	0.0130714
1663	0.0130876
1664	0.0130406
1665	0.0130061
1666	0.0130255
1667	0.0130468
1668	0.0130423
1669	0.0129676
1670	0.0129238
1671	0.0129169
1672	0.0128984
1673	0.0129088
1674	0.0129614
1675	0.0129496
1676	0.0129605
1677	0.0128765
1678	0.0128174
1679	0.0129061
1680	0.0129074
1681	0.0129256
1682	0.0128922
1683	0.012885
1684	0.012983
1685	0.0129988
1686	0.0130331
1687	0.0130553
1688	0.0130524
1689	0.0129904
1690	0.0129738
1691	0.013018
1692	0.013082
1693	0.0130562
1694	0.0130561
1695	0.013084
1696	0.0131463
1697	0.0131716
1698	0.0132258
1699	0.0131756
1700	0.0131749
1701	0.0132515
1702	0.0133089
1703	0.013339
1704	0.0133364
1705	0.0133248
1706	0.0133279
1707	0.0133293
1708	0.0133213
1709	0.0133702
1710	0.0133057
1711	0.0133806
1712	0.0134664
1713	0.0134217
1714	0.0134328
1715	0.0134633
1716	0.0135349
1717	0.0134861
1718	0.0134485
1719	0.0134648
1720	0.0135015
1721	0.0134648
1722	0.0134307
1723	0.0133967
1724	0.0133573
1725	0.0133182
1726	0.0132904
1727	0.0133541
1728	0.0133642
1729	0.0134291
1730	0.013344
1731	0.0133351
1732	0.0132696
1733	0.013236
1734	0.0132447
1735	0.0132618
1736	0.0132908
1737	0.0132653
1738	0.0132225
1739	0.0131804
1740	0.0131578
1741	0.0130666
1742	0.0130631
1743	0.0130393
1744	0.0130415
1745	0.013012
1746	0.0130186
1747	0.013049
1748	0.0131195
1749	0.0131222
1750	0.0130725
1751	0.0130271
1752	0.0130873
1753	0.0130922
1754	0.0131088
1755	0.0131528
1756	0.0131736
1757	0.013156
1758	0.0131313
1759	0.0130505
1760	0.0130432
1761	0.0130112
1762	0.0130326
1763	0.013044
1764	0.0130929
1765	0.0130598
1766	0.0131394
1767	0.0131633
1768	0.0131928
1769	0.0131442
1770	0.0131602
1771	0.0132078
1772	0.0132159
1773	0.0131982
1774	0.0132438
1775	0.0131968
1776	0.0132568
1777	0.0132435
1778	0.0132657
1779	0.0132114
1780	0.0132292
1781	0.0132268
1782	0.0132256
1783	0.0132703
1784	0.0132543
1785	0.0132244
1786	0.0133002
1787	0.0132843
1788	0.0132977
1789	0.0132484
1790	0.013222
1791	0.0132368
1792	0.0133137
1793	0.0133734
1794	0.0132819
1795	0.0132399
1796	0.0132154
1797	0.013143
1798	0.0130472
1799	0.0129953
1800	0.0129467
1801	0.01293
1802	0.0129154
1803	0.0129073
1804	0.0129539
1805	0.0128977
1806	0.0129559
1807	0.0129094
1808	0.0129372
1809	0.0129607
1810	0.0129617
1811	0.0129615
1812	0.0129723
1813	0.0129534
1814	0.0128846
1815	0.0129266
1816	0.0129062
1817	0.0129754
1818	0.012974
1819	0.0130058
1820	0.0130665
1821	0.0130984
1822	0.0130867
1823	0.0130879
1824	0.0130017
1825	0.013087
1826	0.0131152
1827	0.0131603
1828	0.0131615
1829	0.0132055
1830	0.0132189
1831	0.0132507
1832	0.0132325
1833	0.0132632
1834	0.0132781
1835	0.0132673
1836	0.0132795
1837	0.0132697
1838	0.0132109
1839	0.0132359
1840	0.0133052
1841	0.0132627
1842	0.0132375
1843	0.0133137
1844	0.0132831
1845	0.0132926
1846	0.0132811
1847	0.0132359
1848	0.0132797
1849	0.0132666
1850	0.0131987
1851	0.0132484
1852	0.0132638
1853	0.0132493
1854	0.0131989
1855	0.0131873
1856	0.0131541
1857	0.0132041
1858	0.0132128
1859	0.0131616
1860	0.0131601
1861	0.0131658
1862	0.013172
1863	0.0131997
1864	0.0131748
1865	0.0132049
1866	0.0131745
1867	0.0131484
1868	0.0131508
1869	0.0131529
1870	0.0131083
1871	0.0130968
1872	0.0130946
1873	0.0130587
1874	0.0130832
1875	0.0130854
1876	0.013094
1877	0.0130762
1878	0.0130978
1879	0.0130951
1880	0.0131465
1881	0.0131552
1882	0.0132102
1883	0.0132021
1884	0.0132204
1885	0.0131804
1886	0.0131848
1887	0.0132325
1888	0.0132081
1889	0.0132007
1890	0.0132013
1891	0.0131987
1892	0.0131863
1893	0.0132221
1894	0.0132814
1895	0.0132425
1896	0.0132656
1897	0.0132184
1898	0.013191
1899	0.0132125
1900	0.0131468
1901	0.0131692
1902	0.0132511
1903	0.0132133
1904	0.0131447
1905	0.0131487
1906	0.0131876
1907	0.0131992
1908	0.0132734
1909	0.0133178
1910	0.0132526
1911	0.0132189
1912	0.0132762
1913	0.0133689
1914	0.0133039
1915	0.0132757
1916	0.0133322
1917	0.0133258
1918	0.0132807
1919	0.013278
1920	0.0132886
1921	0.0132466
1922	0.0132643
1923	0.013238
1924	0.0132185
1925	0.0132076
1926	0.0131908
1927	0.0131571
1928	0.0131599
1929	0.0131901
1930	0.0131677
1931	0.0131246
1932	0.013185
1933	0.013103
1934	0.0130393
1935	0.0129989
1936	0.0129764
1937	0.0129701
1938	0.012961
1939	0.0129873
1940	0.0129969
1941	0.013018
1942	0.0129613
1943	0.0129707
1944	0.0130091
1945	0.0130046
1946	0.0130098
1947	0.0130413
1948	0.0130649
1949	0.0130157
1950	0.0129445
1951	0.0129889
1952	0.0130327
1953	0.0130466
1954	0.0130813
1955	0.0130715
1956	0.0131256
1957	0.0131283
1958	0.0131607
1959	0.0131756
1960	0.013213
1961	0.0131888
1962	0.0131982
1963	0.0132302
1964	0.0131886
1965	0.0132098
1966	0.0132093
1967	0.0131541
1968	0.013171
1969	0.0131799
1970	0.0131102
1971	0.0131207
1972	0.0130807
1973	0.01311
1974	0.0131394
1975	0.0131007
1976	0.0131254
1977	0.0130826
1978	0.0130664
1979	0.0130109
1980	0.0130272
1981	0.013075
1982	0.0130654
1983	0.0130284
1984	0.0130065
1985	0.013016
1986	0.0129467
1987	0.0129822
1988	0.012981
1989	0.0129777
1990	0.0129525
1991	0.0128933
1992	0.012863
1993	0.0129401
1994	0.0129601
1995	0.0129996
1996	0.0129564
1997	0.0129162
1998	0.0129182
1999	0.0129152
2000	0.0128798
2001	0.0128487
2002	0.0128471
2003	0.0128926
2004	0.0128993
2005	0.0129075
2006	0.0129248
2007	0.0128969
2008	0.0128975
2009	0.0129585
2010	0.0129369
2011	0.0129401
2012	0.0129163
2013	0.0129881
2014	0.012975
2015	0.0129757
2016	0.0130126
2017	0.0130017
2018	0.0130585
2019	0.0130731
2020	0.0131013
2021	0.0130453
2022	0.0130113
2023	0.0129928
2024	0.0129376
2025	0.0129566
2026	0.0129827
2027	0.0129843
2028	0.0129933
2029	0.0129952
2030	0.0130801
2031	0.0130574
2032	0.0131678
2033	0.0131503
2034	0.0131314
2035	0.0131251
2036	0.0131106
2037	0.0130939
2038	0.0130923
2039	0.0130808
2040	0.0130802
2041	0.0131127
2042	0.0131667
2043	0.013171
2044	0.0132188
2045	0.013249
2046	0.0132908
2047	0.0132183
2048	0.0132172
2049	0.0132519
2050	0.0132694
2051	0.0132994
2052	0.0132655
2053	0.0133244
2054	0.0133515
2055	0.0133087
2056	0.0133714
2057	0.0134078
2058	0.013376
2059	0.0134527
2060	0.0135037
2061	0.0135394
2062	0.0135788
2063	0.0135654
2064	0.0135386
2065	0.0135776
2066	0.0135793
2067	0.0135653
2068	0.0136196
2069	0.0136372
2070	0.0136765
2071	0.0136384
2072	0.0135922
2073	0.0135521
2074	0.0135138
2075	0.0134821
2076	0.0133879
2077	0.0133869
2078	0.0133732
2079	0.0133546
2080	0.0133663
2081	0.0133122
2082	0.0132088
2083	0.01318
2084	0.0131811
2085	0.0131546
2086	0.0131508
2087	0.0132104
2088	0.0131064
2089	0.0131452
2090	0.0131197
2091	0.0130532
2092	0.0130849
2093	0.0130296
2094	0.0129717
2095	0.0129148
2096	0.0128988
2097	0.0128911
2098	0.0128583
2099	0.0129393
2100	0.0129475
2101	0.012947
2102	0.0129185
2103	0.0129238
2104	0.0128773
2105	0.0128299
2106	0.0127355
2107	0.0127145
2108	0.0127392
2109	0.0127443
2110	0.0127325
2111	0.012706
2112	0.0127222
2113	0.0126372
2114	0.0127297
2115	0.0126666
2116	0.0126582
2117	0.0126796
2118	0.0127787
2119	0.0127612
2120	0.0128399
2121	0.0128513
2122	0.0128468
2123	0.0128321
2124	0.0128551
2125	0.0129128
2126	0.0128819
2127	0.0129199
2128	0.0129809
2129	0.0130305
2130	0.0130281
2131	0.0130624
2132	0.0130114
2133	0.0130656
2134	0.013102
2135	0.013156
2136	0.0131343
2137	0.0132057
2138	0.0132099
2139	0.0132566
2140	0.0132443
2141	0.0133314
2142	0.0133651
2143	0.0133678
2144	0.013389
2145	0.0134412
2146	0.01337
2147	0.0133967
2148	0.0134122
2149	0.0134299
2150	0.0135281
2151	0.0135322
2152	0.0135165
2153	0.0136435
2154	0.013653
2155	0.0136251
2156	0.0137045
2157	0.0136641
2158	0.0136617
2159	0.0136673
2160	0.0136424
2161	0.0135953
2162	0.0136342
2163	0.0137033
2164	0.0137247
2165	0.0136866
2166	0.0136421
2167	0.0136214
2168	0.0135768
2169	0.0135631
2170	0.0135236
2171	0.0134835
2172	0.0134985
2173	0.0134617
2174	0.0133743
2175	0.0133461
2176	0.0133599
2177	0.0133141
2178	0.013258
2179	0.0132279
2180	0.0131776
2181	0.013112
2182	0.0131574
2183	0.0131084
2184	0.0129772
2185	0.0129311
2186	0.0129263
2187	0.0129221
2188	0.0128602
2189	0.012848
2190	0.0128645
2191	0.0128385
2192	0.0127779
2193	0.0127437
2194	0.0127095
2195	0.0127157
2196	0.0126443
2197	0.0126034
2198	0.0126501
2199	0.0126879
2200	0.0126594
2201	0.0126304
2202	0.0125311
2203	0.0125443
2204	0.0125244
2205	0.0125006
2206	0.0124709
2207	0.0125355
2208	0.0124728
2209	0.0124733
2210	0.0125191
2211	0.0125694
2212	0.0126229
2213	0.0125994
2214	0.0126213
2215	0.0125842
2216	0.0126719
2217	0.0125776
2218	0.0125956
2219	0.0125903
2220	0.0125864
2221	0.0126469
2222	0.012701
2223	0.012766
2224	0.0128008
2225	0.0127678
2226	0.0128086
2227	0.012891
2228	0.0128806
2229	0.0128787
2230	0.012966
2231	0.0129481
2232	0.0129528
2233	0.0129594
2234	0.0129974
2235	0.0130091
2236	0.0130028
2237	0.0131275
2238	0.0131046
2239	0.0131684
2240	0.0131457
2241	0.0131374
2242	0.0131987
2243	0.0132245
2244	0.0132947
2245	0.0132927
2246	0.0133465
2247	0.0134339
2248	0.0135495
2249	0.01355
2250	0.0135776
2251	0.0135652
2252	0.01355
2253	0.0136386
2254	0.0136098
2255	0.0136451
2256	0.0136675
2257	0.0136724
2258	0.0136931
2259	0.0136974
2260	0.0136769
2261	0.0136863
2262	0.0137208
2263	0.0137601
2264	0.0137758
2265	0.0137702
2266	0.0138165
2267	0.0137531
2268	0.0137345
2269	0.0136901
2270	0.0137845
2271	0.0137381
2272	0.0136743
2273	0.0136472
2274	0.0135497
2275	0.0135357
2276	0.0135057
2277	0.0135304
2278	0.0134801
2279	0.0134788
2280	0.0135145
2281	0.013482
2282	0.0134336
2283	0.013442
2284	0.0133874
2285	0.0134151
2286	0.0134133
2287	0.0134752
2288	0.0134302
2289	0.0133761
2290	0.0133468
2291	0.0133168
2292	0.0133109
2293	0.0132996
2294	0.013217
2295	0.0132181
2296	0.0131753
2297	0.0131731
2298	0.0131763
2299	0.013234
2300	0.0133029
2301	0.013289
2302	0.0132867
2303	0.0133222
2304	0.013263
2305	0.0131655
2306	0.0131741
2307	0.0131453
2308	0.013107
2309	0.0130848
2310	0.0130921
2311	0.0130753
2312	0.0130001
2313	0.0129949
2314	0.0129488
2315	0.0129201
2316	0.0129273
2317	0.0129102
2318	0.0129041
2319	0.0129372
2320	0.0129009
2321	0.0129535
2322	0.0128827
2323	0.012894
2324	0.0128747
2325	0.0128487
2326	0.0128894
2327	0.012792
2328	0.0127135
2329	0.0126511
2330	0.0127005
2331	0.0126989
2332	0.012665
2333	0.0126822
2334	0.012723
2335	0.0127576
2336	0.0127469
2337	0.0126954
2338	0.0126591
2339	0.0127045
2340	0.0126785
2341	0.012686
2342	0.012748
2343	0.0127275
2344	0.0126932
2345	0.0127336
2346	0.0127488
2347	0.0128078
2348	0.0128332
2349	0.0128001
2350	0.0128285
2351	0.0128496
2352	0.0128972
2353	0.0129092
2354	0.0129647
2355	0.0129554
2356	0.0129766
2357	0.0130627
2358	0.0131199
2359	0.0131205
2360	0.0131477
2361	0.0131457
2362	0.0131873
2363	0.0131971
2364	0.0131641
2365	0.0131734
2366	0.0132298
2367	0.013267
2368	0.0132689
2369	0.0132315
2370	0.0132744
2371	0.0132555
2372	0.0133065
2373	0.0133376
2374	0.0133814
2375	0.0133336
2376	0.013281
2377	0.0132834
2378	0.0133492
2379	0.0132889
2380	0.0132322
2381	0.0132572
2382	0.0132155
2383	0.0131783
2384	0.0132023
2385	0.0131659
2386	0.0131531
2387	0.0131601
2388	0.0131691
2389	0.0131537
2390	0.0131345
2391	0.0131237
2392	0.0131348
2393	0.0130599
2394	0.0130931
2395	0.0130886
2396	0.0131274
2397	0.0131238
2398	0.013171
2399	0.01318
2400	0.0131536
2401	0.0131796
2402	0.0132118
2403	0.0132016
2404	0.0131583
2405	0.013116
2406	0.0130843
2407	0.0130598
2408	0.0131012
2409	0.0130603
2410	0.0130252
2411	0.0130259
2412	0.0130741
2413	0.0130504
2414	0.0130393
2415	0.0130461
2416	0.0130484
2417	0.0130795
2418	0.0131458
2419	0.0131604
2420	0.0131678
2421	0.0131911
2422	0.0132726
2423	0.0133546
2424	0.0132913
2425	0.0133116
2426	0.0133259
2427	0.0132823
2428	0.0132594
2429	0.0132563
2430	0.0132334
2431	0.0132641
2432	0.0132344
2433	0.0132814
2434	0.0132399
2435	0.0132346
2436	0.0131439
2437	0.0131557
2438	0.0131783
2439	0.0131858
2440	0.0131927
2441	0.0131946
2442	0.0131445
2443	0.0131734
2444	0.0132575
2445	0.0132846
2446	0.0132849
2447	0.0132519
2448	0.0132188
2449	0.0132247
2450	0.0131927
2451	0.0131895
2452	0.0131605
2453	0.0132398
2454	0.0132502
2455	0.0132603
2456	0.0132648
2457	0.0132057
2458	0.0132869
2459	0.0132754
2460	0.0132595
2461	0.0132776
2462	0.0132277
2463	0.0132344
2464	0.0132371
2465	0.0132879
2466	0.0133105
2467	0.0133398
2468	0.0133046
2469	0.0132838
2470	0.0132307
2471	0.0131568
2472	0.0131343
2473	0.0131582
2474	0.013236
2475	0.0132137
2476	0.0132184
2477	0.0132433
2478	0.0132049
2479	0.0131684
2480	0.0131454
2481	0.0131252
2482	0.0130999
2483	0.0130899
2484	0.0130262
2485	0.0129965
2486	0.0130286
2487	0.0130541
2488	0.0129969
2489	0.0129937
2490	0.013051
2491	0.0130129
2492	0.0131357
2493	0.0130466
2494	0.0130757
2495	0.0131134
2496	0.0131135
2497	0.0131181
2498	0.0131371
2499	0.0131742
2500	0.0131166
2501	0.0130591
2502	0.0130619
2503	0.0130813
2504	0.0130787
2505	0.0130561
2506	0.013091
2507	0.0131347
2508	0.0130724
2509	0.0130439
2510	0.0130572
2511	0.0130467
2512	0.0130099
2513	0.0130925
2514	0.0130466
2515	0.0130542
2516	0.0130677
2517	0.0130438
2518	0.0130272
2519	0.0129529
2520	0.0129049
2521	0.0128338
2522	0.0128716
2523	0.01285
2524	0.01288
2525	0.0128995
2526	0.0129104
2527	0.0129368
2528	0.0129885
2529	0.0130225
2530	0.0130452
2531	0.0129424
2532	0.0129323
2533	0.0129677
2534	0.0129783
2535	0.012999
2536	0.0130271
2537	0.013049
2538	0.0131171
2539	0.0131766
2540	0.0132412
2541	0.013254
2542	0.013242
2543	0.0132389
2544	0.0132301
2545	0.0131859
2546	0.013154
2547	0.0131535
2548	0.0131108
2549	0.0131475
2550	0.0132309
2551	0.0132108
2552	0.0131574
2553	0.0131966
2554	0.0132335
2555	0.0132858
2556	0.0133141
2557	0.0133006
2558	0.013312
2559	0.0133319
2560	0.0133322
2561	0.0133757
2562	0.0133333
2563	0.0133409
2564	0.0133586
2565	0.0133187
2566	0.0132759
2567	0.0132597
2568	0.0131858
2569	0.0131811
2570	0.0131687
2571	0.0131691
2572	0.0131702
2573	0.0131737
2574	0.0131673
2575	0.0131737
2576	0.0131457
2577	0.0131697
2578	0.0132034
2579	0.0132618
2580	0.0132925
2581	0.0131998
2582	0.0132177
2583	0.0132472
2584	0.0132334
2585	0.0133101
2586	0.0132983
2587	0.013358
2588	0.0132772
2589	0.0132816
2590	0.0133549
2591	0.0133484
2592	0.0133619
2593	0.0133515
2594	0.0133637
2595	0.0133436
2596	0.0133748
2597	0.0134142
2598	0.013385
2599	0.0133686
2600	0.0134069
2601	0.0133915
2602	0.0133999
2603	0.0133678
2604	0.0132976
2605	0.0132477
2606	0.0132738
2607	0.0132895
2608	0.0133302
2609	0.0132752
2610	0.0132556
2611	0.0132407
2612	0.0132244
2613	0.0132425
2614	0.0132287
2615	0.0132455
2616	0.0131868
2617	0.013216
2618	0.0132204
2619	0.0131898
2620	0.0131761
2621	0.0131254
2622	0.0130488
2623	0.0130662
2624	0.0130234
2625	0.0129913
2626	0.0130284
2627	0.0130268
2628	0.0129742
2629	0.0129222
2630	0.0129295
2631	0.0129393
2632	0.0129579
2633	0.0129754
2634	0.0129816
2635	0.0130078
2636	0.0130344
2637	0.0129709
2638	0.0129518
2639	0.012957
2640	0.0129429
2641	0.0129325
2642	0.0130042
2643	0.0130227
2644	0.0129719
2645	0.0130166
2646	0.0130844
2647	0.0130699
2648	0.0130082
2649	0.0129781
2650	0.0129632
2651	0.0129271
2652	0.0128974
2653	0.0128856
2654	0.0128735
2655	0.0128892
2656	0.012874
2657	0.0129596
2658	0.0129028
2659	0.012858
2660	0.0128667
2661	0.012942
2662	0.012952
2663	0.0129911
2664	0.0129965
2665	0.0130039
2666	0.013066
2667	0.0130524
2668	0.0130072
2669	0.0129381
2670	0.0129497
2671	0.0129836
2672	0.0129812
2673	0.012929
2674	0.0129004
2675	0.0129194
2676	0.0129264
2677	0.0129394
2678	0.0130345
2679	0.0129875
2680	0.0129809
2681	0.0130154
2682	0.0130526
2683	0.0130234
2684	0.013066
2685	0.013111
2686	0.0131151
2687	0.013103
2688	0.0131906
2689	0.0131834
2690	0.013232
2691	0.0132047
2692	0.0132459
2693	0.0132485
2694	0.0133083
2695	0.013258
2696	0.0132207
2697	0.0131998
2698	0.0132483
2699	0.0132754
2700	0.0132856
2701	0.0133035
2702	0.013303
2703	0.0132955
2704	0.0133094
2705	0.0132541
2706	0.0132787
2707	0.0132746
2708	0.013258
2709	0.0132822
2710	0.0132593
2711	0.0133163
2712	0.0132988
2713	0.0131911
2714	0.0131707
2715	0.0131615
2716	0.013107
2717	0.0131382
2718	0.0131145
2719	0.0131462
2720	0.0132737
2721	0.013393
2722	0.013358
2723	0.0134055
2724	0.0135132
2725	0.01353
2726	0.0135035
2727	0.0134431
2728	0.0134773
2729	0.0134934
2730	0.0134457
2731	0.0134814
2732	0.0135684
2733	0.0135543
2734	0.013614
2735	0.0135629
2736	0.0135179
2737	0.0135212
2738	0.0134589
2739	0.0134512
2740	0.013422
2741	0.0133916
2742	0.0133801
2743	0.0133166
2744	0.0132446
2745	0.0132221
2746	0.0131869
2747	0.01311
2748	0.0130649
2749	0.013081
2750	0.0130673
2751	0.0130714
2752	0.013094
2753	0.0130841
2754	0.0130648
2755	0.0130449
2756	0.0129552
2757	0.0130587
2758	0.0129677
2759	0.0129755
2760	0.0129561
2761	0.0129129
2762	0.0128896
2763	0.0128524
2764	0.012819
2765	0.012831
2766	0.0128117
2767	0.0128129
2768	0.0128254
2769	0.0128231
2770	0.0128005
2771	0.0127927
2772	0.012825
2773	0.0127937
2774	0.0127453
2775	0.0127704
2776	0.0128461
2777	0.012766
2778	0.0126607
2779	0.0127424
2780	0.0127443
2781	0.01272
2782	0.0127744
2783	0.0127635
2784	0.0128004
2785	0.0127724
2786	0.0128149
2787	0.0127771
2788	0.0127974
2789	0.0128778
2790	0.0128677
2791	0.0129183
2792	0.0129456
2793	0.0129541
2794	0.0129374
2795	0.0129432
2796	0.0129065
2797	0.0129463
2798	0.0129619
2799	0.0129947
2800	0.0129629
2801	0.0129515
2802	0.012947
2803	0.0129954
2804	0.0130063
2805	0.0130057
2806	0.0130338
2807	0.013093
2808	0.0130969
2809	0.0132206
2810	0.0132238
2811	0.0132795
2812	0.0132349
2813	0.0132224
2814	0.0131759
2815	0.0132048
2816	0.0132788
2817	0.0133054
2818	0.0132931
2819	0.0133413
2820	0.0133132
2821	0.013252
2822	0.0132561
2823	0.0132442
2824	0.0132725
2825	0.013289
2826	0.013366
2827	0.0134027
2828	0.01345
2829	0.0134462
2830	0.0134324
2831	0.0134171
2832	0.0134595
2833	0.0134786
2834	0.0135208
2835	0.0135369
2836	0.0135285
2837	0.013515
2838	0.0135035
2839	0.0134827
2840	0.0134786
2841	0.0134989
2842	0.0134949
2843	0.0135337
2844	0.0134819
2845	0.0134681
2846	0.0134648
2847	0.0134444
2848	0.0134058
2849	0.0133396
2850	0.0133273
2851	0.0133056
2852	0.0133115
2853	0.0133154
2854	0.0133232
2855	0.0133624
2856	0.0133545
2857	0.013337
2858	0.0133113
2859	0.0133141
2860	0.0133289
2861	0.0132912
2862	0.0132558
2863	0.0132356
2864	0.0132492
2865	0.0131475
2866	0.0131251
2867	0.0131282
2868	0.0130578
2869	0.013073
2870	0.0130515
2871	0.013035
2872	0.0130766
2873	0.0131296
2874	0.0131001
2875	0.0130757
2876	0.01309
2877	0.0130642
2878	0.013109
2879	0.0130502
2880	0.0130208
2881	0.0129173
2882	0.0129266
2883	0.0129499
2884	0.0129008
2885	0.0129328
2886	0.0128831
2887	0.0129349
2888	0.0129393
2889	0.012939
2890	0.0128832
2891	0.0128395
2892	0.0128592
2893	0.0128274
2894	0.0128594
2895	0.0128516
2896	0.0128385
2897	0.0128328
2898	0.012816
2899	0.0127922
2900	0.012814
2901	0.0128009
2902	0.0128225
2903	0.012789
2904	0.0127611
2905	0.0127491
2906	0.0127266
2907	0.0127677
2908	0.0127787
2909	0.0127523
2910	0.012744
2911	0.0128049
2912	0.0128036
2913	0.0128058
2914	0.0127961
2915	0.0128289
2916	0.0128293
2917	0.0127921
2918	0.0128646
2919	0.0129714
2920	0.012932
2921	0.0129186
2922	0.0129594
2923	0.0129677
2924	0.0130229
2925	0.013086
2926	0.0131187
2927	0.0131745
2928	0.0132282
2929	0.013203
2930	0.0131702
2931	0.013155
2932	0.0132191
2933	0.0132496
2934	0.0132539
2935	0.0133308
2936	0.0133131
2937	0.0133296
2938	0.0133692
2939	0.0133603
2940	0.0133664
2941	0.0133677
2942	0.0134056
2943	0.0134407
2944	0.0134821
2945	0.0134905
2946	0.0134562
2947	0.0134411
2948	0.0134643
2949	0.0135057
2950	0.0134855
2951	0.0135451
2952	0.0135277
2953	0.0134897
2954	0.0134438
2955	0.0134593
2956	0.0134155
2957	0.0134
2958	0.0134171
2959	0.0133905
2960	0.0133654
2961	0.0133492
2962	0.0133244
2963	0.0133737
2964	0.0133405
2965	0.0133387
2966	0.0133701
2967	0.0133048
2968	0.0133315
2969	0.0133448
2970	0.0133405
2971	0.013306
2972	0.0133037
2973	0.0132936
2974	0.0132811
2975	0.0132545
2976	0.0132857
2977	0.0132766
2978	0.0132482
2979	0.0132276
2980	0.0132742
2981	0.0132504
2982	0.0132326
2983	0.0132369
2984	0.0132863
2985	0.0132509
2986	0.0133325
2987	0.0132705
2988	0.0132663
2989	0.013369
2990	0.0132326
2991	0.0131862
2992	0.0131589
2993	0.0131416
2994	0.0131513
2995	0.0130941
2996	0.0131138
2997	0.0131501
2998	0.013109
2999	0.0130318
3000	0.012926
3001	0.012891
3002	0.0129095
3003	0.0129278
3004	0.0129981
3005	0.0129574
3006	0.0130098
3007	0.0130363
3008	0.0129905
3009	0.0129935
3010	0.0129584
3011	0.0129465
3012	0.0130042
3013	0.0130567
3014	0.0131967
3015	0.0132186
3016	0.0131777
3017	0.0132069
3018	0.0132109
3019	0.013209
3020	0.0132285
3021	0.0132316
3022	0.0131963
3023	0.0132317
3024	0.0132226
3025	0.013212
3026	0.0131984
3027	0.0131792
3028	0.0131951
3029	0.0132634
3030	0.0132899
3031	0.0132036
3032	0.0131516
3033	0.0131532
3034	0.0130306
3035	0.0130786
3036	0.0130964
3037	0.0131256
3038	0.0131018
3039	0.0130177
3040	0.0129936
3041	0.0129346
3042	0.0129195
3043	0.0129024
3044	0.0128745
3045	0.012795
3046	0.012802
3047	0.0128221
3048	0.0127653
3049	0.0127461
3050	0.0127149
3051	0.012779
3052	0.0127264
3053	0.0127416
3054	0.01274
3055	0.01272
3056	0.0127748
3057	0.0127453
3058	0.0127334
3059	0.0127391
3060	0.0127465
3061	0.0128059
3062	0.0128182
3063	0.0128701
3064	0.0128895
3065	0.0128669
3066	0.0129323
3067	0.0129441
3068	0.0129763
3069	0.012961
3070	0.0130287
3071	0.0129861
3072	0.0130236
3073	0.0130245
3074	0.0130815
3075	0.01309
3076	0.0130567
3077	0.0130274
3078	0.013022
3079	0.0130564
3080	0.0130357
3081	0.0129387
3082	0.0128832
3083	0.0128265
3084	0.0128471
3085	0.012898
3086	0.012812
3087	0.0128003
3088	0.0127471
3089	0.0127276
3090	0.0126846
3091	0.0126718
3092	0.0127453
3093	0.0127306
3094	0.0127895
3095	0.0127581
3096	0.0127805
3097	0.012839
3098	0.0128299
3099	0.012905
3100	0.0128865
3101	0.0129389
3102	0.0129658
3103	0.0129724
3104	0.0129614
3105	0.0129608
3106	0.0129943
3107	0.0129716
3108	0.012968
3109	0.0130306
3110	0.0130865
3111	0.0131398
3112	0.0131182
3113	0.0131007
3114	0.01311
3115	0.0131902
3116	0.013231
3117	0.0132284
3118	0.0132575
3119	0.0133332
3120	0.013451
3121	0.0134683
3122	0.0135296
3123	0.0135383
3124	0.0135244
3125	0.0135075
3126	0.0136134
3127	0.0136537
3128	0.013667
3129	0.0137315
3130	0.0137319
3131	0.0137911
3132	0.0138033
3133	0.0138313
3134	0.0138256
3135	0.0138388
3136	0.0138146
3137	0.0138813
3138	0.0138609
3139	0.0137419
3140	0.0137475
3141	0.0137799
3142	0.0136627
3143	0.013667
3144	0.0136109
3145	0.0136213
3146	0.0136428
3147	0.0136176
3148	0.0135789
3149	0.0136546
3150	0.0136074
3151	0.0135127
3152	0.0134713
3153	0.0134389
3154	0.0134032
3155	0.0133436
3156	0.0133374
3157	0.0133055
3158	0.0133095
3159	0.0132997
3160	0.0132867
3161	0.0132814
3162	0.0132451
3163	0.0132492
3164	0.0132291
3165	0.0132329
3166	0.0131321
3167	0.0130766
3168	0.0130712
3169	0.0130778
3170	0.0130722
3171	0.013084
3172	0.0131125
3173	0.0131056
3174	0.0131157
3175	0.0130582
3176	0.0131153
3177	0.0130805
3178	0.0130264
3179	0.0129898
3180	0.0129519
3181	0.0129601
3182	0.0129103
3183	0.0128783
3184	0.0129474
3185	0.0129693
3186	0.0130039
3187	0.0130077
3188	0.0130545
3189	0.0130309
3190	0.0129992
3191	0.0129222
3192	0.0128824
3193	0.0128448
3194	0.0128015
3195	0.012713
3196	0.0127434
3197	0.0127507
3198	0.01281
3199	0.0128122
3200	0.0127885
3201	0.0127682
3202	0.0127324
3203	0.0127616
3204	0.0127207
3205	0.0127083
3206	0.012718
3207	0.0127052
3208	0.0127503
3209	0.0127697
3210	0.0128001
3211	0.0127795
3212	0.012823
3213	0.0127918
3214	0.0128719
3215	0.0128805
3216	0.0128391
3217	0.0128545
3218	0.0128689
3219	0.0128465
3220	0.0128733
3221	0.0129046
3222	0.0129174
3223	0.0129694
3224	0.0130081
3225	0.0130497
3226	0.0130732
3227	0.0130973
3228	0.0131677
3229	0.0132471
3230	0.0132929
3231	0.0132724
3232	0.0133001
3233	0.0133272
3234	0.0133053
3235	0.013283
3236	0.0133442
3237	0.0133878
3238	0.013468
3239	0.0134784
3240	0.0134763
3241	0.0135006
3242	0.013443
3243	0.0134443
3244	0.0134521
3245	0.0133846
3246	0.0134534
3247	0.0135117
3248	0.0135474
3249	0.0135914
3250	0.0135907
3251	0.0135834
3252	0.01356
3253	0.0136203
3254	0.0137193
3255	0.0137476
3256	0.0137634
3257	0.0137623
3258	0.0137267
3259	0.0137009
3260	0.0137033
3261	0.0137321
3262	0.0137507
3263	0.0137331
3264	0.0137534
3265	0.0137454
3266	0.0137409
3267	0.0136887
3268	0.013689
3269	0.0136873
3270	0.0136903
3271	0.0136851
3272	0.0137391
3273	0.0136795
3274	0.0136898
3275	0.0135211
3276	0.0134863
3277	0.0135596
3278	0.0135371
3279	0.0134971
3280	0.0134828
3281	0.0134981
3282	0.0135196
3283	0.0134728
3284	0.0134118
3285	0.0133933
3286	0.0133866
3287	0.0133502
3288	0.0132477
3289	0.0131778
3290	0.0131226
3291	0.0130331
3292	0.0129298
3293	0.0129283
3294	0.0129168
3295	0.0128994
3296	0.0128583
3297	0.0128992
3298	0.0129668
3299	0.0129592
3300	0.0129533
3301	0.0129312
3302	0.0130053
3303	0.0129916
3304	0.0129432
3305	0.0129066
3306	0.012957
3307	0.0129693
3308	0.0129371
3309	0.012926
3310	0.0128579
3311	0.0128318
3312	0.0128221
3313	0.0128097
3314	0.0126793
3315	0.0126208
3316	0.0126526
3317	0.0126607
3318	0.0126885
3319	0.0126944
3320	0.0126847
3321	0.0126685
3322	0.0126317
3323	0.0126607
3324	0.0126662
3325	0.0126664
3326	0.0126414
3327	0.0126941
3328	0.0126934
3329	0.0126962
3330	0.0126982
3331	0.012624
3332	0.0126071
3333	0.0126079
3334	0.0126149
3335	0.0126254
3336	0.0126242
3337	0.012611
3338	0.012546
3339	0.0125153
3340	0.0125528
3341	0.0125476
3342	0.0125713
3343	0.0125407
3344	0.0125099
3345	0.0124914
3346	0.0124761
3347	0.0124699
3348	0.0125317
3349	0.0126133
3350	0.0127095
3351	0.0127138
3352	0.0127037
3353	0.012764
3354	0.0127744
3355	0.012868
3356	0.0128855
3357	0.012904
3358	0.0130028
3359	0.0130912
3360	0.0131232
3361	0.0131725
3362	0.0131804
3363	0.0131505
3364	0.0132199
3365	0.0132141
3366	0.0132271
3367	0.0132547
3368	0.0133053
3369	0.0132834
3370	0.0133206
3371	0.0133598
3372	0.0133816
3373	0.0133715
3374	0.0134414
3375	0.013445
3376	0.0134475
3377	0.013449
3378	0.013452
3379	0.013459
3380	0.0134875
3381	0.0134525
3382	0.0134644
3383	0.0134692
3384	0.0134354
3385	0.0135065
3386	0.0135435
3387	0.0135594
3388	0.0135249
3389	0.0135708
3390	0.013623
3391	0.0135843
3392	0.0135455
3393	0.0135438
3394	0.0135246
3395	0.0135195
3396	0.0134866
3397	0.0134678
3398	0.0133798
3399	0.0134048
3400	0.0134205
3401	0.0134865
3402	0.0134935
3403	0.0135277
3404	0.0134857
3405	0.0135293
3406	0.0135081
3407	0.0135472
3408	0.0134404
3409	0.013393
3410	0.0134194
3411	0.013328
3412	0.013276
3413	0.0131994
3414	0.0131834
3415	0.01318
3416	0.013135
3417	0.0131681
3418	0.0131565
3419	0.013109
3420	0.0130401
3421	0.0130155
3422	0.0129968
3423	0.0129985
3424	0.0130125
3425	0.0130553
3426	0.0130979
3427	0.0130978
3428	0.0131466
3429	0.0130392
3430	0.0130644
3431	0.0130442
3432	0.0130455
3433	0.013069
3434	0.013089
3435	0.0131087
3436	0.0131378
3437	0.0131948
3438	0.013105
3439	0.013155
3440	0.0131179
3441	0.0131427
3442	0.013132
3443	0.0131603
3444	0.0130821
3445	0.0130931
3446	0.0130964
3447	0.0131043
3448	0.0131437
3449	0.0131293
3450	0.0131492
3451	0.0131471
3452	0.0131077
3453	0.0130019
3454	0.0130015
3455	0.0129698
3456	0.0129249
3457	0.0129042
3458	0.0128744
3459	0.0128348
3460	0.0127972
3461	0.012837
3462	0.0128076
3463	0.0128655
3464	0.0127889
3465	0.0128401
3466	0.0128441
3467	0.0128565
3468	0.0128381
3469	0.0128293
3470	0.0128462
3471	0.012853
3472	0.0128867
3473	0.0129267
3474	0.0128521
3475	0.012875
3476	0.0129498
3477	0.0129788
3478	0.0129196
3479	0.0129054
3480	0.0129222
3481	0.0128996
3482	0.0128929
3483	0.0129276
3484	0.0129159
3485	0.0129002
3486	0.0129509
3487	0.0129809
3488	0.0130219
3489	0.0129912
3490	0.0129599
3491	0.0129743
3492	0.0130304
3493	0.0130155
3494	0.0129797
3495	0.0130013
3496	0.0130276
3497	0.0130579
3498	0.0131268
3499	0.0131618
3500	0.0131234
3501	0.0131802
3502	0.0131776
3503	0.0131622
3504	0.0130851
3505	0.0132074
3506	0.0132275
3507	0.0132439
3508	0.0133007
3509	0.0133124
3510	0.0133542
3511	0.0133463
3512	0.013398
3513	0.0134525
3514	0.013428
3515	0.0134483
3516	0.0134565
3517	0.0135017
3518	0.0135547
3519	0.0135661
3520	0.0135717
3521	0.0135597
3522	0.0136252
3523	0.0135483
3524	0.0135899
3525	0.0136179
3526	0.0135661
3527	0.0135806
3528	0.0136191
3529	0.0136612
3530	0.0136409
3531	0.0135863
3532	0.0135701
3533	0.0135957
3534	0.0135996
3535	0.0136275
3536	0.0135488
3537	0.0135707
3538	0.0135458
3539	0.0135366
3540	0.0134633
3541	0.0134861
3542	0.0134884
3543	0.01349
3544	0.0134174
3545	0.0134618
3546	0.0134832
3547	0.0134613
3548	0.0134583
3549	0.0133197
3550	0.0132487
3551	0.0132322
3552	0.0131864
3553	0.0131977
3554	0.0131231
3555	0.013131
3556	0.013096
3557	0.0130419
3558	0.013021
3559	0.0130078
3560	0.0129705
3561	0.0128695
3562	0.0128332
3563	0.0128643
3564	0.012878
3565	0.0128733
3566	0.0128919
3567	0.012788
3568	0.0127715
3569	0.0127362
3570	0.0126844
3571	0.0127019
3572	0.0126786
3573	0.0126746
3574	0.0126143
3575	0.0126109
3576	0.0126233
3577	0.012584
3578	0.0125587
3579	0.0125868
3580	0.0124925
3581	0.0124918
3582	0.0124971
3583	0.0125039
3584	0.0124896
3585	0.0125539
3586	0.0125932
3587	0.0126083
3588	0.0125922
3589	0.0126527
3590	0.0127535
3591	0.0127742
3592	0.0127806
3593	0.0128454
3594	0.0127953
3595	0.012756
3596	0.0128077
3597	0.0128727
3598	0.0129001
3599	0.0129174
3600	0.0129518
3601	0.012956
3602	0.0130576
3603	0.0130625
3604	0.0130542
3605	0.0130488
3606	0.0130829
3607	0.013174
3608	0.0132058
3609	0.0132959
3610	0.0132772
3611	0.0132939
3612	0.0133325
3613	0.0133878
3614	0.0134724
3615	0.0134515
3616	0.0134356
3617	0.0134566
3618	0.0135209
3619	0.0135972
3620	0.0136047
3621	0.0136926
3622	0.0136167
3623	0.0136706
3624	0.0137013
3625	0.0137307
3626	0.0136819
3627	0.0137009
3628	0.0136588
3629	0.0136546
3630	0.0136881
3631	0.013673
3632	0.0136346
3633	0.0136934
3634	0.0137039
3635	0.0137276
3636	0.0137152
3637	0.01373
3638	0.0136907
3639	0.0137538
3640	0.0137595
3641	0.0137736
3642	0.0137475
3643	0.0137794
3644	0.0137778
3645	0.013731
3646	0.0137758
3647	0.0136948
3648	0.0136847
3649	0.013721
3650	0.0137257
3651	0.0136551
3652	0.0136472
3653	0.0136323
3654	0.013577
3655	0.0135118
3656	0.0134999
3657	0.0133822
3658	0.0133733
3659	0.0133511
3660	0.0133544
3661	0.0133587
3662	0.0132756
3663	0.0131674
3664	0.0130548
3665	0.0129603
3666	0.012872
3667	0.0127727
3668	0.0126882
3669	0.0126722
3670	0.0126503
3671	0.0126434
3672	0.0126353
3673	0.0126494
3674	0.0126364
3675	0.0125855
3676	0.0125664
3677	0.0124818
3678	0.0125251
3679	0.0125408
3680	0.0125612
3681	0.0125567
3682	0.0125891
3683	0.0125602
3684	0.0125677
3685	0.01253
3686	0.0125375
3687	0.0126084
3688	0.0126
3689	0.0125979
3690	0.0126203
3691	0.0126328
3692	0.0126584
3693	0.0127471
3694	0.0126969
3695	0.0127199
3696	0.0126832
3697	0.0127065
3698	0.0128212
3699	0.0127302
3700	0.0127311
3701	0.0127537
3702	0.0128117
3703	0.0127869
3704	0.0127624
3705	0.0127018
3706	0.0127504
3707	0.0127972
3708	0.0127789
3709	0.0127714
3710	0.012817
3711	0.0129276
3712	0.0128958
3713	0.0129234
3714	0.0128812
3715	0.0129129
3716	0.0129387
3717	0.0130012
3718	0.0130246
3719	0.0130751
3720	0.0130573
3721	0.0130836
3722	0.0131518
3723	0.0132073
3724	0.013243
3725	0.0133122
3726	0.0133015
3727	0.0133954
3728	0.013453
3729	0.0134933
3730	0.0135077
3731	0.0135165
3732	0.0134408
3733	0.0134481
3734	0.0135003
3735	0.0134902
3736	0.0135735
3737	0.0135659
3738	0.013603
3739	0.0135801
3740	0.0135448
3741	0.0135103
3742	0.0134764
3743	0.0134544
3744	0.0134193
3745	0.0133847
3746	0.0133632
3747	0.013438
3748	0.0134245
3749	0.0134054
3750	0.0133525
3751	0.0133209
3752	0.0133162
3753	0.0133269
3754	0.0132718
3755	0.013259
3756	0.0132915
3757	0.0133321
3758	0.013283
3759	0.0133093
3760	0.0132993
3761	0.0133746
3762	0.013343
3763	0.0134066
3764	0.0134317
3765	0.0133864
3766	0.0133761
3767	0.0134227
3768	0.0134183
3769	0.0133884
3770	0.0134405
3771	0.0134447
3772	0.0133702
3773	0.0133182
3774	0.0132316
3775	0.0133035
3776	0.0133319
3777	0.0133659
3778	0.0132863
3779	0.013295
3780	0.0132725
3781	0.0132368
3782	0.0131776
3783	0.0131454
3784	0.0131896
3785	0.0131034
3786	0.0131095
3787	0.0131115
3788	0.0130806
3789	0.0130268
3790	0.0130507
3791	0.0130331
3792	0.013042
3793	0.0130378
3794	0.013026
3795	0.0129514
3796	0.0128913
3797	0.0128749
3798	0.0129564
3799	0.0129921
3800	0.0129345
3801	0.0129195
3802	0.0128969
3803	0.0128981
3804	0.0128966
3805	0.0128913
3806	0.0127952
3807	0.0127975
3808	0.0127384
3809	0.0126907
3810	0.0127317
3811	0.0126826
3812	0.0127393
3813	0.0127296
3814	0.0126873
3815	0.0127264
3816	0.0127421
3817	0.0126988
3818	0.0127294
3819	0.0127757
3820	0.0128244
3821	0.0128914
3822	0.0128986
3823	0.0129227
3824	0.0130242
3825	0.0130791
3826	0.0131217
3827	0.0131431
3828	0.0131819
3829	0.0131788
3830	0.0132074
3831	0.0132342
3832	0.013202
3833	0.0132125
3834	0.0131703
3835	0.0131937
3836	0.0131972
3837	0.0131701
3838	0.0132183
3839	0.0131851
3840	0.0131862
3841	0.0132826
3842	0.0132925
3843	0.0132946
3844	0.0133122
3845	0.0132556
3846	0.0133296
3847	0.0133503
3848	0.0132794
3849	0.0132189
3850	0.013181
3851	0.0131106
3852	0.0130866
3853	0.0130404
3854	0.0130352
3855	0.0130435
3856	0.0130682
3857	0.0130599
3858	0.013062
3859	0.0131357
3860	0.0132323
3861	0.0132286
3862	0.0132931
3863	0.0132687
3864	0.0132519
3865	0.0132687
3866	0.0132866
3867	0.0131917
3868	0.0131532
3869	0.013152
3870	0.0131902
3871	0.0132815
3872	0.0132743
3873	0.0132474
3874	0.0133086
3875	0.0132672
3876	0.0132726
3877	0.0133052
3878	0.0133125
3879	0.0132495
3880	0.0132927
3881	0.0132811
3882	0.0133026
3883	0.0133306
3884	0.0133323
3885	0.0133315
3886	0.0133548
3887	0.0133433
3888	0.0133555
3889	0.0133755
3890	0.013449
3891	0.0134139
3892	0.0134816
3893	0.013514
3894	0.0134764
3895	0.0134457
3896	0.0134276
3897	0.0133808
3898	0.0133122
3899	0.0132807
3900	0.0132526
3901	0.0132631
3902	0.0132303
3903	0.0132585
3904	0.0132349
3905	0.0132046
3906	0.0132394
3907	0.0132027
3908	0.0131114
3909	0.0131159
3910	0.0130442
3911	0.0130913
3912	0.0130754
3913	0.0130183
3914	0.0129752
3915	0.0129854
3916	0.0129941
3917	0.0129426
3918	0.0128734
3919	0.0128698
3920	0.0128952
3921	0.0129629
3922	0.0129708
3923	0.0129489
3924	0.0129032
3925	0.0129769
3926	0.0129553
3927	0.0130159
3928	0.0129926
3929	0.0129607
3930	0.0128764
3931	0.0127947
3932	0.0128573
3933	0.0128617
3934	0.0128833
3935	0.0129145
3936	0.012855
3937	0.0128396
3938	0.012808
3939	0.0128302
3940	0.0128791
3941	0.0128796
3942	0.0128832
3943	0.0129295
3944	0.0129444
3945	0.0129473
3946	0.0129949
3947	0.0130341
3948	0.0130058
3949	0.0130203
3950	0.0130677
3951	0.013123
3952	0.0131454
3953	0.0131543
3954	0.0132177
3955	0.0132458
3956	0.0132466
3957	0.0132676
3958	0.013248
3959	0.0133296
3960	0.0133302
3961	0.0133698
3962	0.0133264
3963	0.0133481
3964	0.0133253
3965	0.0132755
3966	0.0132493
3967	0.0132462
3968	0.013303
3969	0.0132583
3970	0.0132188
3971	0.013209
3972	0.0132296
3973	0.0132271
3974	0.0132462
3975	0.0132277
3976	0.0132247
3977	0.0132234
3978	0.0131913
3979	0.0132178
3980	0.0132679
3981	0.0132539
3982	0.0132161
3983	0.0131798
3984	0.0132153
3985	0.0130984
3986	0.0130795
3987	0.0130467
3988	0.0129721
3989	0.0130415
3990	0.0129874
3991	0.0129732
3992	0.01298
3993	0.012975
3994	0.0130353
3995	0.0130175
3996	0.0129757
3997	0.0129697
3998	0.0129826
3999	0.0129821
4000	0.0129136
4001	0.0129054
4002	0.0129228
4003	0.0129915
4004	0.0130051
4005	0.0129647
4006	0.013005
4007	0.0129602
4008	0.013004
4009	0.0129642
4010	0.0130394
4011	0.0130417
4012	0.0130147
4013	0.0129668
4014	0.0128929
4015	0.0128707
4016	0.0128848
4017	0.0130116
4018	0.0129498
4019	0.0129832
4020	0.0129733
4021	0.0130361
4022	0.0130244
4023	0.0130238
4024	0.0129985
4025	0.0130083
4026	0.0130402
4027	0.012977
4028	0.0130289
4029	0.0130055
4030	0.0130111
4031	0.0130109
4032	0.0129711
4033	0.0129574
4034	0.0129992
4035	0.0130494
4036	0.0130378
4037	0.0130465
4038	0.0130678
4039	0.0130459
4040	0.0131345
4041	0.0131537
4042	0.0131286
4043	0.0131519
4044	0.013143
4045	0.0131666
4046	0.0131578
4047	0.013172
4048	0.0131984
4049	0.0132309
4050	0.0132627
4051	0.013318
4052	0.0133292
4053	0.0132882
4054	0.0132882
4055	0.0133066
4056	0.0133477
4057	0.0133985
4058	0.0134055
4059	0.0133738
4060	0.0133487
4061	0.013338
4062	0.0133499
4063	0.0133528
4064	0.0133722
4065	0.0133707
4066	0.0133503
4067	0.013389
4068	0.0133784
4069	0.0133581
4070	0.013328
4071	0.0133139
4072	0.0133004
4073	0.0132885
4074	0.0132403
4075	0.0132793
4076	0.0133527
4077	0.0133701
4078	0.0133584
4079	0.0132905
4080	0.0132396
4081	0.0132452
4082	0.0132339
4083	0.0132044
4084	0.0131796
4085	0.0131986
4086	0.0132
4087	0.0131519
4088	0.0130972
4089	0.0130928
4090	0.0131105
4091	0.0131052
4092	0.0131202
4093	0.0131008
4094	0.0131238
4095	0.0131484
4096	0.0131886
4097	0.0131679
4098	0.0131038
4099	0.0130742
4100	0.0130704
4101	0.0130194
4102	0.012955
4103	0.0129826
4104	0.0130063
4105	0.0129832
4106	0.0130491
4107	0.0130305
4108	0.0130119
4109	0.0129297
4110	0.0128984
4111	0.012891
4112	0.0128705
4113	0.0128742
4114	0.0128622
4115	0.0129138
4116	0.0129179
4117	0.0129603
4118	0.0129122
4119	0.0128862
4120	0.0128999
4121	0.0129111
4122	0.012975
4123	0.012956
4124	0.0129572
4125	0.0129896
4126	0.0129925
4127	0.0130106
4128	0.0130272
4129	0.0130409
4130	0.013089
4131	0.0131544
4132	0.0132193
4133	0.0132474
4134	0.0132321
4135	0.0132156
4136	0.0132469
4137	0.013319
4138	0.0133686
4139	0.0134261
4140	0.0135257
4141	0.0135658
4142	0.0135608
4143	0.0135752
4144	0.0135972
4145	0.0136075
4146	0.013556
4147	0.013578
4148	0.0135443
4149	0.0135523
4150	0.0136055
4151	0.0135236
4152	0.0134869
4153	0.0134618
4154	0.013403
4155	0.0133416
4156	0.0133998
4157	0.0133832
4158	0.0133232
4159	0.0133346
4160	0.0134247
4161	0.0134384
4162	0.0133498
4163	0.0133826
4164	0.0133281
4165	0.0132374
4166	0.0132023
4167	0.0131802
4168	0.0131257
4169	0.0130337
4170	0.0129996
4171	0.0130124
4172	0.0129747
4173	0.0130155
4174	0.0130042
4175	0.0129277
4176	0.0128654
4177	0.0129092
4178	0.0129008
4179	0.0128443
4180	0.0128475
4181	0.0128469
4182	0.0128251
4183	0.0127972
4184	0.012789
4185	0.0128494
4186	0.0127831
4187	0.0127986
4188	0.0128144
4189	0.0128425
4190	0.0128259
4191	0.0128648
4192	0.012911
4193	0.0128976
4194	0.0128852
4195	0.0128587
4196	0.012953
4197	0.0130276
4198	0.0130408
4199	0.0130844
4200	0.0130234
4201	0.0130372
4202	0.0130664
4203	0.0130567
4204	0.0130134
4205	0.0130371
4206	0.0129921
4207	0.0129033
4208	0.0128561
4209	0.0128496
4210	0.0127596
4211	0.0126997
4212	0.0128013
4213	0.0128187
4214	0.0128238
4215	0.012814
4216	0.0128583
4217	0.0128661
4218	0.0128035
4219	0.0128148
4220	0.0128088
4221	0.0128004
4222	0.0128238
4223	0.0128415
4224	0.012793
4225	0.0128127
4226	0.0128317
4227	0.0128281
4228	0.0129349
4229	0.0129331
4230	0.0129854
4231	0.0130197
4232	0.0130528
4233	0.0130581
4234	0.0131018
4235	0.013155
4236	0.0131873
4237	0.0131444
4238	0.0132405
4239	0.0132487
4240	0.0131953
4241	0.0131596
4242	0.0131317
4243	0.0131821
4244	0.0132066
4245	0.0132583
4246	0.0132552
4247	0.0132537
4248	0.0132292
4249	0.0132376
4250	0.0132371
4251	0.0132316
4252	0.0132655
4253	0.0132823
4254	0.0133401
4255	0.0133063
4256	0.0133279
4257	0.0133444
4258	0.0134209
4259	0.0134273
4260	0.0135191
4261	0.0136019
4262	0.0136376
4263	0.0135919
4264	0.0135682
4265	0.0135662
4266	0.0135462
4267	0.0135546
4268	0.0135039
4269	0.0134253
4270	0.0134099
4271	0.0134042
4272	0.0133654
4273	0.0133706
4274	0.0133855
4275	0.0133891
4276	0.013355
4277	0.01337
4278	0.0133119
4279	0.0133702
4280	0.0134037
4281	0.013426
4282	0.0133553
4283	0.0133519
4284	0.0133335
4285	0.0132662
4286	0.0132353
4287	0.0132817
4288	0.0132641
4289	0.0131707
4290	0.0131128
4291	0.0130372
4292	0.0130854
4293	0.0130556
4294	0.0130205
4295	0.0129632
4296	0.0130306
4297	0.013093
4298	0.0130769
4299	0.0130596
4300	0.0131427
4301	0.01311
4302	0.013075
4303	0.013086
4304	0.013074
4305	0.0131082
4306	0.0131296
4307	0.0130561
4308	0.0130036
4309	0.013065
4310	0.0130196
4311	0.0130058
4312	0.0130293
4313	0.0130337
4314	0.0129654
4315	0.0129492
4316	0.0129298
4317	0.012882
4318	0.0129916
4319	0.0129639
4320	0.0130084
4321	0.0129802
4322	0.0129755
4323	0.0129856
4324	0.0130212
4325	0.0130403
4326	0.0130337
4327	0.0130079
4328	0.0129074
4329	0.0128769
4330	0.0128253
4331	0.012875
4332	0.0129147
4333	0.0129523
4334	0.0129567
4335	0.0130094
4336	0.013057
4337	0.0130867
4338	0.0130783
4339	0.0130566
4340	0.0130739
4341	0.0130337
4342	0.0130494
4343	0.0130128
4344	0.0130187
4345	0.0130305
4346	0.0130429
4347	0.0129727
4348	0.0130771
4349	0.0130655
4350	0.0130165
4351	0.0130597
4352	0.0130657
4353	0.0130324
4354	0.0129826
4355	0.0130268
4356	0.0130465
4357	0.0130311
4358	0.0131149
4359	0.0130686
4360	0.0130945
4361	0.0130972
4362	0.0130638
4363	0.0131825
4364	0.0132267
4365	0.0132189
4366	0.0132899
4367	0.0132613
4368	0.0133424
4369	0.0133712
4370	0.0134276
4371	0.0134394
4372	0.0134482
4373	0.0134359
4374	0.0134607
4375	0.0134631
4376	0.0134117
4377	0.0134355
4378	0.0135045
4379	0.0135655
4380	0.0135101
4381	0.0134955
4382	0.013469
4383	0.0134954
4384	0.0135769
4385	0.0135967
4386	0.0135371
4387	0.013531
4388	0.0135808
4389	0.0135977
4390	0.013583
4391	0.0136345
4392	0.0135675
4393	0.013537
4394	0.0135095
4395	0.0136059
4396	0.0135915
4397	0.0135606
4398	0.013568
4399	0.0135598
4400	0.0135023
4401	0.0134482
4402	0.0133745
4403	0.0134336
4404	0.0133816
4405	0.0132765
4406	0.0133022
4407	0.013286
4408	0.0132318
4409	0.0133036
4410	0.0132221
4411	0.0132699
4412	0.0132364
4413	0.0131946
4414	0.0131481
4415	0.013079
4416	0.013083
4417	0.0130172
4418	0.0130042
4419	0.0129417
4420	0.012911
4421	0.0128679
4422	0.0128733
4423	0.0128078
4424	0.0128052
4425	0.0128097
4426	0.0127688
4427	0.0127028
4428	0.0126635
4429	0.0126453
4430	0.0125827
4431	0.0126053
4432	0.0125455
4433	0.0125519
4434	0.0126469
4435	0.0126055
4436	0.0126508
4437	0.0126393
4438	0.012772
4439	0.0127509
4440	0.0127164
4441	0.0127531
4442	0.0128045
4443	0.0127837
4444	0.0127625
4445	0.0127948
4446	0.0128348
4447	0.0128805
4448	0.0128995
4449	0.0129465
4450	0.0129858
4451	0.0129931
4452	0.0129932
4453	0.0129929
4454	0.0129849
4455	0.0129491
4456	0.0129097
4457	0.0129219
4458	0.0129248
4459	0.0129608
4460	0.0129961
4461	0.0130379
4462	0.0130649
4463	0.0130601
4464	0.0130762
4465	0.0130643
4466	0.0130917
4467	0.0130682
4468	0.0130874
4469	0.0131583
4470	0.0131523
4471	0.0131601
4472	0.0131879
4473	0.0131936
4474	0.01319
4475	0.0132179
4476	0.0132532
4477	0.0132243
4478	0.0132211
4479	0.0132041
4480	0.0132135
4481	0.0132316
4482	0.013302
4483	0.0132693
4484	0.0132458
4485	0.0133274
4486	0.0133678
4487	0.0133663
4488	0.0134692
4489	0.0135069
4490	0.0135366
4491	0.0135321
4492	0.0134916
4493	0.0135397
4494	0.0134776
4495	0.0134066
4496	0.0134505
4497	0.0134933
4498	0.0135296
4499	0.0135499
4500	0.013464
4501	0.0135122
4502	0.0135249
4503	0.0134739
4504	0.013469
4505	0.0135542
4506	0.013508
4507	0.013495
4508	0.0134999
4509	0.0134183
4510	0.0134207
4511	0.0134001
4512	0.0133282
4513	0.0133684
4514	0.0133607
4515	0.0133131
4516	0.0132693
4517	0.0131957
4518	0.0132153
4519	0.0131266
4520	0.0130803
4521	0.0130805
4522	0.0130741
4523	0.0130292
4524	0.0130344
4525	0.013078
4526	0.0131451
4527	0.013109
4528	0.0130937
4529	0.0131117
4530	0.0131711
4531	0.0131585
4532	0.0130952
4533	0.0130681
4534	0.0130407
4535	0.0130313
4536	0.0129425
4537	0.0129159
4538	0.0129037
4539	0.0128799
4540	0.012821
4541	0.0128833
4542	0.0128715
4543	0.0128816
4544	0.0128292
4545	0.0128687
4546	0.0127763
4547	0.0127325
4548	0.0126626
4549	0.0127108
4550	0.0126905
4551	0.0126262
4552	0.0125997
4553	0.0125921
4554	0.0126185
4555	0.0126178
4556	0.0125968
4557	0.0126207
4558	0.0127051
4559	0.0127306
4560	0.0127349
4561	0.0127669
4562	0.0127875
4563	0.0127919
4564	0.0128166
4565	0.0128157
4566	0.0128485
4567	0.0129031
4568	0.0129081
4569	0.0129348
4570	0.0129002
4571	0.0129134
4572	0.0129137
4573	0.0129524
4574	0.0129245
4575	0.012908
4576	0.0128669
4577	0.0128883
4578	0.0129705
4579	0.0129645
4580	0.0130273
4581	0.0130443
4582	0.0129946
4583	0.0129942
4584	0.0130287
4585	0.0130672
4586	0.0131466
4587	0.0131887
4588	0.0131723
4589	0.0131783
4590	0.0132308
4591	0.0133061
4592	0.0133175
4593	0.013255
4594	0.0131902
4595	0.0132122
4596	0.0132802
4597	0.0132542
4598	0.0132935
4599	0.0132625
4600	0.0132636
4601	0.0132142
4602	0.0132452
4603	0.0132908
4604	0.0132813
4605	0.0133126
4606	0.0133245
4607	0.013407
4608	0.0134738
4609	0.0134744
4610	0.0134735
4611	0.0135286
4612	0.0135311
4613	0.0135082
4614	0.0135279
4615	0.0135593
4616	0.0135845
4617	0.0135554
4618	0.013603
4619	0.0135091
4620	0.0135024
4621	0.0133905
4622	0.0133931
4623	0.0133622
4624	0.0133074
4625	0.0133038
4626	0.0133261
4627	0.0134081
4628	0.0133733
4629	0.0133849
4630	0.0133592
4631	0.0133542
4632	0.0133296
4633	0.013288
4634	0.0132417
4635	0.013212
4636	0.0132204
4637	0.0131483
4638	0.0131328
4639	0.0131368
4640	0.0130878
4641	0.0130937
4642	0.0130359
4643	0.0130388
4644	0.0130796
4645	0.0130455
4646	0.0130775
4647	0.0131076
4648	0.0131057
4649	0.0131371
4650	0.0131937
4651	0.0131696
4652	0.0131249
4653	0.0131647
4654	0.0131867
4655	0.0132549
4656	0.0132391
4657	0.0131886
4658	0.0131702
4659	0.0131327
4660	0.0131266
4661	0.013135
4662	0.0131429
4663	0.0131984
4664	0.0131181
4665	0.01309
4666	0.013084
4667	0.013133
4668	0.0131452
4669	0.0131507
4670	0.0131729
4671	0.013186
4672	0.0132536
4673	0.0132417
4674	0.0132775
4675	0.013263
4676	0.0133325
4677	0.0133809
4678	0.0133266
4679	0.0133101
4680	0.0133972
4681	0.0133366
4682	0.0133076
4683	0.0133217
4684	0.0132854
4685	0.0132236
4686	0.0131531
4687	0.0131685
4688	0.0130839
4689	0.0130941
4690	0.0131266
4691	0.0131744
4692	0.0131748
4693	0.0131298
4694	0.0131768
4695	0.0131991
4696	0.0131461
4697	0.0131813
4698	0.0131795
4699	0.0131392
4700	0.0131483
4701	0.0131921
4702	0.013134
4703	0.0131722
4704	0.0132158
4705	0.0132295
4706	0.0132206
4707	0.0132195
4708	0.013221
4709	0.0131527
4710	0.0131423
4711	0.0130908
4712	0.0131338
4713	0.0130901
4714	0.0130365
4715	0.0130626
4716	0.0129736
4717	0.0128739
4718	0.0128815
4719	0.0128143
4720	0.0127739
4721	0.0127955
4722	0.0127601
4723	0.0127337
4724	0.0127733
4725	0.012727
4726	0.0126555
4727	0.0126134
4728	0.0126786
4729	0.0126987
4730	0.012623
4731	0.0125964
4732	0.0125467
4733	0.0125979
4734	0.0125583
4735	0.0126239
4736	0.0126158
4737	0.0126012
4738	0.01263
4739	0.0126618
4740	0.0126343
4741	0.0127101
4742	0.0127792
4743	0.0128376
4744	0.0128176
4745	0.01284
4746	0.0128921
4747	0.0129723
4748	0.0129966
4749	0.012997
4750	0.0130206
4751	0.0130229
4752	0.0130059
4753	0.0130797
4754	0.0131067
4755	0.0130873
4756	0.0131222
4757	0.0131618
4758	0.0131556
4759	0.0132205
4760	0.0132043
4761	0.0131738
4762	0.0132207
4763	0.0132465
4764	0.0133064
4765	0.0132881
4766	0.0133231
4767	0.0133182
4768	0.0132917
4769	0.0133404
4770	0.0132958
4771	0.0132409
4772	0.013223
4773	0.0132574
4774	0.0133071
4775	0.0133101
4776	0.0132903
4777	0.0132786
4778	0.0132717
4779	0.0132235
4780	0.0131433
4781	0.0131608
4782	0.0130995
4783	0.0130765
4784	0.0130856
4785	0.0131015
4786	0.0131423
4787	0.013122
4788	0.013097
4789	0.0131049
4790	0.0131612
4791	0.0131672
4792	0.0131398
4793	0.0130806
4794	0.0130286
4795	0.0130278
4796	0.0129957
4797	0.0130277
4798	0.0129462
4799	0.0129345
4800	0.0130203
4801	0.013035
4802	0.0130923
4803	0.0131002
4804	0.0130528
4805	0.0130902
4806	0.0131077
4807	0.0130988
4808	0.0131578
4809	0.0132071
4810	0.0132528
4811	0.0132714
4812	0.0133723
4813	0.0133263
4814	0.0132746
4815	0.0132365
4816	0.0131595
4817	0.0132635
4818	0.013278
4819	0.013277
4820	0.0133364
4821	0.0133882
4822	0.0134096
4823	0.0134607
4824	0.0134664
4825	0.0133924
4826	0.013343
4827	0.0133319
4828	0.0133292
4829	0.0132579
4830	0.0132823
4831	0.0132545
4832	0.0132519
4833	0.0132223
4834	0.0132241
4835	0.0132363
4836	0.0131984
4837	0.0131938
4838	0.0131842
4839	0.0132358
4840	0.0132407
4841	0.0132701
4842	0.0133345
4843	0.0132602
4844	0.0133006
4845	0.0132747
4846	0.0132507
4847	0.0132057
4848	0.0131903
4849	0.0131094
4850	0.0131002
4851	0.013098
4852	0.0131436
4853	0.0131125
4854	0.0131066
4855	0.0130892
4856	0.0130781
4857	0.0131377
4858	0.0131841
4859	0.0131792
4860	0.0131157
4861	0.013158
4862	0.0131175
4863	0.0130938
4864	0.0131198
4865	0.0131409
4866	0.0131353
4867	0.0131345
4868	0.0131591
4869	0.0131834
4870	0.0131431
4871	0.0131842
4872	0.0131102
4873	0.0131309
4874	0.0132243
4875	0.0132768
4876	0.0132702
4877	0.0132371
4878	0.0131914
4879	0.01318
4880	0.0131418
4881	0.0131634
4882	0.0132371
4883	0.0132668
4884	0.0132527
4885	0.013224
4886	0.0132473
4887	0.0132939
4888	0.0132662
4889	0.0132318
4890	0.0132355
4891	0.0132042
4892	0.0132523
4893	0.013265
4894	0.0132253
4895	0.0132115
4896	0.013186
4897	0.0131204
4898	0.0131178
4899	0.0130921
4900	0.0130686
4901	0.0130855
4902	0.0130632
4903	0.0130936
4904	0.0130415
4905	0.0129755
4906	0.0130092
4907	0.0129977
4908	0.0129946
4909	0.0130452
4910	0.013027
4911	0.012997
4912	0.0129912
4913	0.0130226
4914	0.0129634
4915	0.0129581
4916	0.0130077
4917	0.0129803
4918	0.0130164
4919	0.0130536
4920	0.0130236
4921	0.0130061
4922	0.0130553
4923	0.0130401
4924	0.0130757
4925	0.0129821
4926	0.0129957
4927	0.0129727
4928	0.01301
4929	0.0129703
4930	0.0130416
4931	0.0131243
4932	0.0131475
4933	0.0132151
4934	0.0132494
4935	0.0133238
4936	0.0133472
4937	0.0133489
4938	0.0133546
4939	0.0133523
4940	0.0134009
4941	0.0134029
4942	0.0134349
4943	0.0134046
4944	0.013363
4945	0.0133845
4946	0.0134168
4947	0.0133339
4948	0.0132896
4949	0.0132548
4950	0.0132428
4951	0.0132082
4952	0.0131382
4953	0.0131521
4954	0.0131633
4955	0.0131868
4956	0.0131563
4957	0.013159
4958	0.0131604
4959	0.0130655
4960	0.0130211
4961	0.0130669
4962	0.0131175
4963	0.0131441
4964	0.0132115
4965	0.0132052
4966	0.0131837
4967	0.0131927
4968	0.0131926
4969	0.0131346
4970	0.0130827
4971	0.0130529
4972	0.013032
4973	0.0129743
4974	0.0130355
4975	0.0130603
4976	0.0131051
4977	0.0130778
4978	0.0130963
4979	0.0130683
4980	0.0130855
4981	0.0130273
4982	0.013068
4983	0.0131134
4984	0.0131174
4985	0.0131564
4986	0.013145
4987	0.0131275
4988	0.0131
4989	0.0130936
4990	0.0131024
4991	0.0130414
4992	0.0130163
4993	0.0130425
4994	0.0131294
4995	0.0130923
4996	0.0130282
4997	0.0130404
4998	0.0131273
4999	0.0131475
5000	0.0131097
