#realizzazioni=200

0	0
1	0.00322767
2	0.00864159
3	0.0175322
4	0.0316564
5	0.0536595
6	0.0862639
7	0.13129
8	0.189088
9	0.257189
10	0.331062
11	0.406123
12	0.478467
13	0.544951
14	0.604088
15	0.65552
16	0.699435
17	0.736326
18	0.766948
19	0.792054
20	0.812424
21	0.828777
22	0.841729
23	0.851825
24	0.859527
25	0.865242
26	0.869319
27	0.872029
28	0.873621
29	0.874279
30	0.874154
31	0.873376
32	0.872062
33	0.870298
34	0.868163
35	0.865721
36	0.863019
37	0.860104
38	0.857011
39	0.853771
40	0.850412
41	0.846952
42	0.843409
43	0.8398
44	0.836137
45	0.832429
46	0.828687
47	0.824917
48	0.821126
49	0.81732
50	0.813503
51	0.809678
52	0.805849
53	0.802018
54	0.79819
55	0.794364
56	0.790544
57	0.78673
58	0.782925
59	0.779129
60	0.775343
61	0.771569
62	0.767807
63	0.764058
64	0.760322
65	0.7566
66	0.752892
67	0.749198
68	0.74552
69	0.741857
70	0.738209
71	0.734577
72	0.730961
73	0.727361
74	0.723776
75	0.720209
76	0.716657
77	0.713122
78	0.709604
79	0.706102
80	0.702616
81	0.699147
82	0.695695
83	0.692259
84	0.688839
85	0.685437
86	0.68205
87	0.678681
88	0.675328
89	0.671992
90	0.668672
91	0.665369
92	0.662083
93	0.658813
94	0.655561
95	0.652325
96	0.649105
97	0.645902
98	0.642716
99	0.639547
100	0.636395
101	0.633259
102	0.63014
103	0.627038
104	0.623953
105	0.620885
106	0.617833
107	0.6148
108	0.611783
109	0.608784
110	0.605802
111	0.602839
112	0.599892
113	0.596965
114	0.594055
115	0.591164
116	0.588292
117	0.58544
118	0.582607
119	0.579795
120	0.577004
121	0.574234
122	0.571487
123	0.568762
124	0.566061
125	0.563385
126	0.560735
127	0.558113
128	0.555519
129	0.552955
130	0.550423
131	0.547924
132	0.545465
133	0.543047
134	0.540673
135	0.538348
136	0.536075
137	0.533858
138	0.531698
139	0.529605
140	0.527586
141	0.525647
142	0.523801
143	0.522058
144	0.520426
145	0.518915
146	0.517526
147	0.51628
148	0.515189
149	0.514289
150	0.513593
151	0.513135
152	0.512929
153	0.513002
154	0.513362
155	0.514056
156	0.515061
157	0.516444
158	0.518221
159	0.520405
160	0.523045
161	0.526181
162	0.529774
163	0.533801
164	0.538311
165	0.543359
166	0.54892
167	0.554977
168	0.561503
169	0.568397
170	0.575657
171	0.583244
172	0.591096
173	0.599166
174	0.607402
175	0.615727
176	0.624034
177	0.632332
178	0.640569
179	0.648637
180	0.656473
181	0.664014
182	0.671227
183	0.678049
184	0.68447
185	0.6905
186	0.696119
187	0.701314
188	0.706089
189	0.710444
190	0.714393
191	0.717932
192	0.721055
193	0.7238
194	0.726169
195	0.728183
196	0.729867
197	0.731226
198	0.732283
199	0.733061
200	0.733586
201	0.733866
202	0.733919
203	0.733755
204	0.73339
205	0.732841
206	0.732116
207	0.731232
208	0.730197
209	0.729025
210	0.727725
211	0.726316
212	0.724802
213	0.723194
214	0.721505
215	0.71974
216	0.717909
217	0.716015
218	0.714065
219	0.712074
220	0.710042
221	0.707966
222	0.70585
223	0.703697
224	0.701511
225	0.699304
226	0.697079
227	0.694836
228	0.692578
229	0.690308
230	0.688028
231	0.685736
232	0.683438
233	0.681139
234	0.678844
235	0.676548
236	0.674253
237	0.671961
238	0.669678
239	0.667409
240	0.665153
241	0.662909
242	0.660683
243	0.658475
244	0.656285
245	0.654109
246	0.651951
247	0.649816
248	0.647711
249	0.645639
250	0.643593
251	0.641578
252	0.639598
253	0.637654
254	0.635745
255	0.633877
256	0.632053
257	0.630281
258	0.628561
259	0.626891
260	0.625264
261	0.623695
262	0.622189
263	0.620752
264	0.619375
265	0.618069
266	0.616827
267	0.615658
268	0.614569
269	0.613552
270	0.612608
271	0.61174
272	0.610951
273	0.610243
274	0.609622
275	0.609107
276	0.60869
277	0.608371
278	0.608142
279	0.608035
280	0.608029
281	0.608125
282	0.608325
283	0.608632
284	0.609051
285	0.609576
286	0.610218
287	0.610986
288	0.611867
289	0.612858
290	0.613985
291	0.61522
292	0.616576
293	0.618042
294	0.619635
295	0.621336
296	0.623124
297	0.625015
298	0.626993
299	0.629036
300	0.631158
301	0.633335
302	0.635576
303	0.637879
304	0.640217
305	0.642585
306	0.64497
307	0.647361
308	0.64971
309	0.652041
310	0.654351
311	0.656611
312	0.658829
313	0.660973
314	0.663037
315	0.665043
316	0.66696
317	0.668799
318	0.670544
319	0.672223
320	0.673812
321	0.675299
322	0.676691
323	0.677975
324	0.679166
325	0.680261
326	0.681239
327	0.682118
328	0.682883
329	0.68355
330	0.684132
331	0.684633
332	0.685042
333	0.68537
334	0.685593
335	0.685736
336	0.685807
337	0.685794
338	0.685696
339	0.685518
340	0.685267
341	0.684951
342	0.684576
343	0.684132
344	0.683634
345	0.683084
346	0.682483
347	0.681834
348	0.681133
349	0.680382
350	0.679589
351	0.678767
352	0.67792
353	0.677041
354	0.676123
355	0.675174
356	0.674202
357	0.673209
358	0.672196
359	0.671158
360	0.6701
361	0.669043
362	0.667988
363	0.666932
364	0.665873
365	0.664815
366	0.663755
367	0.662702
368	0.661652
369	0.660606
370	0.659573
371	0.658558
372	0.657556
373	0.656569
374	0.655592
375	0.65463
376	0.653684
377	0.652748
378	0.651824
379	0.650918
380	0.650038
381	0.649193
382	0.64838
383	0.647603
384	0.646867
385	0.646164
386	0.645487
387	0.644843
388	0.644236
389	0.643655
390	0.643097
391	0.642563
392	0.642067
393	0.641603
394	0.641178
395	0.640781
396	0.640419
397	0.640082
398	0.639779
399	0.639514
400	0.639286
401	0.639105
402	0.638973
403	0.63889
404	0.638853
405	0.638848
406	0.638879
407	0.638956
408	0.63907
409	0.639233
410	0.63944
411	0.639688
412	0.639955
413	0.640246
414	0.64057
415	0.64093
416	0.641334
417	0.641774
418	0.64224
419	0.642736
420	0.643262
421	0.643817
422	0.644375
423	0.64495
424	0.645541
425	0.646159
426	0.646795
427	0.64746
428	0.648132
429	0.648816
430	0.649513
431	0.650238
432	0.650966
433	0.651695
434	0.652434
435	0.653172
436	0.653891
437	0.654592
438	0.655292
439	0.655978
440	0.656663
441	0.657344
442	0.658017
443	0.658681
444	0.659338
445	0.659971
446	0.660589
447	0.661169
448	0.661723
449	0.66227
450	0.662791
451	0.663268
452	0.663709
453	0.66413
454	0.664536
455	0.664919
456	0.665265
457	0.66557
458	0.665857
459	0.666107
460	0.666329
461	0.666527
462	0.666685
463	0.666838
464	0.666965
465	0.667061
466	0.667125
467	0.66716
468	0.667163
469	0.667135
470	0.667082
471	0.667
472	0.666891
473	0.666764
474	0.666632
475	0.666496
476	0.666349
477	0.666178
478	0.666002
479	0.665806
480	0.665592
481	0.665355
482	0.665095
483	0.664819
484	0.664518
485	0.664206
486	0.663872
487	0.663512
488	0.66314
489	0.662769
490	0.662372
491	0.661958
492	0.661532
493	0.661091
494	0.660645
495	0.660202
496	0.659759
497	0.659315
498	0.658867
499	0.658411
500	0.657956
501	0.657494
502	0.657036
503	0.656594
504	0.656165
505	0.655746
506	0.655332
507	0.654929
508	0.654536
509	0.654152
510	0.653768
511	0.653393
512	0.653045
513	0.652721
514	0.652405
515	0.652105
516	0.651815
517	0.651548
518	0.651298
519	0.651062
520	0.650855
521	0.650664
522	0.650484
523	0.650325
524	0.650186
525	0.650066
526	0.649958
527	0.649863
528	0.649798
529	0.649746
530	0.649715
531	0.649705
532	0.649721
533	0.649751
534	0.649788
535	0.649839
536	0.649897
537	0.649965
538	0.650039
539	0.650119
540	0.650209
541	0.65032
542	0.650451
543	0.65061
544	0.650792
545	0.650993
546	0.651204
547	0.651417
548	0.651638
549	0.651858
550	0.652074
551	0.652282
552	0.652489
553	0.652701
554	0.652907
555	0.653121
556	0.653342
557	0.653574
558	0.653815
559	0.654067
560	0.654326
561	0.654582
562	0.65483
563	0.655094
564	0.655358
565	0.655614
566	0.655857
567	0.656087
568	0.656314
569	0.656548
570	0.656782
571	0.657023
572	0.65726
573	0.657499
574	0.65774
575	0.657979
576	0.658211
577	0.658415
578	0.65861
579	0.658786
580	0.658956
581	0.659112
582	0.659244
583	0.65937
584	0.659475
585	0.659578
586	0.659677
587	0.659783
588	0.659902
589	0.660016
590	0.660122
591	0.660231
592	0.660333
593	0.660422
594	0.660493
595	0.660554
596	0.660595
597	0.660625
598	0.66064
599	0.660648
600	0.660628
601	0.660603
602	0.660553
603	0.660483
604	0.660423
605	0.660349
606	0.660272
607	0.660187
608	0.660095
609	0.660007
610	0.659917
611	0.659824
612	0.659726
613	0.65962
614	0.659494
615	0.659371
616	0.659249
617	0.659119
618	0.658976
619	0.658839
620	0.658707
621	0.658576
622	0.658476
623	0.658388
624	0.658298
625	0.6582
626	0.658112
627	0.658047
628	0.657981
629	0.657913
630	0.657844
631	0.657763
632	0.657672
633	0.657577
634	0.657478
635	0.657378
636	0.657285
637	0.6572
638	0.657132
639	0.657066
640	0.657011
641	0.656972
642	0.656927
643	0.656886
644	0.656847
645	0.656799
646	0.656745
647	0.656685
648	0.656604
649	0.656522
650	0.65644
651	0.656367
652	0.656306
653	0.656252
654	0.6562
655	0.656153
656	0.656106
657	0.656058
658	0.656018
659	0.655981
660	0.655943
661	0.655907
662	0.655864
663	0.655828
664	0.655797
665	0.655781
666	0.655779
667	0.655782
668	0.6558
669	0.655822
670	0.655848
671	0.655876
672	0.655913
673	0.655948
674	0.655981
675	0.656024
676	0.656053
677	0.656084
678	0.656122
679	0.656159
680	0.656193
681	0.656227
682	0.656261
683	0.656311
684	0.656373
685	0.656445
686	0.65653
687	0.656632
688	0.656731
689	0.65683
690	0.656935
691	0.65704
692	0.657138
693	0.657228
694	0.657305
695	0.657364
696	0.657419
697	0.657485
698	0.657542
699	0.657587
700	0.657626
701	0.657644
702	0.65764
703	0.65764
704	0.657631
705	0.65763
706	0.657641
707	0.657654
708	0.65767
709	0.657688
710	0.6577
711	0.657704
712	0.657694
713	0.657674
714	0.657663
715	0.657646
716	0.657617
717	0.657586
718	0.65755
719	0.657495
720	0.657434
721	0.65737
722	0.6573
723	0.657227
724	0.657152
725	0.657076
726	0.656995
727	0.656925
728	0.656858
729	0.656792
730	0.656724
731	0.656678
732	0.656623
733	0.656566
734	0.656496
735	0.656415
736	0.656337
737	0.656268
738	0.656189
739	0.656123
740	0.656072
741	0.656024
742	0.655973
743	0.655929
744	0.655881
745	0.655834
746	0.655797
747	0.655781
748	0.655781
749	0.655794
750	0.655808
751	0.655822
752	0.655843
753	0.655852
754	0.65587
755	0.655892
756	0.655903
757	0.65592
758	0.655938
759	0.655952
760	0.655954
761	0.655954
762	0.655959
763	0.65595
764	0.655952
765	0.65596
766	0.65596
767	0.655963
768	0.655953
769	0.655945
770	0.65595
771	0.655965
772	0.655982
773	0.655998
774	0.655998
775	0.655997
776	0.656
777	0.656001
778	0.656014
779	0.656042
780	0.656078
781	0.656121
782	0.656175
783	0.656231
784	0.656285
785	0.656329
786	0.656373
787	0.656414
788	0.656456
789	0.65652
790	0.656572
791	0.656609
792	0.656637
793	0.65667
794	0.656698
795	0.656731
796	0.656764
797	0.656798
798	0.656824
799	0.656832
800	0.65684
801	0.656847
802	0.656859
803	0.656883
804	0.656897
805	0.65691
806	0.656919
807	0.656933
808	0.656957
809	0.656992
810	0.657015
811	0.657025
812	0.657025
813	0.657037
814	0.657048
815	0.657061
816	0.657064
817	0.657072
818	0.657082
819	0.657086
820	0.657082
821	0.657074
822	0.657067
823	0.657069
824	0.65707
825	0.657071
826	0.657079
827	0.657082
828	0.657088
829	0.657094
830	0.657103
831	0.657121
832	0.657142
833	0.65716
834	0.657182
835	0.657205
836	0.657224
837	0.657246
838	0.657262
839	0.657266
840	0.657265
841	0.657258
842	0.657235
843	0.657215
844	0.657183
845	0.657123
846	0.657054
847	0.657
848	0.656956
849	0.656903
850	0.656842
851	0.656774
852	0.656714
853	0.656663
854	0.656609
855	0.656555
856	0.656499
857	0.656438
858	0.656379
859	0.656336
860	0.656293
861	0.656233
862	0.656167
863	0.656109
864	0.656069
865	0.65603
866	0.655991
867	0.655952
868	0.65591
869	0.655867
870	0.655831
871	0.655788
872	0.655748
873	0.655695
874	0.655645
875	0.655607
876	0.655579
877	0.655558
878	0.655551
879	0.655555
880	0.655556
881	0.655556
882	0.655557
883	0.655557
884	0.655582
885	0.655604
886	0.655617
887	0.655636
888	0.65567
889	0.655685
890	0.655683
891	0.655665
892	0.655647
893	0.655623
894	0.655601
895	0.655585
896	0.655572
897	0.655545
898	0.655526
899	0.655517
900	0.655511
901	0.655514
902	0.655507
903	0.655511
904	0.655508
905	0.655507
906	0.655502
907	0.655489
908	0.65546
909	0.655431
910	0.655404
911	0.655374
912	0.655352
913	0.655326
914	0.655298
915	0.65526
916	0.655233
917	0.655226
918	0.655227
919	0.655238
920	0.655246
921	0.655255
922	0.655289
923	0.655325
924	0.655363
925	0.655404
926	0.655459
927	0.65552
928	0.655577
929	0.655638
930	0.655701
931	0.655787
932	0.655885
933	0.655986
934	0.656078
935	0.656166
936	0.656247
937	0.656304
938	0.656343
939	0.656386
940	0.656426
941	0.656461
942	0.656499
943	0.656529
944	0.656566
945	0.656587
946	0.656593
947	0.656588
948	0.656582
949	0.656588
950	0.656602
951	0.656602
952	0.656588
953	0.656581
954	0.656566
955	0.656542
956	0.656513
957	0.656489
958	0.656459
959	0.656415
960	0.656368
961	0.656324
962	0.656272
963	0.656233
964	0.656185
965	0.656137
966	0.656075
967	0.656012
968	0.655945
969	0.655877
970	0.655815
971	0.655771
972	0.655748
973	0.655727
974	0.655707
975	0.655676
976	0.65564
977	0.655612
978	0.655598
979	0.655571
980	0.655541
981	0.655516
982	0.655498
983	0.655475
984	0.655452
985	0.65544
986	0.655438
987	0.655441
988	0.655445
989	0.655446
990	0.655457
991	0.655477
992	0.655505
993	0.655535
994	0.65557
995	0.655609
996	0.655648
997	0.655686
998	0.655732
999	0.655765
1000	0.655792
1001	0.655816
1002	0.65584
1003	0.655857
1004	0.655882
1005	0.65591
1006	0.655929
1007	0.655949
1008	0.655974
1009	0.656011
1010	0.656069
1011	0.65614
1012	0.656214
1013	0.656295
1014	0.656367
1015	0.656425
1016	0.656475
1017	0.656509
1018	0.65654
1019	0.656566
1020	0.65657
1021	0.656566
1022	0.656567
1023	0.656575
1024	0.656582
1025	0.65658
1026	0.656573
1027	0.656573
1028	0.656575
1029	0.656583
1030	0.656593
1031	0.656605
1032	0.656615
1033	0.656625
1034	0.656635
1035	0.656634
1036	0.656636
1037	0.656635
1038	0.656636
1039	0.656645
1040	0.656648
1041	0.656651
1042	0.656659
1043	0.656674
1044	0.656686
1045	0.656718
1046	0.656754
1047	0.656769
1048	0.656777
1049	0.656782
1050	0.656768
1051	0.656745
1052	0.656725
1053	0.656709
1054	0.6567
1055	0.656685
1056	0.656669
1057	0.656663
1058	0.656663
1059	0.65665
1060	0.656631
1061	0.656621
1062	0.656607
1063	0.65658
1064	0.656554
1065	0.656523
1066	0.65649
1067	0.656467
1068	0.656436
1069	0.656409
1070	0.656385
1071	0.656343
1072	0.656299
1073	0.656242
1074	0.656167
1075	0.656084
1076	0.655991
1077	0.655911
1078	0.65584
1079	0.655759
1080	0.655665
1081	0.655573
1082	0.655498
1083	0.655433
1084	0.655365
1085	0.655299
1086	0.655221
1087	0.655148
1088	0.655078
1089	0.655016
1090	0.654962
1091	0.654926
1092	0.654908
1093	0.654902
1094	0.654899
1095	0.654904
1096	0.654906
1097	0.654923
1098	0.654963
1099	0.655002
1100	0.655045
1101	0.655098
1102	0.655144
1103	0.655192
1104	0.655236
1105	0.655297
1106	0.655358
1107	0.655427
1108	0.655503
1109	0.655575
1110	0.655645
1111	0.655718
1112	0.655794
1113	0.65588
1114	0.655967
1115	0.656053
1116	0.656149
1117	0.656247
1118	0.656335
1119	0.656434
1120	0.656532
1121	0.656617
1122	0.656707
1123	0.656801
1124	0.656899
1125	0.657006
1126	0.657109
1127	0.657207
1128	0.65729
1129	0.657376
1130	0.657447
1131	0.657508
1132	0.657555
1133	0.657602
1134	0.657634
1135	0.657671
1136	0.657708
1137	0.65775
1138	0.657797
1139	0.657842
1140	0.657881
1141	0.657921
1142	0.657949
1143	0.657964
1144	0.657971
1145	0.657986
1146	0.658011
1147	0.658038
1148	0.658055
1149	0.658079
1150	0.658104
1151	0.658123
1152	0.658141
1153	0.658162
1154	0.658177
1155	0.658193
1156	0.658206
1157	0.658215
1158	0.658229
1159	0.658238
1160	0.65825
1161	0.658259
1162	0.658246
1163	0.658231
1164	0.658207
1165	0.658171
1166	0.658134
1167	0.658105
1168	0.658077
1169	0.658051
1170	0.658019
1171	0.65799
1172	0.657967
1173	0.657944
1174	0.65792
1175	0.657886
1176	0.657843
1177	0.657798
1178	0.65776
1179	0.657735
1180	0.657706
1181	0.657671
1182	0.657633
1183	0.657608
1184	0.657594
1185	0.657576
1186	0.657552
1187	0.657536
1188	0.657525
1189	0.657508
1190	0.657491
1191	0.657471
1192	0.657441
1193	0.657409
1194	0.657384
1195	0.657362
1196	0.657337
1197	0.657322
1198	0.657308
1199	0.657282
1200	0.657264
1201	0.657248
1202	0.657245
1203	0.657254
1204	0.657272
1205	0.657284
1206	0.657297
1207	0.657304
1208	0.657298
1209	0.657288
1210	0.657268
1211	0.657237
1212	0.657207
1213	0.657176
1214	0.65714
1215	0.65711
1216	0.657074
1217	0.657037
1218	0.65699
1219	0.656933
1220	0.656875
1221	0.656819
1222	0.656767
1223	0.656716
1224	0.656666
1225	0.65662
1226	0.656583
1227	0.656541
1228	0.65651
1229	0.656483
1230	0.656459
1231	0.65643
1232	0.656403
1233	0.656384
1234	0.656361
1235	0.656329
1236	0.656312
1237	0.656313
1238	0.656323
1239	0.656327
1240	0.656331
1241	0.656339
1242	0.656349
1243	0.65636
1244	0.656364
1245	0.656366
1246	0.656358
1247	0.656349
1248	0.656351
1249	0.656378
1250	0.656403
1251	0.656422
1252	0.656433
1253	0.656441
1254	0.656441
1255	0.656449
1256	0.656457
1257	0.656459
1258	0.656454
1259	0.656453
1260	0.65646
1261	0.656475
1262	0.656497
1263	0.65652
1264	0.656548
1265	0.656579
1266	0.656627
1267	0.656679
1268	0.656736
1269	0.65679
1270	0.656856
1271	0.656926
1272	0.657001
1273	0.657083
1274	0.657173
1275	0.657261
1276	0.657372
1277	0.657488
1278	0.657602
1279	0.657726
1280	0.657847
1281	0.657963
1282	0.658047
1283	0.65812
1284	0.658191
1285	0.658273
1286	0.658358
1287	0.65844
1288	0.658518
1289	0.658601
1290	0.658676
1291	0.658748
1292	0.658839
1293	0.658932
1294	0.659035
1295	0.659138
1296	0.659247
1297	0.659368
1298	0.659495
1299	0.659609
1300	0.659714
1301	0.659803
1302	0.659863
1303	0.659906
1304	0.659941
1305	0.659958
1306	0.659968
1307	0.659977
1308	0.659973
1309	0.65994
1310	0.659893
1311	0.659838
1312	0.659785
1313	0.659721
1314	0.659653
1315	0.659595
1316	0.65953
1317	0.659449
1318	0.659365
1319	0.659283
1320	0.659189
1321	0.659098
1322	0.659019
1323	0.658928
1324	0.658836
1325	0.658733
1326	0.658614
1327	0.658489
1328	0.658365
1329	0.658246
1330	0.658116
1331	0.657992
1332	0.657865
1333	0.657744
1334	0.657624
1335	0.6575
1336	0.657368
1337	0.657242
1338	0.657125
1339	0.657005
1340	0.656891
1341	0.656776
1342	0.656653
1343	0.656531
1344	0.656406
1345	0.656274
1346	0.656147
1347	0.656013
1348	0.655875
1349	0.655725
1350	0.655565
1351	0.655395
1352	0.655219
1353	0.655045
1354	0.654869
1355	0.654688
1356	0.654505
1357	0.654329
1358	0.654148
1359	0.65396
1360	0.653779
1361	0.653604
1362	0.653447
1363	0.653297
1364	0.653151
1365	0.653011
1366	0.652878
1367	0.65275
1368	0.652642
1369	0.652562
1370	0.65251
1371	0.652489
1372	0.652492
1373	0.652506
1374	0.652528
1375	0.652559
1376	0.652592
1377	0.652633
1378	0.65268
1379	0.652728
1380	0.65279
1381	0.652884
1382	0.652994
1383	0.653105
1384	0.653228
1385	0.65336
1386	0.653496
1387	0.653629
1388	0.65376
1389	0.653891
1390	0.654026
1391	0.654173
1392	0.654327
1393	0.654481
1394	0.654636
1395	0.654795
1396	0.654969
1397	0.655145
1398	0.655331
1399	0.655538
1400	0.655748
1401	0.655958
1402	0.656167
1403	0.656374
1404	0.656572
1405	0.656766
1406	0.65697
1407	0.657185
1408	0.657401
1409	0.657606
1410	0.657818
1411	0.658015
1412	0.658195
1413	0.658358
1414	0.658511
1415	0.658661
1416	0.658797
1417	0.658916
1418	0.659031
1419	0.659137
1420	0.659246
1421	0.659356
1422	0.659459
1423	0.659559
1424	0.659641
1425	0.659713
1426	0.659771
1427	0.659812
1428	0.659829
1429	0.659835
1430	0.659839
1431	0.659849
1432	0.659854
1433	0.659853
1434	0.659849
1435	0.65983
1436	0.659789
1437	0.659747
1438	0.659709
1439	0.659666
1440	0.659629
1441	0.65958
1442	0.659517
1443	0.659449
1444	0.659356
1445	0.659266
1446	0.659158
1447	0.65904
1448	0.65892
1449	0.658801
1450	0.658689
1451	0.658573
1452	0.658453
1453	0.658329
1454	0.658203
1455	0.658067
1456	0.657934
1457	0.657815
1458	0.657694
1459	0.657579
1460	0.657478
1461	0.657375
1462	0.657269
1463	0.657151
1464	0.657042
1465	0.65695
1466	0.656862
1467	0.656771
1468	0.656689
1469	0.656606
1470	0.656536
1471	0.656489
1472	0.656439
1473	0.656388
1474	0.656335
1475	0.656282
1476	0.656228
1477	0.656181
1478	0.656138
1479	0.656108
1480	0.656081
1481	0.65605
1482	0.656005
1483	0.655958
1484	0.655914
1485	0.655882
1486	0.655841
1487	0.655816
1488	0.655803
1489	0.655798
1490	0.655787
1491	0.655777
1492	0.655774
1493	0.655771
1494	0.655768
1495	0.655758
1496	0.655755
1497	0.655761
1498	0.655782
1499	0.655808
1500	0.655832
1501	0.655859
1502	0.655878
1503	0.655882
1504	0.655866
1505	0.655849
1506	0.655837
1507	0.655828
1508	0.655825
1509	0.655818
1510	0.655816
1511	0.655811
1512	0.655789
1513	0.655768
1514	0.65574
1515	0.655706
1516	0.655677
1517	0.655652
1518	0.655625
1519	0.655609
1520	0.655602
1521	0.655601
1522	0.655598
1523	0.6556
1524	0.655593
1525	0.655584
1526	0.655588
1527	0.655611
1528	0.655629
1529	0.655654
1530	0.655683
1531	0.655717
1532	0.655754
1533	0.655798
1534	0.655834
1535	0.655868
1536	0.655901
1537	0.65594
1538	0.655985
1539	0.656035
1540	0.656072
1541	0.656106
1542	0.656154
1543	0.656195
1544	0.656239
1545	0.656289
1546	0.65633
1547	0.656384
1548	0.656442
1549	0.656485
1550	0.656526
1551	0.656565
1552	0.656601
1553	0.656629
1554	0.656658
1555	0.656688
1556	0.656723
1557	0.656755
1558	0.656774
1559	0.656799
1560	0.656815
1561	0.656823
1562	0.656838
1563	0.656849
1564	0.65686
1565	0.656869
1566	0.656883
1567	0.656881
1568	0.656883
1569	0.656887
1570	0.656901
1571	0.656918
1572	0.656927
1573	0.65694
1574	0.656948
1575	0.65695
1576	0.656945
1577	0.656941
1578	0.656945
1579	0.656957
1580	0.656966
1581	0.656976
1582	0.656984
1583	0.656992
1584	0.657014
1585	0.657054
1586	0.65708
1587	0.657093
1588	0.657111
1589	0.657133
1590	0.65714
1591	0.657153
1592	0.657168
1593	0.657189
1594	0.65721
1595	0.657242
1596	0.657281
1597	0.657326
1598	0.657386
1599	0.657441
1600	0.657498
1601	0.657561
1602	0.657617
1603	0.657668
1604	0.65771
1605	0.657748
1606	0.657774
1607	0.657795
1608	0.657811
1609	0.657843
1610	0.657864
1611	0.65789
1612	0.657914
1613	0.657926
1614	0.657938
1615	0.657955
1616	0.657974
1617	0.658006
1618	0.658047
1619	0.658061
1620	0.658056
1621	0.658035
1622	0.657995
1623	0.657932
1624	0.65786
1625	0.657794
1626	0.657731
1627	0.657667
1628	0.65761
1629	0.657548
1630	0.657508
1631	0.657473
1632	0.657419
1633	0.657358
1634	0.657301
1635	0.657242
1636	0.657174
1637	0.65711
1638	0.657057
1639	0.657009
1640	0.656958
1641	0.656907
1642	0.656871
1643	0.656848
1644	0.656822
1645	0.656782
1646	0.656735
1647	0.656697
1648	0.656671
1649	0.656635
1650	0.656606
1651	0.656586
1652	0.656566
1653	0.656545
1654	0.65652
1655	0.656509
1656	0.656496
1657	0.656484
1658	0.656478
1659	0.656469
1660	0.656459
1661	0.656454
1662	0.656437
1663	0.656423
1664	0.656406
1665	0.656376
1666	0.656345
1667	0.65633
1668	0.656311
1669	0.656283
1670	0.656237
1671	0.65619
1672	0.656137
1673	0.656084
1674	0.656042
1675	0.656
1676	0.655961
1677	0.655911
1678	0.655841
1679	0.655773
1680	0.655718
1681	0.655669
1682	0.655616
1683	0.655558
1684	0.655511
1685	0.655485
1686	0.655464
1687	0.655447
1688	0.655435
1689	0.655414
1690	0.655383
1691	0.655353
1692	0.655337
1693	0.655324
1694	0.655306
1695	0.655298
1696	0.655298
1697	0.655311
1698	0.655334
1699	0.655357
1700	0.655374
1701	0.6554
1702	0.65544
1703	0.655494
1704	0.655553
1705	0.655605
1706	0.655654
1707	0.65571
1708	0.655763
1709	0.655821
1710	0.655875
1711	0.655931
1712	0.65601
1713	0.656095
1714	0.656174
1715	0.656256
1716	0.656348
1717	0.656441
1718	0.656522
1719	0.6566
1720	0.656679
1721	0.656763
1722	0.656838
1723	0.656908
1724	0.656964
1725	0.657012
1726	0.657054
1727	0.657099
1728	0.657151
1729	0.657214
1730	0.657275
1731	0.657327
1732	0.657369
1733	0.657395
1734	0.65742
1735	0.657451
1736	0.657482
1737	0.657514
1738	0.657537
1739	0.657549
1740	0.657552
1741	0.657543
1742	0.657519
1743	0.657489
1744	0.65746
1745	0.657429
1746	0.657395
1747	0.657362
1748	0.657347
1749	0.657338
1750	0.657327
1751	0.657309
1752	0.657292
1753	0.65728
1754	0.657271
1755	0.657263
1756	0.657268
1757	0.657276
1758	0.657274
1759	0.65726
1760	0.657233
1761	0.657205
1762	0.657173
1763	0.657148
1764	0.65713
1765	0.657115
1766	0.657099
1767	0.657104
1768	0.657115
1769	0.657123
1770	0.657123
1771	0.657127
1772	0.65714
1773	0.657158
1774	0.657173
1775	0.65719
1776	0.65721
1777	0.657237
1778	0.657263
1779	0.657288
1780	0.657308
1781	0.657328
1782	0.657343
1783	0.657368
1784	0.657396
1785	0.657417
1786	0.657452
1787	0.657488
1788	0.657521
1789	0.657548
1790	0.657567
1791	0.657587
1792	0.65762
1793	0.657667
1794	0.657711
1795	0.657734
1796	0.657749
1797	0.65775
1798	0.65773
1799	0.6577
1800	0.657657
1801	0.657604
1802	0.657547
1803	0.657491
1804	0.657437
1805	0.657382
1806	0.657328
1807	0.657271
1808	0.657213
1809	0.657164
1810	0.657122
1811	0.657077
1812	0.657039
1813	0.656992
1814	0.656934
1815	0.656874
1816	0.656818
1817	0.65677
1818	0.656728
1819	0.656691
1820	0.656667
1821	0.656651
1822	0.656643
1823	0.656637
1824	0.656617
1825	0.656597
1826	0.656588
1827	0.656591
1828	0.656599
1829	0.656612
1830	0.656629
1831	0.65666
1832	0.656691
1833	0.656725
1834	0.656758
1835	0.656795
1836	0.656829
1837	0.656864
1838	0.656893
1839	0.656916
1840	0.656948
1841	0.656989
1842	0.657014
1843	0.65704
1844	0.657076
1845	0.657115
1846	0.657149
1847	0.657173
1848	0.657204
1849	0.657234
1850	0.657255
1851	0.657278
1852	0.657307
1853	0.65734
1854	0.65736
1855	0.657374
1856	0.657381
1857	0.657388
1858	0.657405
1859	0.657413
1860	0.657417
1861	0.657421
1862	0.657433
1863	0.657447
1864	0.657458
1865	0.657469
1866	0.657482
1867	0.657483
1868	0.65748
1869	0.657478
1870	0.657477
1871	0.657461
1872	0.657438
1873	0.65742
1874	0.657399
1875	0.657383
1876	0.657363
1877	0.657346
1878	0.657326
1879	0.657314
1880	0.657306
1881	0.657305
1882	0.657316
1883	0.65733
1884	0.657347
1885	0.657364
1886	0.657372
1887	0.657388
1888	0.65741
1889	0.657427
1890	0.657442
1891	0.657454
1892	0.657463
1893	0.657471
1894	0.657499
1895	0.657524
1896	0.657546
1897	0.657567
1898	0.65758
1899	0.657595
1900	0.6576
1901	0.657598
1902	0.657616
1903	0.657638
1904	0.657642
1905	0.657639
1906	0.657643
1907	0.657659
1908	0.657681
1909	0.65772
1910	0.657755
1911	0.657772
1912	0.657794
1913	0.657835
1914	0.657878
1915	0.657908
1916	0.657943
1917	0.657983
1918	0.658013
1919	0.658037
1920	0.658066
1921	0.658093
1922	0.658115
1923	0.658141
1924	0.658158
1925	0.658175
1926	0.658181
1927	0.658187
1928	0.658186
1929	0.658185
1930	0.658189
1931	0.658185
1932	0.658188
1933	0.658187
1934	0.658165
1935	0.658128
1936	0.658081
1937	0.65803
1938	0.657976
1939	0.657932
1940	0.657895
1941	0.657854
1942	0.65781
1943	0.65776
1944	0.657714
1945	0.657684
1946	0.657641
1947	0.657607
1948	0.657582
1949	0.657555
1950	0.657513
1951	0.657461
1952	0.657426
1953	0.657402
1954	0.657381
1955	0.657359
1956	0.657346
1957	0.657339
1958	0.657335
1959	0.657341
1960	0.657357
1961	0.657374
1962	0.65739
1963	0.65741
1964	0.657424
1965	0.657437
1966	0.657451
1967	0.657457
1968	0.657461
1969	0.657468
1970	0.657465
1971	0.657458
1972	0.657444
1973	0.657433
1974	0.657424
1975	0.657417
1976	0.657409
1977	0.657401
1978	0.657381
1979	0.65735
1980	0.657317
1981	0.657291
1982	0.657275
1983	0.657249
1984	0.657224
1985	0.657184
1986	0.657142
1987	0.657099
1988	0.657057
1989	0.657013
1990	0.656971
1991	0.656919
1992	0.656854
1993	0.656792
1994	0.656747
1995	0.656706
1996	0.656669
1997	0.656619
1998	0.656567
1999	0.656512
2000	0.656454
2001	0.656395
2002	0.656324
2003	0.656264
2004	0.656203
2005	0.656144
2006	0.656092
2007	0.656041
2008	0.655985
2009	0.655936
2010	0.655891
2011	0.655848
2012	0.655802
2013	0.655757
2014	0.655724
2015	0.655692
2016	0.655665
2017	0.655645
2018	0.655621
2019	0.655616
2020	0.655606
2021	0.655601
2022	0.655581
2023	0.655551
2024	0.655519
2025	0.655481
2026	0.655444
2027	0.655422
2028	0.655389
2029	0.655363
2030	0.655347
2031	0.655338
2032	0.655342
2033	0.655355
2034	0.655362
2035	0.655362
2036	0.655371
2037	0.65537
2038	0.655367
2039	0.655367
2040	0.655357
2041	0.655355
2042	0.655361
2043	0.655372
2044	0.655391
2045	0.655427
2046	0.655466
2047	0.655497
2048	0.655523
2049	0.655557
2050	0.655594
2051	0.655633
2052	0.655673
2053	0.655719
2054	0.655773
2055	0.655827
2056	0.655886
2057	0.655952
2058	0.656022
2059	0.656096
2060	0.656186
2061	0.656286
2062	0.656399
2063	0.656507
2064	0.656614
2065	0.656717
2066	0.656826
2067	0.656938
2068	0.657046
2069	0.657169
2070	0.6573
2071	0.657427
2072	0.657547
2073	0.657653
2074	0.657745
2075	0.657829
2076	0.657892
2077	0.657956
2078	0.658012
2079	0.658062
2080	0.658112
2081	0.658156
2082	0.658186
2083	0.658193
2084	0.658202
2085	0.658204
2086	0.658204
2087	0.658206
2088	0.65821
2089	0.658195
2090	0.65819
2091	0.658173
2092	0.658153
2093	0.658124
2094	0.658088
2095	0.65803
2096	0.657968
2097	0.657902
2098	0.657829
2099	0.657765
2100	0.65771
2101	0.657657
2102	0.657606
2103	0.657551
2104	0.65749
2105	0.657416
2106	0.657327
2107	0.657223
2108	0.657114
2109	0.657019
2110	0.65692
2111	0.656818
2112	0.65671
2113	0.656598
2114	0.656487
2115	0.65638
2116	0.656263
2117	0.656147
2118	0.656046
2119	0.655961
2120	0.655875
2121	0.655809
2122	0.655739
2123	0.655667
2124	0.655599
2125	0.655542
2126	0.655488
2127	0.65543
2128	0.655391
2129	0.655363
2130	0.655342
2131	0.655328
2132	0.655311
2133	0.655295
2134	0.655298
2135	0.655305
2136	0.655309
2137	0.655328
2138	0.655355
2139	0.655388
2140	0.65542
2141	0.655464
2142	0.655522
2143	0.655583
2144	0.655649
2145	0.655722
2146	0.655791
2147	0.655863
2148	0.655936
2149	0.65601
2150	0.656103
2151	0.656206
2152	0.656307
2153	0.656419
2154	0.656549
2155	0.656677
2156	0.656814
2157	0.656953
2158	0.657084
2159	0.657214
2160	0.657342
2161	0.657459
2162	0.65757
2163	0.657698
2164	0.657838
2165	0.657974
2166	0.658099
2167	0.658215
2168	0.658326
2169	0.65842
2170	0.658511
2171	0.658596
2172	0.658676
2173	0.658749
2174	0.658808
2175	0.658858
2176	0.658905
2177	0.658948
2178	0.65898
2179	0.658995
2180	0.658996
2181	0.658988
2182	0.658975
2183	0.658961
2184	0.65893
2185	0.658879
2186	0.658817
2187	0.658756
2188	0.658686
2189	0.658605
2190	0.658526
2191	0.658443
2192	0.658353
2193	0.658252
2194	0.658141
2195	0.658024
2196	0.657904
2197	0.657775
2198	0.657642
2199	0.657524
2200	0.657406
2201	0.657281
2202	0.657139
2203	0.656996
2204	0.656844
2205	0.656691
2206	0.656533
2207	0.656378
2208	0.656221
2209	0.656061
2210	0.655903
2211	0.655761
2212	0.655631
2213	0.655512
2214	0.655383
2215	0.655263
2216	0.655147
2217	0.655029
2218	0.654897
2219	0.654769
2220	0.654646
2221	0.65453
2222	0.654425
2223	0.654334
2224	0.654255
2225	0.654174
2226	0.654094
2227	0.654036
2228	0.653984
2229	0.653939
2230	0.653895
2231	0.653865
2232	0.653835
2233	0.653804
2234	0.653777
2235	0.653754
2236	0.653737
2237	0.653738
2238	0.653744
2239	0.653758
2240	0.653785
2241	0.6538
2242	0.653821
2243	0.653854
2244	0.653899
2245	0.653952
2246	0.654018
2247	0.654097
2248	0.654207
2249	0.654323
2250	0.654447
2251	0.654567
2252	0.654683
2253	0.654812
2254	0.654944
2255	0.655069
2256	0.655204
2257	0.655339
2258	0.655483
2259	0.655628
2260	0.655771
2261	0.655915
2262	0.656062
2263	0.656213
2264	0.656376
2265	0.656536
2266	0.656697
2267	0.656865
2268	0.65701
2269	0.657159
2270	0.657306
2271	0.657461
2272	0.657601
2273	0.657727
2274	0.657841
2275	0.657939
2276	0.658028
2277	0.658118
2278	0.658205
2279	0.658287
2280	0.65837
2281	0.658447
2282	0.65852
2283	0.65859
2284	0.658651
2285	0.658709
2286	0.65877
2287	0.658839
2288	0.658911
2289	0.658968
2290	0.659011
2291	0.65905
2292	0.659084
2293	0.659116
2294	0.659137
2295	0.659153
2296	0.65916
2297	0.659157
2298	0.659153
2299	0.659162
2300	0.659184
2301	0.659211
2302	0.659233
2303	0.659266
2304	0.659294
2305	0.659299
2306	0.659294
2307	0.659285
2308	0.659267
2309	0.659249
2310	0.659226
2311	0.659201
2312	0.659164
2313	0.659119
2314	0.659068
2315	0.659008
2316	0.658943
2317	0.658876
2318	0.658812
2319	0.658752
2320	0.658692
2321	0.658634
2322	0.658577
2323	0.658498
2324	0.65843
2325	0.65835
2326	0.65828
2327	0.658199
2328	0.658091
2329	0.65797
2330	0.65785
2331	0.657735
2332	0.657619
2333	0.657498
2334	0.657387
2335	0.657286
2336	0.657186
2337	0.657084
2338	0.656966
2339	0.656847
2340	0.656734
2341	0.656627
2342	0.656521
2343	0.656419
2344	0.656315
2345	0.656215
2346	0.656119
2347	0.656029
2348	0.655954
2349	0.655881
2350	0.655811
2351	0.655742
2352	0.655679
2353	0.655631
2354	0.655584
2355	0.655548
2356	0.655512
2357	0.655497
2358	0.655492
2359	0.655493
2360	0.655501
2361	0.655513
2362	0.655529
2363	0.655551
2364	0.65557
2365	0.655583
2366	0.655607
2367	0.655642
2368	0.65568
2369	0.655713
2370	0.655744
2371	0.655783
2372	0.655827
2373	0.655876
2374	0.655933
2375	0.655993
2376	0.656036
2377	0.656074
2378	0.656122
2379	0.65617
2380	0.656205
2381	0.656231
2382	0.656262
2383	0.656282
2384	0.656299
2385	0.656313
2386	0.656321
2387	0.65633
2388	0.656337
2389	0.656344
2390	0.656347
2391	0.656347
2392	0.656346
2393	0.656341
2394	0.656331
2395	0.656323
2396	0.656318
2397	0.656318
2398	0.656323
2399	0.656336
2400	0.656346
2401	0.656358
2402	0.656372
2403	0.656394
2404	0.656407
2405	0.656412
2406	0.65641
2407	0.656397
2408	0.656388
2409	0.656375
2410	0.656352
2411	0.65633
2412	0.656307
2413	0.656292
2414	0.656271
2415	0.65625
2416	0.656229
2417	0.656219
2418	0.65621
2419	0.656216
2420	0.656225
2421	0.656238
2422	0.656266
2423	0.656316
2424	0.656365
2425	0.656409
2426	0.656456
2427	0.656497
2428	0.656533
2429	0.656566
2430	0.6566
2431	0.656628
2432	0.65666
2433	0.656695
2434	0.656724
2435	0.65675
2436	0.656762
2437	0.656766
2438	0.656773
2439	0.656781
2440	0.656794
2441	0.656814
2442	0.656818
2443	0.656823
2444	0.656839
2445	0.656872
2446	0.656909
2447	0.656942
2448	0.656967
2449	0.656986
2450	0.657005
2451	0.657015
2452	0.657025
2453	0.657041
2454	0.657068
2455	0.657096
2456	0.657124
2457	0.657148
2458	0.65718
2459	0.657214
2460	0.657245
2461	0.657277
2462	0.657304
2463	0.657327
2464	0.65735
2465	0.657377
2466	0.657412
2467	0.657459
2468	0.6575
2469	0.657535
2470	0.657563
2471	0.657576
2472	0.657571
2473	0.657565
2474	0.657575
2475	0.65759
2476	0.657609
2477	0.657629
2478	0.65765
2479	0.657658
2480	0.657655
2481	0.657652
2482	0.657639
2483	0.657626
2484	0.657603
2485	0.657565
2486	0.65753
2487	0.657508
2488	0.657477
2489	0.657433
2490	0.657403
2491	0.657377
2492	0.657357
2493	0.657341
2494	0.657316
2495	0.657303
2496	0.657297
2497	0.657289
2498	0.657287
2499	0.65729
2500	0.657293
2501	0.657275
2502	0.657248
2503	0.657228
2504	0.657214
2505	0.657192
2506	0.65717
2507	0.657164
2508	0.657151
2509	0.65713
2510	0.657106
2511	0.657092
2512	0.657057
2513	0.657036
2514	0.657015
2515	0.656991
2516	0.65697
2517	0.656944
2518	0.656919
2519	0.656885
2520	0.656834
2521	0.656771
2522	0.656698
2523	0.65663
2524	0.656561
2525	0.656503
2526	0.656448
2527	0.656398
2528	0.656355
2529	0.656321
2530	0.656301
2531	0.656268
2532	0.656223
2533	0.65618
2534	0.656145
2535	0.656118
2536	0.656088
2537	0.656068
2538	0.656058
2539	0.656064
2540	0.656085
2541	0.656118
2542	0.656149
2543	0.656182
2544	0.656212
2545	0.656228
2546	0.656245
2547	0.656252
2548	0.656249
2549	0.656248
2550	0.656263
2551	0.656286
2552	0.656303
2553	0.656317
2554	0.656328
2555	0.65636
2556	0.656399
2557	0.656441
2558	0.656482
2559	0.656533
2560	0.656587
2561	0.656641
2562	0.656697
2563	0.656753
2564	0.656809
2565	0.656855
2566	0.656891
2567	0.656918
2568	0.656936
2569	0.656948
2570	0.656954
2571	0.656961
2572	0.656973
2573	0.656982
2574	0.656991
2575	0.656997
2576	0.656999
2577	0.657001
2578	0.657012
2579	0.657033
2580	0.657069
2581	0.657095
2582	0.657113
2583	0.657134
2584	0.657163
2585	0.6572
2586	0.657242
2587	0.657288
2588	0.657327
2589	0.65736
2590	0.657397
2591	0.657448
2592	0.657498
2593	0.657551
2594	0.657604
2595	0.65766
2596	0.657712
2597	0.657764
2598	0.657828
2599	0.657883
2600	0.657942
2601	0.658004
2602	0.658067
2603	0.658118
2604	0.658157
2605	0.658189
2606	0.658214
2607	0.658241
2608	0.658276
2609	0.658307
2610	0.658334
2611	0.658352
2612	0.658373
2613	0.658387
2614	0.658408
2615	0.658429
2616	0.658437
2617	0.658449
2618	0.658468
2619	0.658474
2620	0.65848
2621	0.658476
2622	0.658455
2623	0.658428
2624	0.658395
2625	0.658349
2626	0.658306
2627	0.65827
2628	0.658227
2629	0.658171
2630	0.658111
2631	0.658058
2632	0.658005
2633	0.657961
2634	0.657918
2635	0.657874
2636	0.657844
2637	0.657806
2638	0.657756
2639	0.657704
2640	0.657651
2641	0.657596
2642	0.657542
2643	0.657508
2644	0.657469
2645	0.657429
2646	0.6574
2647	0.657382
2648	0.657353
2649	0.657314
2650	0.657266
2651	0.657217
2652	0.657163
2653	0.6571
2654	0.657033
2655	0.656974
2656	0.656911
2657	0.656856
2658	0.656805
2659	0.656737
2660	0.656672
2661	0.656615
2662	0.656565
2663	0.656528
2664	0.656494
2665	0.656458
2666	0.656436
2667	0.656417
2668	0.656401
2669	0.656362
2670	0.656317
2671	0.65628
2672	0.656244
2673	0.656205
2674	0.656154
2675	0.656101
2676	0.656049
2677	0.655999
2678	0.655963
2679	0.655938
2680	0.6559
2681	0.655865
2682	0.655841
2683	0.655822
2684	0.6558
2685	0.655793
2686	0.65579
2687	0.655789
2688	0.655799
2689	0.65582
2690	0.655842
2691	0.655868
2692	0.655893
2693	0.655931
2694	0.655968
2695	0.656014
2696	0.656042
2697	0.656063
2698	0.656087
2699	0.656119
2700	0.656156
2701	0.656197
2702	0.656239
2703	0.656285
2704	0.656328
2705	0.65636
2706	0.656389
2707	0.656423
2708	0.656454
2709	0.656492
2710	0.656534
2711	0.656575
2712	0.656619
2713	0.656647
2714	0.656657
2715	0.656666
2716	0.65667
2717	0.65667
2718	0.656672
2719	0.656671
2720	0.656687
2721	0.656738
2722	0.656796
2723	0.656857
2724	0.656938
2725	0.657032
2726	0.657125
2727	0.657205
2728	0.657281
2729	0.657367
2730	0.657444
2731	0.657521
2732	0.657617
2733	0.657723
2734	0.657838
2735	0.657948
2736	0.658041
2737	0.658124
2738	0.658201
2739	0.658274
2740	0.658345
2741	0.658406
2742	0.658457
2743	0.658499
2744	0.658524
2745	0.658543
2746	0.658551
2747	0.658545
2748	0.658531
2749	0.658513
2750	0.658484
2751	0.658459
2752	0.658441
2753	0.658424
2754	0.658397
2755	0.658366
2756	0.658331
2757	0.658288
2758	0.658249
2759	0.658196
2760	0.658142
2761	0.658086
2762	0.658022
2763	0.657953
2764	0.657873
2765	0.65779
2766	0.657705
2767	0.65762
2768	0.657538
2769	0.65746
2770	0.657379
2771	0.65729
2772	0.6572
2773	0.657114
2774	0.657025
2775	0.656932
2776	0.656847
2777	0.656766
2778	0.656661
2779	0.656553
2780	0.656456
2781	0.656357
2782	0.656263
2783	0.656169
2784	0.656081
2785	0.655997
2786	0.655911
2787	0.655829
2788	0.65575
2789	0.655681
2790	0.655622
2791	0.655566
2792	0.655525
2793	0.655485
2794	0.655444
2795	0.655405
2796	0.655364
2797	0.655326
2798	0.655287
2799	0.655259
2800	0.655224
2801	0.655191
2802	0.655153
2803	0.65512
2804	0.655099
2805	0.655073
2806	0.655051
2807	0.655043
2808	0.655039
2809	0.655052
2810	0.655079
2811	0.655117
2812	0.655154
2813	0.65518
2814	0.655201
2815	0.655223
2816	0.655266
2817	0.655309
2818	0.655358
2819	0.65541
2820	0.655467
2821	0.655514
2822	0.655556
2823	0.655588
2824	0.655621
2825	0.655661
2826	0.655718
2827	0.655786
2828	0.655865
2829	0.655944
2830	0.65602
2831	0.656095
2832	0.656187
2833	0.656275
2834	0.656368
2835	0.656465
2836	0.656561
2837	0.656665
2838	0.656759
2839	0.656841
2840	0.656932
2841	0.657019
2842	0.657106
2843	0.657202
2844	0.657286
2845	0.657369
2846	0.657444
2847	0.657518
2848	0.657587
2849	0.657639
2850	0.657678
2851	0.657715
2852	0.65775
2853	0.65779
2854	0.657831
2855	0.657881
2856	0.657928
2857	0.657972
2858	0.658015
2859	0.658051
2860	0.658091
2861	0.658131
2862	0.658164
2863	0.658176
2864	0.658197
2865	0.6582
2866	0.658197
2867	0.658185
2868	0.658168
2869	0.65814
2870	0.658114
2871	0.658083
2872	0.65806
2873	0.658053
2874	0.658041
2875	0.658026
2876	0.658008
2877	0.657985
2878	0.657965
2879	0.657942
2880	0.657908
2881	0.65786
2882	0.657804
2883	0.657749
2884	0.65769
2885	0.657637
2886	0.657578
2887	0.657518
2888	0.657466
2889	0.657415
2890	0.657354
2891	0.657283
2892	0.657204
2893	0.657132
2894	0.657059
2895	0.656988
2896	0.65691
2897	0.656834
2898	0.656758
2899	0.656676
2900	0.656591
2901	0.656512
2902	0.656434
2903	0.656354
2904	0.656266
2905	0.656176
2906	0.656083
2907	0.655986
2908	0.655901
2909	0.655815
2910	0.655729
2911	0.65565
2912	0.655575
2913	0.655501
2914	0.655423
2915	0.655347
2916	0.655277
2917	0.655205
2918	0.655131
2919	0.655091
2920	0.655051
2921	0.655012
2922	0.65497
2923	0.654935
2924	0.654909
2925	0.654902
2926	0.654904
2927	0.65491
2928	0.654935
2929	0.654966
2930	0.654988
2931	0.655001
2932	0.655024
2933	0.65506
2934	0.655095
2935	0.655145
2936	0.655195
2937	0.655249
2938	0.655309
2939	0.655374
2940	0.65544
2941	0.655506
2942	0.655575
2943	0.655648
2944	0.655735
2945	0.655835
2946	0.655927
2947	0.656008
2948	0.656087
2949	0.65618
2950	0.656267
2951	0.656373
2952	0.656482
2953	0.656577
2954	0.656659
2955	0.656743
2956	0.656821
2957	0.656891
2958	0.656956
2959	0.657024
2960	0.657081
2961	0.657139
2962	0.657189
2963	0.657243
2964	0.657298
2965	0.657346
2966	0.657395
2967	0.657439
2968	0.657486
2969	0.65753
2970	0.657577
2971	0.657618
2972	0.657659
2973	0.657691
2974	0.657722
2975	0.657748
2976	0.657775
2977	0.65781
2978	0.657842
2979	0.657861
2980	0.65789
2981	0.657919
2982	0.657938
2983	0.657954
2984	0.657977
2985	0.658006
2986	0.658035
2987	0.658067
2988	0.658093
2989	0.658137
2990	0.658174
2991	0.65818
2992	0.65818
2993	0.658177
2994	0.658172
2995	0.658163
2996	0.658143
2997	0.658138
2998	0.658131
2999	0.658108
3000	0.658062
3001	0.657997
3002	0.657931
3003	0.657871
3004	0.657819
3005	0.657776
3006	0.657734
3007	0.657702
3008	0.657668
3009	0.657631
3010	0.657584
3011	0.657537
3012	0.657486
3013	0.657456
3014	0.657449
3015	0.657465
3016	0.657479
3017	0.657488
3018	0.657499
3019	0.657518
3020	0.657542
3021	0.657562
3022	0.657575
3023	0.65759
3024	0.657611
3025	0.65763
3026	0.657644
3027	0.657652
3028	0.657663
3029	0.657682
3030	0.657713
3031	0.657735
3032	0.657742
3033	0.65774
3034	0.657722
3035	0.657698
3036	0.65768
3037	0.657668
3038	0.65766
3039	0.657636
3040	0.657597
3041	0.657547
3042	0.657486
3043	0.657429
3044	0.657366
3045	0.657291
3046	0.657205
3047	0.657119
3048	0.65703
3049	0.656932
3050	0.656831
3051	0.656732
3052	0.656638
3053	0.656537
3054	0.656433
3055	0.656333
3056	0.656235
3057	0.656148
3058	0.656054
3059	0.655955
3060	0.655865
3061	0.655775
3062	0.655699
3063	0.65563
3064	0.655566
3065	0.655507
3066	0.655452
3067	0.655411
3068	0.655375
3069	0.65534
3070	0.655305
3071	0.655282
3072	0.655258
3073	0.655238
3074	0.655227
3075	0.655223
3076	0.655216
3077	0.655202
3078	0.655179
3079	0.655168
3080	0.655147
3081	0.655114
3082	0.655066
3083	0.65501
3084	0.65494
3085	0.654879
3086	0.654816
3087	0.654743
3088	0.654668
3089	0.654586
3090	0.654485
3091	0.654384
3092	0.654293
3093	0.654207
3094	0.654127
3095	0.654048
3096	0.65397
3097	0.653904
3098	0.653846
3099	0.653791
3100	0.653749
3101	0.653714
3102	0.653689
3103	0.65366
3104	0.653635
3105	0.653607
3106	0.653581
3107	0.653563
3108	0.653534
3109	0.653518
3110	0.653513
3111	0.653521
3112	0.653538
3113	0.653544
3114	0.653559
3115	0.653579
3116	0.653613
3117	0.653652
3118	0.653696
3119	0.653755
3120	0.653827
3121	0.653923
3122	0.65403
3123	0.654144
3124	0.654257
3125	0.654364
3126	0.654481
3127	0.654609
3128	0.654751
3129	0.654902
3130	0.655063
3131	0.655226
3132	0.655406
3133	0.655583
3134	0.655767
3135	0.655946
3136	0.656125
3137	0.656307
3138	0.656496
3139	0.65667
3140	0.656824
3141	0.656983
3142	0.657126
3143	0.657255
3144	0.657378
3145	0.65749
3146	0.657613
3147	0.657733
3148	0.65784
3149	0.657952
3150	0.65807
3151	0.658169
3152	0.658252
3153	0.65833
3154	0.658395
3155	0.658446
3156	0.65849
3157	0.658529
3158	0.658564
3159	0.658596
3160	0.65863
3161	0.658656
3162	0.658681
3163	0.658702
3164	0.658715
3165	0.658729
3166	0.658727
3167	0.658708
3168	0.65869
3169	0.65866
3170	0.658633
3171	0.65861
3172	0.658588
3173	0.65857
3174	0.65856
3175	0.658538
3176	0.658515
3177	0.658498
3178	0.658463
3179	0.658421
3180	0.658373
3181	0.65832
3182	0.658257
3183	0.658185
3184	0.65812
3185	0.658066
3186	0.658019
3187	0.657984
3188	0.657949
3189	0.657918
3190	0.65788
3191	0.657833
3192	0.65777
3193	0.657698
3194	0.657614
3195	0.657516
3196	0.657407
3197	0.657307
3198	0.657214
3199	0.657127
3200	0.657036
3201	0.656945
3202	0.656849
3203	0.656752
3204	0.656653
3205	0.656547
3206	0.656448
3207	0.656339
3208	0.656241
3209	0.656147
3210	0.656063
3211	0.655984
3212	0.655908
3213	0.655833
3214	0.65577
3215	0.655712
3216	0.655647
3217	0.655579
3218	0.65552
3219	0.655455
3220	0.655389
3221	0.655335
3222	0.655282
3223	0.655238
3224	0.655206
3225	0.655192
3226	0.655178
3227	0.65517
3228	0.655178
3229	0.655196
3230	0.655233
3231	0.655272
3232	0.655314
3233	0.655366
3234	0.655421
3235	0.655465
3236	0.655515
3237	0.65558
3238	0.655657
3239	0.655748
3240	0.655839
3241	0.655929
3242	0.656017
3243	0.656099
3244	0.65618
3245	0.656254
3246	0.656328
3247	0.656422
3248	0.656522
3249	0.656628
3250	0.656745
3251	0.656861
3252	0.656973
3253	0.657088
3254	0.657219
3255	0.657366
3256	0.657516
3257	0.657669
3258	0.657818
3259	0.65796
3260	0.658098
3261	0.658234
3262	0.65838
3263	0.658528
3264	0.658667
3265	0.658806
3266	0.65894
3267	0.659072
3268	0.659204
3269	0.659331
3270	0.659459
3271	0.659583
3272	0.659717
3273	0.659842
3274	0.659961
3275	0.660064
3276	0.660137
3277	0.660213
3278	0.660298
3279	0.660383
3280	0.660454
3281	0.660527
3282	0.660602
3283	0.660673
3284	0.66073
3285	0.660776
3286	0.660819
3287	0.660857
3288	0.660873
3289	0.660869
3290	0.660848
3291	0.660814
3292	0.660759
3293	0.660687
3294	0.660612
3295	0.660539
3296	0.660459
3297	0.660375
3298	0.660306
3299	0.660247
3300	0.660184
3301	0.66012
3302	0.660061
3303	0.66001
3304	0.659955
3305	0.659888
3306	0.65982
3307	0.659763
3308	0.659704
3309	0.659644
3310	0.659568
3311	0.659475
3312	0.659383
3313	0.659295
3314	0.659184
3315	0.659053
3316	0.658917
3317	0.658791
3318	0.65867
3319	0.658548
3320	0.658427
3321	0.658302
3322	0.658171
3323	0.658044
3324	0.657923
3325	0.657798
3326	0.657677
3327	0.657556
3328	0.657439
3329	0.657323
3330	0.657211
3331	0.65709
3332	0.656962
3333	0.656832
3334	0.656696
3335	0.656565
3336	0.656442
3337	0.656316
3338	0.656174
3339	0.656018
3340	0.655872
3341	0.655729
3342	0.655588
3343	0.655449
3344	0.655304
3345	0.65515
3346	0.654993
3347	0.654839
3348	0.65469
3349	0.654558
3350	0.654454
3351	0.654363
3352	0.654269
3353	0.654183
3354	0.654108
3355	0.654043
3356	0.653993
3357	0.653946
3358	0.653913
3359	0.653907
3360	0.653912
3361	0.653931
3362	0.653957
3363	0.653979
3364	0.654008
3365	0.654037
3366	0.654074
3367	0.654112
3368	0.654161
3369	0.654214
3370	0.654269
3371	0.654334
3372	0.654406
3373	0.654475
3374	0.654559
3375	0.654653
3376	0.654743
3377	0.654837
3378	0.654925
3379	0.655012
3380	0.6551
3381	0.655186
3382	0.655272
3383	0.655363
3384	0.65545
3385	0.655542
3386	0.655649
3387	0.655755
3388	0.655868
3389	0.65598
3390	0.656098
3391	0.656215
3392	0.65632
3393	0.656428
3394	0.656528
3395	0.656626
3396	0.656723
3397	0.656807
3398	0.656878
3399	0.656937
3400	0.657007
3401	0.657082
3402	0.657171
3403	0.657258
3404	0.657346
3405	0.657437
3406	0.657532
3407	0.657624
3408	0.657711
3409	0.657781
3410	0.657842
3411	0.657896
3412	0.657933
3413	0.657955
3414	0.657963
3415	0.657963
3416	0.657966
3417	0.657966
3418	0.657963
3419	0.657956
3420	0.657932
3421	0.657897
3422	0.657855
3423	0.657815
3424	0.657775
3425	0.657739
3426	0.657716
3427	0.657706
3428	0.657699
3429	0.657677
3430	0.657652
3431	0.657624
3432	0.657596
3433	0.65757
3434	0.657552
3435	0.657538
3436	0.657529
3437	0.657531
3438	0.657529
3439	0.657519
3440	0.657515
3441	0.657512
3442	0.657509
3443	0.657509
3444	0.6575
3445	0.657486
3446	0.657471
3447	0.657459
3448	0.657447
3449	0.657444
3450	0.657448
3451	0.657449
3452	0.657442
3453	0.657417
3454	0.65738
3455	0.657339
3456	0.657289
3457	0.657232
3458	0.657163
3459	0.657097
3460	0.657013
3461	0.656929
3462	0.656852
3463	0.656781
3464	0.656702
3465	0.656621
3466	0.656549
3467	0.656489
3468	0.656421
3469	0.656352
3470	0.65628
3471	0.656212
3472	0.65615
3473	0.656094
3474	0.656036
3475	0.655973
3476	0.65593
3477	0.655891
3478	0.655851
3479	0.655801
3480	0.655749
3481	0.655699
3482	0.655639
3483	0.655586
3484	0.655537
3485	0.655484
3486	0.655438
3487	0.6554
3488	0.655375
3489	0.655346
3490	0.655312
3491	0.655275
3492	0.655246
3493	0.655228
3494	0.655201
3495	0.655175
3496	0.655154
3497	0.655136
3498	0.655131
3499	0.655137
3500	0.655155
3501	0.655166
3502	0.65518
3503	0.655196
3504	0.655203
3505	0.655214
3506	0.655241
3507	0.655273
3508	0.655311
3509	0.655369
3510	0.655422
3511	0.655484
3512	0.655552
3513	0.655627
3514	0.65571
3515	0.655788
3516	0.655875
3517	0.655966
3518	0.65607
3519	0.656179
3520	0.656294
3521	0.656408
3522	0.656525
3523	0.656641
3524	0.656751
3525	0.65687
3526	0.656982
3527	0.657091
3528	0.657204
3529	0.657322
3530	0.657445
3531	0.657561
3532	0.657664
3533	0.657768
3534	0.657878
3535	0.657994
3536	0.658105
3537	0.658203
3538	0.658303
3539	0.658391
3540	0.658472
3541	0.658548
3542	0.658627
3543	0.658704
3544	0.658779
3545	0.658851
3546	0.658918
3547	0.658995
3548	0.659064
3549	0.659115
3550	0.659146
3551	0.659159
3552	0.659166
3553	0.659167
3554	0.659163
3555	0.659152
3556	0.659135
3557	0.659108
3558	0.659074
3559	0.659037
3560	0.658991
3561	0.658924
3562	0.658842
3563	0.658759
3564	0.658678
3565	0.658603
3566	0.658531
3567	0.658453
3568	0.658359
3569	0.658255
3570	0.658139
3571	0.658019
3572	0.657902
3573	0.657779
3574	0.657658
3575	0.657525
3576	0.657398
3577	0.657266
3578	0.657116
3579	0.656976
3580	0.656825
3581	0.656663
3582	0.656502
3583	0.656338
3584	0.65618
3585	0.65603
3586	0.655894
3587	0.655768
3588	0.655639
3589	0.655512
3590	0.655413
3591	0.655327
3592	0.655245
3593	0.655173
3594	0.655104
3595	0.655019
3596	0.654939
3597	0.654875
3598	0.654825
3599	0.654779
3600	0.654739
3601	0.654701
3602	0.654674
3603	0.654666
3604	0.654647
3605	0.654636
3606	0.654627
3607	0.65463
3608	0.654652
3609	0.654697
3610	0.65475
3611	0.654797
3612	0.654853
3613	0.654919
3614	0.655002
3615	0.655088
3616	0.655173
3617	0.655259
3618	0.655359
3619	0.655477
3620	0.6556
3621	0.655736
3622	0.655878
3623	0.65601
3624	0.656155
3625	0.656299
3626	0.65644
3627	0.656579
3628	0.656716
3629	0.656845
3630	0.65697
3631	0.657107
3632	0.657234
3633	0.657362
3634	0.657499
3635	0.657645
3636	0.657794
3637	0.657935
3638	0.658076
3639	0.658218
3640	0.658367
3641	0.658518
3642	0.658662
3643	0.658809
3644	0.65896
3645	0.659104
3646	0.659243
3647	0.659379
3648	0.659501
3649	0.65963
3650	0.659763
3651	0.659885
3652	0.659999
3653	0.660106
3654	0.660201
3655	0.660289
3656	0.660363
3657	0.660424
3658	0.660466
3659	0.660504
3660	0.660537
3661	0.660571
3662	0.660598
3663	0.660601
3664	0.660575
3665	0.660526
3666	0.660447
3667	0.660349
3668	0.660233
3669	0.660104
3670	0.659967
3671	0.659831
3672	0.659693
3673	0.659554
3674	0.659418
3675	0.659277
3676	0.659127
3677	0.658958
3678	0.658786
3679	0.658626
3680	0.658471
3681	0.658322
3682	0.658169
3683	0.658019
3684	0.657868
3685	0.657714
3686	0.657561
3687	0.657415
3688	0.65728
3689	0.657139
3690	0.657004
3691	0.65687
3692	0.656749
3693	0.656641
3694	0.656536
3695	0.656429
3696	0.656322
3697	0.656208
3698	0.656119
3699	0.656031
3700	0.655937
3701	0.65585
3702	0.655762
3703	0.65568
3704	0.655597
3705	0.655506
3706	0.655408
3707	0.655327
3708	0.655244
3709	0.655161
3710	0.655083
3711	0.655025
3712	0.65498
3713	0.654936
3714	0.654884
3715	0.654837
3716	0.654795
3717	0.654759
3718	0.654745
3719	0.654732
3720	0.654726
3721	0.654722
3722	0.654729
3723	0.65475
3724	0.654785
3725	0.654834
3726	0.654889
3727	0.654947
3728	0.655029
3729	0.655121
3730	0.655219
3731	0.655324
3732	0.655416
3733	0.655506
3734	0.655605
3735	0.655698
3736	0.655802
3737	0.655915
3738	0.65603
3739	0.656145
3740	0.656255
3741	0.656349
3742	0.656442
3743	0.656527
3744	0.656601
3745	0.656668
3746	0.656732
3747	0.656798
3748	0.656874
3749	0.656942
3750	0.657002
3751	0.657051
3752	0.657098
3753	0.657139
3754	0.657183
3755	0.657211
3756	0.657253
3757	0.657299
3758	0.657339
3759	0.657377
3760	0.65741
3761	0.657457
3762	0.657508
3763	0.657559
3764	0.657626
3765	0.657687
3766	0.657743
3767	0.657808
3768	0.657878
3769	0.657945
3770	0.658003
3771	0.658079
3772	0.658144
3773	0.65819
3774	0.658216
3775	0.65824
3776	0.658276
3777	0.658323
3778	0.658367
3779	0.658395
3780	0.658423
3781	0.658447
3782	0.658457
3783	0.658456
3784	0.65846
3785	0.658455
3786	0.658437
3787	0.658424
3788	0.658406
3789	0.658382
3790	0.65835
3791	0.65832
3792	0.658286
3793	0.658261
3794	0.658219
3795	0.658175
3796	0.658113
3797	0.658043
3798	0.657977
3799	0.657931
3800	0.657886
3801	0.657829
3802	0.657766
3803	0.657698
3804	0.657635
3805	0.657571
3806	0.657495
3807	0.657408
3808	0.657311
3809	0.657201
3810	0.657092
3811	0.656984
3812	0.656876
3813	0.656773
3814	0.656665
3815	0.656561
3816	0.656456
3817	0.656357
3818	0.656255
3819	0.656159
3820	0.656081
3821	0.656013
3822	0.655957
3823	0.655903
3824	0.655864
3825	0.655846
3826	0.655842
3827	0.655844
3828	0.655862
3829	0.655882
3830	0.655902
3831	0.655931
3832	0.655949
3833	0.655974
3834	0.655989
3835	0.656004
3836	0.656023
3837	0.656038
3838	0.656058
3839	0.656079
3840	0.656097
3841	0.656127
3842	0.65617
3843	0.656213
3844	0.656258
3845	0.656298
3846	0.656339
3847	0.656395
3848	0.656442
3849	0.656467
3850	0.656481
3851	0.656489
3852	0.656484
3853	0.65647
3854	0.656446
3855	0.656424
3856	0.656404
3857	0.65639
3858	0.656375
3859	0.656362
3860	0.656377
3861	0.656399
3862	0.656429
3863	0.656467
3864	0.656497
3865	0.656531
3866	0.656566
3867	0.656599
3868	0.656612
3869	0.656613
3870	0.65662
3871	0.656645
3872	0.65668
3873	0.656712
3874	0.656748
3875	0.656787
3876	0.656818
3877	0.656852
3878	0.656892
3879	0.65693
3880	0.656959
3881	0.656996
3882	0.657037
3883	0.657082
3884	0.65713
3885	0.657173
3886	0.657227
3887	0.65728
3888	0.657331
3889	0.657383
3890	0.657446
3891	0.657517
3892	0.657591
3893	0.657678
3894	0.657762
3895	0.657841
3896	0.657909
3897	0.657967
3898	0.658016
3899	0.658052
3900	0.658073
3901	0.658098
3902	0.658112
3903	0.658131
3904	0.658154
3905	0.65817
3906	0.658185
3907	0.658195
3908	0.658193
3909	0.658184
3910	0.65816
3911	0.658131
3912	0.658114
3913	0.658083
3914	0.658041
3915	0.657996
3916	0.657953
3917	0.657903
3918	0.657844
3919	0.657771
3920	0.657709
3921	0.65765
3922	0.657605
3923	0.657558
3924	0.657499
3925	0.657448
3926	0.657402
3927	0.657356
3928	0.65732
3929	0.657275
3930	0.657217
3931	0.657138
3932	0.657058
3933	0.656988
3934	0.656922
3935	0.65686
3936	0.656798
3937	0.656726
3938	0.656643
3939	0.656566
3940	0.656497
3941	0.656435
3942	0.656374
3943	0.656317
3944	0.656273
3945	0.656228
3946	0.656192
3947	0.656162
3948	0.656139
3949	0.656107
3950	0.656085
3951	0.656077
3952	0.65608
3953	0.656088
3954	0.656101
3955	0.656126
3956	0.656153
3957	0.656185
3958	0.656218
3959	0.656258
3960	0.656311
3961	0.656366
3962	0.65642
3963	0.656467
3964	0.656523
3965	0.656567
3966	0.6566
3967	0.656625
3968	0.656657
3969	0.656695
3970	0.656718
3971	0.65674
3972	0.656771
3973	0.656793
3974	0.656822
3975	0.656848
3976	0.656869
3977	0.656893
3978	0.656916
3979	0.656931
3980	0.656959
3981	0.656995
3982	0.657025
3983	0.65704
3984	0.657049
3985	0.657055
3986	0.657048
3987	0.657025
3988	0.656988
3989	0.656958
3990	0.656925
3991	0.656885
3992	0.65684
3993	0.656804
3994	0.656772
3995	0.65674
3996	0.656706
3997	0.656665
3998	0.656621
3999	0.65658
4000	0.656533
4001	0.656478
4002	0.656424
4003	0.656384
4004	0.656353
4005	0.656315
4006	0.656279
4007	0.656248
4008	0.656215
4009	0.656178
4010	0.656145
4011	0.656129
4012	0.656106
4013	0.656068
4014	0.656022
4015	0.655967
4016	0.655905
4017	0.655861
4018	0.655825
4019	0.655787
4020	0.655752
4021	0.655721
4022	0.655701
4023	0.655683
4024	0.655655
4025	0.655629
4026	0.655609
4027	0.655583
4028	0.655553
4029	0.655528
4030	0.6555
4031	0.655481
4032	0.655451
4033	0.655416
4034	0.655383
4035	0.655366
4036	0.655354
4037	0.655343
4038	0.655331
4039	0.655318
4040	0.655314
4041	0.655325
4042	0.655338
4043	0.655345
4044	0.655357
4045	0.655363
4046	0.655375
4047	0.655395
4048	0.65541
4049	0.655436
4050	0.655472
4051	0.655521
4052	0.655569
4053	0.655617
4054	0.655661
4055	0.655709
4056	0.655761
4057	0.655827
4058	0.655897
4059	0.655966
4060	0.656031
4061	0.656085
4062	0.656138
4063	0.656196
4064	0.65626
4065	0.656321
4066	0.656381
4067	0.656443
4068	0.656506
4069	0.656566
4070	0.656617
4071	0.656664
4072	0.656706
4073	0.656749
4074	0.656778
4075	0.656809
4076	0.656854
4077	0.65691
4078	0.656968
4079	0.657017
4080	0.657047
4081	0.65707
4082	0.657093
4083	0.657114
4084	0.657129
4085	0.657143
4086	0.657161
4087	0.657171
4088	0.657167
4089	0.65716
4090	0.657154
4091	0.657147
4092	0.657136
4093	0.657128
4094	0.65712
4095	0.657116
4096	0.657128
4097	0.657136
4098	0.657136
4099	0.657124
4100	0.657109
4101	0.657084
4102	0.657042
4103	0.656999
4104	0.656963
4105	0.656927
4106	0.656895
4107	0.656868
4108	0.656837
4109	0.656797
4110	0.65674
4111	0.656682
4112	0.656617
4113	0.656553
4114	0.656484
4115	0.656426
4116	0.656368
4117	0.656322
4118	0.656271
4119	0.656217
4120	0.65616
4121	0.656108
4122	0.656063
4123	0.656029
4124	0.655984
4125	0.655948
4126	0.655921
4127	0.655893
4128	0.655871
4129	0.655847
4130	0.655835
4131	0.655837
4132	0.655855
4133	0.655885
4134	0.655921
4135	0.655942
4136	0.65597
4137	0.656013
4138	0.656066
4139	0.656133
4140	0.65622
4141	0.656325
4142	0.656435
4143	0.656548
4144	0.656659
4145	0.656773
4146	0.656887
4147	0.656993
4148	0.657105
4149	0.657205
4150	0.657312
4151	0.657411
4152	0.657506
4153	0.657586
4154	0.657657
4155	0.65771
4156	0.657761
4157	0.657819
4158	0.657863
4159	0.657915
4160	0.657974
4161	0.658043
4162	0.658101
4163	0.658152
4164	0.658197
4165	0.658221
4166	0.658239
4167	0.658242
4168	0.65824
4169	0.658221
4170	0.65818
4171	0.658142
4172	0.658099
4173	0.658055
4174	0.658018
4175	0.657971
4176	0.657906
4177	0.657842
4178	0.657781
4179	0.657705
4180	0.657626
4181	0.657549
4182	0.657477
4183	0.657398
4184	0.657309
4185	0.657226
4186	0.657149
4187	0.657063
4188	0.656979
4189	0.6569
4190	0.656825
4191	0.656751
4192	0.656693
4193	0.656639
4194	0.656577
4195	0.656512
4196	0.656453
4197	0.65642
4198	0.656402
4199	0.656387
4200	0.656369
4201	0.656342
4202	0.656322
4203	0.656307
4204	0.656282
4205	0.656256
4206	0.656231
4207	0.65619
4208	0.65613
4209	0.656062
4210	0.655988
4211	0.655886
4212	0.655797
4213	0.655721
4214	0.655642
4215	0.655568
4216	0.655499
4217	0.655434
4218	0.655371
4219	0.655291
4220	0.655221
4221	0.655143
4222	0.655068
4223	0.655001
4224	0.654927
4225	0.654861
4226	0.654792
4227	0.654732
4228	0.654679
4229	0.654641
4230	0.654612
4231	0.654591
4232	0.654573
4233	0.654561
4234	0.654559
4235	0.654568
4236	0.654589
4237	0.654608
4238	0.654632
4239	0.65467
4240	0.654704
4241	0.654722
4242	0.654733
4243	0.654748
4244	0.654769
4245	0.654804
4246	0.654848
4247	0.65489
4248	0.654925
4249	0.654964
4250	0.654999
4251	0.65503
4252	0.655063
4253	0.655106
4254	0.65516
4255	0.655218
4256	0.655268
4257	0.655332
4258	0.655398
4259	0.655486
4260	0.655578
4261	0.655695
4262	0.655825
4263	0.655951
4264	0.656069
4265	0.656179
4266	0.656285
4267	0.65639
4268	0.65649
4269	0.656571
4270	0.656648
4271	0.656718
4272	0.656778
4273	0.656837
4274	0.6569
4275	0.656968
4276	0.657022
4277	0.657079
4278	0.657128
4279	0.65718
4280	0.657242
4281	0.65731
4282	0.657373
4283	0.657427
4284	0.657474
4285	0.657515
4286	0.657538
4287	0.657563
4288	0.65759
4289	0.6576
4290	0.657602
4291	0.65758
4292	0.657554
4293	0.657534
4294	0.657504
4295	0.657472
4296	0.657434
4297	0.65741
4298	0.657395
4299	0.657371
4300	0.657355
4301	0.657346
4302	0.657336
4303	0.657321
4304	0.657303
4305	0.657295
4306	0.65729
4307	0.65728
4308	0.657252
4309	0.657224
4310	0.657199
4311	0.657164
4312	0.657135
4313	0.657112
4314	0.657078
4315	0.657033
4316	0.656978
4317	0.656919
4318	0.65687
4319	0.656828
4320	0.656789
4321	0.65676
4322	0.656723
4323	0.656679
4324	0.65664
4325	0.656614
4326	0.656589
4327	0.656563
4328	0.656514
4329	0.656456
4330	0.656385
4331	0.65632
4332	0.656261
4333	0.656211
4334	0.65617
4335	0.656128
4336	0.656099
4337	0.656088
4338	0.656074
4339	0.65606
4340	0.656044
4341	0.656025
4342	0.656004
4343	0.655985
4344	0.655956
4345	0.655931
4346	0.655909
4347	0.655882
4348	0.655864
4349	0.655848
4350	0.655833
4351	0.655815
4352	0.655801
4353	0.655788
4354	0.655759
4355	0.655731
4356	0.655714
4357	0.655696
4358	0.655687
4359	0.655682
4360	0.65567
4361	0.655668
4362	0.655657
4363	0.655658
4364	0.655685
4365	0.65571
4366	0.655742
4367	0.655786
4368	0.655834
4369	0.655897
4370	0.655971
4371	0.656046
4372	0.656128
4373	0.656207
4374	0.65628
4375	0.656357
4376	0.656431
4377	0.656508
4378	0.656593
4379	0.656691
4380	0.656796
4381	0.656894
4382	0.656982
4383	0.657065
4384	0.657163
4385	0.657274
4386	0.65738
4387	0.657483
4388	0.657585
4389	0.657695
4390	0.657806
4391	0.657918
4392	0.658029
4393	0.658129
4394	0.658219
4395	0.658311
4396	0.658419
4397	0.658516
4398	0.658616
4399	0.658714
4400	0.658807
4401	0.658883
4402	0.658943
4403	0.658996
4404	0.659054
4405	0.659091
4406	0.659119
4407	0.659147
4408	0.659165
4409	0.659195
4410	0.659209
4411	0.659229
4412	0.659247
4413	0.659255
4414	0.659251
4415	0.659237
4416	0.659211
4417	0.659176
4418	0.659136
4419	0.659082
4420	0.659019
4421	0.658951
4422	0.658872
4423	0.658786
4424	0.658693
4425	0.6586
4426	0.658507
4427	0.658394
4428	0.658274
4429	0.658144
4430	0.658006
4431	0.657868
4432	0.657726
4433	0.657575
4434	0.657439
4435	0.657309
4436	0.657181
4437	0.657056
4438	0.656949
4439	0.656854
4440	0.656753
4441	0.656654
4442	0.656566
4443	0.656482
4444	0.65639
4445	0.656306
4446	0.656227
4447	0.656159
4448	0.656102
4449	0.656054
4450	0.656018
4451	0.655987
4452	0.655955
4453	0.655925
4454	0.655887
4455	0.655855
4456	0.655811
4457	0.655762
4458	0.655713
4459	0.655669
4460	0.655635
4461	0.65561
4462	0.655599
4463	0.65559
4464	0.655578
4465	0.655568
4466	0.655555
4467	0.655545
4468	0.65554
4469	0.655542
4470	0.655554
4471	0.655564
4472	0.655579
4473	0.655592
4474	0.655616
4475	0.655638
4476	0.655663
4477	0.655698
4478	0.655724
4479	0.655749
4480	0.655771
4481	0.655797
4482	0.655834
4483	0.655875
4484	0.655913
4485	0.655957
4486	0.656013
4487	0.656071
4488	0.656142
4489	0.656234
4490	0.656336
4491	0.656441
4492	0.656535
4493	0.65663
4494	0.656719
4495	0.656798
4496	0.656869
4497	0.656951
4498	0.657045
4499	0.657141
4500	0.657231
4501	0.657317
4502	0.657409
4503	0.65749
4504	0.657571
4505	0.657661
4506	0.657758
4507	0.657846
4508	0.657926
4509	0.658001
4510	0.658069
4511	0.658133
4512	0.658183
4513	0.658225
4514	0.658269
4515	0.658313
4516	0.658344
4517	0.658359
4518	0.658371
4519	0.658369
4520	0.658354
4521	0.658334
4522	0.658309
4523	0.658285
4524	0.65825
4525	0.658224
4526	0.658213
4527	0.658207
4528	0.658191
4529	0.658169
4530	0.658163
4531	0.658161
4532	0.658152
4533	0.658133
4534	0.658105
4535	0.658077
4536	0.658034
4537	0.657976
4538	0.657912
4539	0.657842
4540	0.657767
4541	0.657691
4542	0.657613
4543	0.65754
4544	0.657466
4545	0.657397
4546	0.657312
4547	0.657219
4548	0.657103
4549	0.656994
4550	0.656881
4551	0.65676
4552	0.656626
4553	0.656494
4554	0.656362
4555	0.656238
4556	0.656106
4557	0.655971
4558	0.655858
4559	0.655767
4560	0.655672
4561	0.655583
4562	0.655502
4563	0.655424
4564	0.655344
4565	0.655267
4566	0.655199
4567	0.655138
4568	0.655087
4569	0.655038
4570	0.65499
4571	0.654933
4572	0.654889
4573	0.654852
4574	0.65481
4575	0.654765
4576	0.65471
4577	0.654659
4578	0.654619
4579	0.654591
4580	0.654568
4581	0.654553
4582	0.654535
4583	0.654509
4584	0.654489
4585	0.654476
4586	0.65448
4587	0.6545
4588	0.654525
4589	0.654546
4590	0.654571
4591	0.654618
4592	0.65467
4593	0.654711
4594	0.654749
4595	0.654773
4596	0.654811
4597	0.654853
4598	0.654894
4599	0.654938
4600	0.654977
4601	0.655007
4602	0.655036
4603	0.655076
4604	0.655123
4605	0.655169
4606	0.65523
4607	0.655293
4608	0.655379
4609	0.655464
4610	0.655551
4611	0.655649
4612	0.655756
4613	0.655859
4614	0.655967
4615	0.656071
4616	0.656185
4617	0.656301
4618	0.656414
4619	0.656519
4620	0.656614
4621	0.656697
4622	0.656764
4623	0.65682
4624	0.656869
4625	0.656911
4626	0.656956
4627	0.657017
4628	0.657077
4629	0.657135
4630	0.657192
4631	0.657238
4632	0.657282
4633	0.657325
4634	0.657356
4635	0.657376
4636	0.657388
4637	0.657395
4638	0.657399
4639	0.657397
4640	0.657384
4641	0.657372
4642	0.65736
4643	0.657331
4644	0.657309
4645	0.657287
4646	0.657268
4647	0.657252
4648	0.65724
4649	0.657232
4650	0.657236
4651	0.657246
4652	0.657241
4653	0.657241
4654	0.657247
4655	0.657265
4656	0.657293
4657	0.657308
4658	0.657317
4659	0.657314
4660	0.657309
4661	0.657308
4662	0.657308
4663	0.657312
4664	0.657313
4665	0.657303
4666	0.657289
4667	0.657283
4668	0.657279
4669	0.657279
4670	0.657287
4671	0.657295
4672	0.657313
4673	0.657336
4674	0.657368
4675	0.657398
4676	0.657435
4677	0.657484
4678	0.657533
4679	0.657573
4680	0.657621
4681	0.65767
4682	0.657712
4683	0.657751
4684	0.657786
4685	0.657815
4686	0.657823
4687	0.657827
4688	0.657822
4689	0.65781
4690	0.657797
4691	0.657796
4692	0.657798
4693	0.657798
4694	0.657798
4695	0.657812
4696	0.657818
4697	0.65782
4698	0.657833
4699	0.657836
4700	0.657834
4701	0.657838
4702	0.657841
4703	0.657839
4704	0.657847
4705	0.657863
4706	0.657879
4707	0.657897
4708	0.657917
4709	0.657922
4710	0.65792
4711	0.657914
4712	0.657901
4713	0.657889
4714	0.657869
4715	0.657844
4716	0.657814
4717	0.657758
4718	0.657683
4719	0.657605
4720	0.657516
4721	0.657425
4722	0.657337
4723	0.657246
4724	0.657149
4725	0.657048
4726	0.656936
4727	0.656805
4728	0.656687
4729	0.656579
4730	0.656464
4731	0.656335
4732	0.656196
4733	0.656054
4734	0.655924
4735	0.655799
4736	0.655682
4737	0.655553
4738	0.655431
4739	0.655313
4740	0.655198
4741	0.65509
4742	0.655006
4743	0.654939
4744	0.654861
4745	0.654794
4746	0.654733
4747	0.654696
4748	0.654669
4749	0.654642
4750	0.654621
4751	0.654604
4752	0.654586
4753	0.654572
4754	0.654573
4755	0.654577
4756	0.654579
4757	0.654589
4758	0.654606
4759	0.654631
4760	0.654658
4761	0.654681
4762	0.654715
4763	0.654747
4764	0.654791
4765	0.65484
4766	0.654893
4767	0.654947
4768	0.655001
4769	0.65505
4770	0.655107
4771	0.655147
4772	0.655178
4773	0.655207
4774	0.655254
4775	0.655302
4776	0.65535
4777	0.655396
4778	0.65544
4779	0.655474
4780	0.655496
4781	0.655503
4782	0.655506
4783	0.655497
4784	0.655483
4785	0.655479
4786	0.655486
4787	0.655491
4788	0.655492
4789	0.655486
4790	0.655493
4791	0.655507
4792	0.655515
4793	0.65552
4794	0.655501
4795	0.655478
4796	0.655457
4797	0.65543
4798	0.655393
4799	0.655353
4800	0.655323
4801	0.655307
4802	0.655296
4803	0.655291
4804	0.655285
4805	0.655272
4806	0.655268
4807	0.655264
4808	0.655269
4809	0.655288
4810	0.655319
4811	0.655356
4812	0.655407
4813	0.65547
4814	0.655524
4815	0.655559
4816	0.655584
4817	0.65561
4818	0.655648
4819	0.655686
4820	0.655742
4821	0.655806
4822	0.655877
4823	0.655953
4824	0.656036
4825	0.656112
4826	0.656175
4827	0.656229
4828	0.656283
4829	0.65633
4830	0.656368
4831	0.656401
4832	0.656433
4833	0.65646
4834	0.656478
4835	0.656503
4836	0.656525
4837	0.656542
4838	0.656557
4839	0.656573
4840	0.656602
4841	0.656631
4842	0.656675
4843	0.656714
4844	0.656746
4845	0.656778
4846	0.65681
4847	0.656832
4848	0.656851
4849	0.65685
4850	0.656837
4851	0.656828
4852	0.656825
4853	0.656826
4854	0.656822
4855	0.656816
4856	0.656808
4857	0.656801
4858	0.656812
4859	0.656829
4860	0.656832
4861	0.656832
4862	0.656832
4863	0.656825
4864	0.656822
4865	0.656819
4866	0.656816
4867	0.656818
4868	0.656821
4869	0.656827
4870	0.656833
4871	0.656841
4872	0.656841
4873	0.656837
4874	0.65685
4875	0.656881
4876	0.656914
4877	0.656943
4878	0.656961
4879	0.656973
4880	0.656983
4881	0.656988
4882	0.657007
4883	0.657039
4884	0.657066
4885	0.657092
4886	0.657118
4887	0.657153
4888	0.657182
4889	0.657204
4890	0.657221
4891	0.657235
4892	0.657254
4893	0.657285
4894	0.657311
4895	0.657329
4896	0.657342
4897	0.657345
4898	0.657336
4899	0.657325
4900	0.657308
4901	0.657291
4902	0.657272
4903	0.657252
4904	0.657233
4905	0.657202
4906	0.657165
4907	0.657133
4908	0.657097
4909	0.657068
4910	0.657043
4911	0.657011
4912	0.656975
4913	0.656943
4914	0.656905
4915	0.656864
4916	0.656826
4917	0.656789
4918	0.656756
4919	0.656729
4920	0.656705
4921	0.656673
4922	0.65665
4923	0.656628
4924	0.65661
4925	0.656585
4926	0.656544
4927	0.656501
4928	0.656471
4929	0.656434
4930	0.6564
4931	0.656389
4932	0.656394
4933	0.656409
4934	0.656437
4935	0.656478
4936	0.65653
4937	0.656589
4938	0.656648
4939	0.656703
4940	0.656768
4941	0.656838
4942	0.656908
4943	0.656983
4944	0.657046
4945	0.6571
4946	0.657161
4947	0.657225
4948	0.657257
4949	0.657288
4950	0.657312
4951	0.65733
4952	0.657333
4953	0.657334
4954	0.657342
4955	0.657351
4956	0.657352
4957	0.657354
4958	0.65736
4959	0.657356
4960	0.657333
4961	0.657309
4962	0.657301
4963	0.657299
4964	0.657306
4965	0.657325
4966	0.657333
4967	0.657338
4968	0.657346
4969	0.657347
4970	0.657339
4971	0.657314
4972	0.657293
4973	0.657255
4974	0.657219
4975	0.657193
4976	0.657176
4977	0.657156
4978	0.657138
4979	0.657123
4980	0.657109
4981	0.657087
4982	0.65706
4983	0.657045
4984	0.657035
4985	0.657029
4986	0.657031
4987	0.657033
4988	0.657028
4989	0.657018
4990	0.657008
4991	0.656994
4992	0.656964
4993	0.656937
4994	0.656923
4995	0.656919
4996	0.656897
4997	0.65687
4998	0.656859
4999	0.656863
5000	0.656859
