0	0
1	0.00313138
2	0.00833149
3	0.0168489
4	0.0283698
5	0.0488473
6	0.0851634
7	0.137719
8	0.202462
9	0.275589
10	0.350231
11	0.425323
12	0.497686
13	0.563529
14	0.621503
15	0.67179
16	0.713915
17	0.74872
18	0.777748
19	0.801492
20	0.820571
21	0.835841
22	0.848101
23	0.857478
24	0.864429
25	0.869511
26	0.873089
27	0.875375
28	0.87658
29	0.876772
30	0.876222
31	0.875049
32	0.873383
33	0.871315
34	0.868932
35	0.866255
36	0.863354
37	0.860272
38	0.857029
39	0.853678
40	0.850216
41	0.846668
42	0.843044
43	0.839358
44	0.835619
45	0.831842
46	0.82804
47	0.824219
48	0.820384
49	0.816533
50	0.812668
51	0.808799
52	0.80493
53	0.801062
54	0.797197
55	0.793338
56	0.789491
57	0.785657
58	0.781834
59	0.778025
60	0.774227
61	0.77044
62	0.766666
63	0.762907
64	0.759163
65	0.755432
66	0.751717
67	0.748018
68	0.744334
69	0.740664
70	0.73701
71	0.733373
72	0.72975
73	0.726143
74	0.722552
75	0.718976
76	0.715416
77	0.711873
78	0.708346
79	0.704834
80	0.701339
81	0.69786
82	0.694397
83	0.690951
84	0.687521
85	0.684109
86	0.680713
87	0.677334
88	0.673971
89	0.670625
90	0.667296
91	0.663983
92	0.660688
93	0.657409
94	0.654146
95	0.6509
96	0.647671
97	0.644457
98	0.641261
99	0.63808
100	0.634917
101	0.63177
102	0.628639
103	0.625525
104	0.622425
105	0.61934
106	0.616272
107	0.613218
108	0.61018
109	0.607159
110	0.604155
111	0.601168
112	0.598199
113	0.595245
114	0.592306
115	0.589382
116	0.586473
117	0.583581
118	0.580705
119	0.577846
120	0.575003
121	0.572173
122	0.56936
123	0.566568
124	0.563792
125	0.561035
126	0.558294
127	0.555572
128	0.552869
129	0.550189
130	0.547526
131	0.544883
132	0.542252
133	0.539642
134	0.537055
135	0.534485
136	0.531944
137	0.529428
138	0.526944
139	0.524488
140	0.522051
141	0.519631
142	0.517236
143	0.514889
144	0.512602
145	0.510381
146	0.508193
147	0.50605
148	0.504023
149	0.502135
150	0.500322
151	0.498612
152	0.497088
153	0.495778
154	0.494641
155	0.493733
156	0.49298
157	0.492581
158	0.492464
159	0.492934
160	0.493944
161	0.495563
162	0.497907
163	0.500593
164	0.503818
165	0.507872
166	0.51266
167	0.51854
168	0.525794
169	0.534067
170	0.543231
171	0.553789
172	0.564634
173	0.575437
174	0.586151
175	0.59712
176	0.607894
177	0.618881
178	0.629622
179	0.640976
180	0.652697
181	0.663753
182	0.674427
183	0.684157
184	0.692839
185	0.700419
186	0.706966
187	0.713012
188	0.718591
189	0.723386
190	0.727471
191	0.730991
192	0.733778
193	0.736033
194	0.737956
195	0.739224
196	0.74009
197	0.740543
198	0.740744
199	0.740589
200	0.740218
201	0.739604
202	0.738868
203	0.738131
204	0.737198
205	0.736061
206	0.734712
207	0.733194
208	0.731602
209	0.729871
210	0.728043
211	0.726102
212	0.724104
213	0.72201
214	0.719821
215	0.717638
216	0.715403
217	0.713092
218	0.710695
219	0.708212
220	0.705702
221	0.703151
222	0.700547
223	0.697981
224	0.695424
225	0.692859
226	0.690269
227	0.68766
228	0.684996
229	0.682322
230	0.679634
231	0.676926
232	0.674227
233	0.671529
234	0.668898
235	0.66635
236	0.663782
237	0.661209
238	0.658644
239	0.656098
240	0.653554
241	0.651083
242	0.64862
243	0.646188
244	0.643735
245	0.641289
246	0.638875
247	0.636529
248	0.63422
249	0.631895
250	0.62958
251	0.627361
252	0.625236
253	0.623192
254	0.621167
255	0.619176
256	0.617282
257	0.615387
258	0.613421
259	0.611449
260	0.609493
261	0.607501
262	0.605517
263	0.603565
264	0.601719
265	0.599855
266	0.598036
267	0.59633
268	0.594638
269	0.593001
270	0.59158
271	0.59028
272	0.589037
273	0.587968
274	0.587095
275	0.586472
276	0.586046
277	0.585723
278	0.585456
279	0.585159
280	0.584952
281	0.584868
282	0.584966
283	0.585342
284	0.58569
285	0.586151
286	0.586801
287	0.587465
288	0.588183
289	0.588984
290	0.589741
291	0.590859
292	0.59216
293	0.593661
294	0.595521
295	0.597218
296	0.598836
297	0.600378
298	0.601906
299	0.603749
300	0.60587
301	0.608614
302	0.611238
303	0.614031
304	0.61728
305	0.620681
306	0.624173
307	0.627865
308	0.631943
309	0.636699
310	0.641651
311	0.64637
312	0.65131
313	0.656392
314	0.661229
315	0.665929
316	0.670724
317	0.675624
318	0.680536
319	0.685313
320	0.689892
321	0.694258
322	0.698294
323	0.701934
324	0.705137
325	0.708125
326	0.710822
327	0.713162
328	0.715018
329	0.716624
330	0.717885
331	0.718867
332	0.719622
333	0.720442
334	0.721046
335	0.721438
336	0.721553
337	0.7214
338	0.721084
339	0.720755
340	0.720307
341	0.719645
342	0.718849
343	0.717827
344	0.716674
345	0.715406
346	0.71403
347	0.712583
348	0.710992
349	0.709315
350	0.707588
351	0.705784
352	0.704011
353	0.702199
354	0.700284
355	0.698334
356	0.696375
357	0.694472
358	0.692552
359	0.690575
360	0.688551
361	0.68646
362	0.684331
363	0.682244
364	0.680174
365	0.678125
366	0.676105
367	0.674118
368	0.67208
369	0.670018
370	0.66793
371	0.665866
372	0.66385
373	0.661831
374	0.65987
375	0.658031
376	0.656229
377	0.654418
378	0.652515
379	0.650616
380	0.648712
381	0.64684
382	0.644987
383	0.643268
384	0.64173
385	0.64039
386	0.639129
387	0.637805
388	0.636665
389	0.635625
390	0.634792
391	0.634119
392	0.633488
393	0.632979
394	0.632669
395	0.632313
396	0.631965
397	0.631762
398	0.631762
399	0.631944
400	0.632323
401	0.632851
402	0.633436
403	0.634169
404	0.634961
405	0.63582
406	0.636674
407	0.637252
408	0.637843
409	0.638647
410	0.639642
411	0.640633
412	0.641757
413	0.643001
414	0.643905
415	0.64485
416	0.645868
417	0.646837
418	0.647926
419	0.649365
420	0.651108
421	0.65288
422	0.654762
423	0.656556
424	0.658285
425	0.659991
426	0.661775
427	0.663551
428	0.665453
429	0.667169
430	0.668603
431	0.669831
432	0.670902
433	0.671662
434	0.672582
435	0.673568
436	0.674515
437	0.675191
438	0.67567
439	0.676146
440	0.676639
441	0.677124
442	0.677729
443	0.678421
444	0.679278
445	0.680001
446	0.680683
447	0.681401
448	0.681976
449	0.68237
450	0.682784
451	0.683144
452	0.683476
453	0.683498
454	0.683355
455	0.683087
456	0.682583
457	0.682007
458	0.681372
459	0.68082
460	0.680186
461	0.679438
462	0.678504
463	0.677526
464	0.676777
465	0.676134
466	0.675405
467	0.674595
468	0.67382
469	0.67299
470	0.672166
471	0.671283
472	0.670452
473	0.669646
474	0.66884
475	0.667982
476	0.667074
477	0.666177
478	0.665289
479	0.664337
480	0.663371
481	0.662701
482	0.661959
483	0.66117
484	0.660295
485	0.659411
486	0.65849
487	0.657677
488	0.656908
489	0.656082
490	0.65532
491	0.654474
492	0.653538
493	0.652526
494	0.651591
495	0.650743
496	0.649885
497	0.649091
498	0.648387
499	0.647861
500	0.647413
501	0.646919
502	0.64636
503	0.645808
504	0.645419
505	0.644964
506	0.644394
507	0.643798
508	0.643154
509	0.642558
510	0.641898
511	0.64121
512	0.640471
513	0.639897
514	0.63946
515	0.639007
516	0.638545
517	0.638291
518	0.638205
519	0.63824
520	0.638372
521	0.638621
522	0.638891
523	0.639136
524	0.639495
525	0.64007
526	0.640711
527	0.641321
528	0.641941
529	0.642545
530	0.643162
531	0.643619
532	0.644064
533	0.644554
534	0.645246
535	0.645882
536	0.646342
537	0.646788
538	0.647296
539	0.647882
540	0.648357
541	0.648805
542	0.64927
543	0.649823
544	0.650383
545	0.650872
546	0.651233
547	0.651645
548	0.652176
549	0.652819
550	0.653579
551	0.654364
552	0.655065
553	0.655668
554	0.6561
555	0.656617
556	0.657481
557	0.658442
558	0.659473
559	0.66066
560	0.661901
561	0.662702
562	0.663458
563	0.664291
564	0.664962
565	0.66554
566	0.666184
567	0.667048
568	0.667937
569	0.668893
570	0.669641
571	0.670146
572	0.670475
573	0.670936
574	0.671338
575	0.671648
576	0.671769
577	0.671734
578	0.671538
579	0.671202
580	0.670923
581	0.670585
582	0.670249
583	0.669794
584	0.66941
585	0.669013
586	0.668704
587	0.668423
588	0.668298
589	0.66811
590	0.667942
591	0.6681
592	0.668265
593	0.668347
594	0.668221
595	0.667951
596	0.667663
597	0.667289
598	0.666893
599	0.666381
600	0.665785
601	0.665144
602	0.664511
603	0.664031
604	0.663566
605	0.662978
606	0.662313
607	0.661496
608	0.660707
609	0.659806
610	0.658827
611	0.657931
612	0.657101
613	0.656522
614	0.656141
615	0.655836
616	0.655567
617	0.65532
618	0.655114
619	0.655017
620	0.654832
621	0.654684
622	0.654547
623	0.654389
624	0.654244
625	0.654075
626	0.653811
627	0.653576
628	0.653299
629	0.653061
630	0.652844
631	0.652564
632	0.652273
633	0.652132
634	0.65196
635	0.651688
636	0.651527
637	0.651317
638	0.651133
639	0.650934
640	0.650686
641	0.650449
642	0.650195
643	0.650109
644	0.650004
645	0.649992
646	0.649863
647	0.649792
648	0.649791
649	0.649662
650	0.649433
651	0.649097
652	0.648825
653	0.648473
654	0.648182
655	0.647899
656	0.647668
657	0.647709
658	0.647797
659	0.647753
660	0.647658
661	0.647593
662	0.647418
663	0.647122
664	0.646781
665	0.646303
666	0.645879
667	0.64566
668	0.645497
669	0.645298
670	0.645096
671	0.644887
672	0.644601
673	0.644427
674	0.644443
675	0.64479
676	0.645099
677	0.645321
678	0.645438
679	0.645331
680	0.645243
681	0.645267
682	0.645412
683	0.645409
684	0.645218
685	0.645037
686	0.644787
687	0.64448
688	0.64417
689	0.643935
690	0.643826
691	0.643848
692	0.644125
693	0.644568
694	0.645114
695	0.645694
696	0.646036
697	0.646269
698	0.64633
699	0.646551
700	0.646704
701	0.646902
702	0.647178
703	0.647552
704	0.647886
705	0.648258
706	0.648551
707	0.648781
708	0.649115
709	0.649472
710	0.649889
711	0.650425
712	0.651007
713	0.651748
714	0.652652
715	0.653532
716	0.654395
717	0.655251
718	0.656219
719	0.657309
720	0.658493
721	0.659444
722	0.660568
723	0.661854
724	0.663073
725	0.664063
726	0.665018
727	0.665756
728	0.66628
729	0.666561
730	0.666912
731	0.667375
732	0.667776
733	0.668045
734	0.66804
735	0.668059
736	0.668098
737	0.668089
738	0.667981
739	0.66807
740	0.668224
741	0.668314
742	0.668301
743	0.668493
744	0.668757
745	0.668915
746	0.66893
747	0.668874
748	0.668672
749	0.668372
750	0.668047
751	0.667713
752	0.667481
753	0.66719
754	0.666781
755	0.666376
756	0.66606
757	0.66569
758	0.665251
759	0.664685
760	0.664119
761	0.663586
762	0.663007
763	0.662345
764	0.661809
765	0.661474
766	0.661142
767	0.660951
768	0.660695
769	0.660461
770	0.660142
771	0.659934
772	0.659724
773	0.659529
774	0.659309
775	0.659054
776	0.658709
777	0.658331
778	0.657983
779	0.657508
780	0.65696
781	0.656273
782	0.655677
783	0.655046
784	0.654392
785	0.653782
786	0.653308
787	0.652894
788	0.65256
789	0.652412
790	0.65235
791	0.652223
792	0.652115
793	0.652258
794	0.652519
795	0.652995
796	0.653448
797	0.653855
798	0.654124
799	0.654279
800	0.654442
801	0.654594
802	0.654895
803	0.655351
804	0.655771
805	0.656344
806	0.65698
807	0.657781
808	0.658664
809	0.659789
810	0.660934
811	0.661973
812	0.662882
813	0.663963
814	0.665094
815	0.666166
816	0.667041
817	0.667907
818	0.668723
819	0.669744
820	0.670757
821	0.671776
822	0.672984
823	0.674583
824	0.676226
825	0.678057
826	0.680059
827	0.682177
828	0.684149
829	0.685884
830	0.687612
831	0.689173
832	0.690509
833	0.691825
834	0.692868
835	0.693793
836	0.694513
837	0.695041
838	0.695428
839	0.695658
840	0.696037
841	0.69636
842	0.69657
843	0.696583
844	0.696373
845	0.695984
846	0.695434
847	0.694739
848	0.693852
849	0.692889
850	0.691975
851	0.691052
852	0.690048
853	0.688958
854	0.687752
855	0.686577
856	0.685381
857	0.684171
858	0.682834
859	0.681471
860	0.68005
861	0.678592
862	0.67726
863	0.675993
864	0.674662
865	0.673282
866	0.671943
867	0.670648
868	0.669404
869	0.668192
870	0.667049
871	0.665945
872	0.664873
873	0.663805
874	0.662815
875	0.66206
876	0.661361
877	0.660687
878	0.660095
879	0.659642
880	0.659172
881	0.658559
882	0.657906
883	0.657145
884	0.65623
885	0.655324
886	0.654359
887	0.653354
888	0.652282
889	0.65128
890	0.650442
891	0.649625
892	0.64881
893	0.647998
894	0.647108
895	0.646197
896	0.645241
897	0.64421
898	0.643087
899	0.642067
900	0.641123
901	0.640357
902	0.639732
903	0.639104
904	0.638408
905	0.637588
906	0.636835
907	0.636195
908	0.635567
909	0.634871
910	0.634349
911	0.633845
912	0.633281
913	0.632859
914	0.63264
915	0.632403
916	0.632196
917	0.631919
918	0.631546
919	0.63124
920	0.630844
921	0.630503
922	0.630244
923	0.63008
924	0.630055
925	0.629937
926	0.629702
927	0.629521
928	0.629572
929	0.629629
930	0.629552
931	0.629515
932	0.629485
933	0.62948
934	0.629717
935	0.630215
936	0.630853
937	0.631449
938	0.632159
939	0.633484
940	0.634658
941	0.635625
942	0.636539
943	0.637463
944	0.638555
945	0.639614
946	0.640774
947	0.642305
948	0.643756
949	0.645117
950	0.646395
951	0.647634
952	0.648775
953	0.649824
954	0.65104
955	0.652208
956	0.653156
957	0.653979
958	0.654468
959	0.65481
960	0.655162
961	0.655524
962	0.65577
963	0.655953
964	0.656236
965	0.656411
966	0.656491
967	0.656552
968	0.656719
969	0.65689
970	0.656961
971	0.657087
972	0.657524
973	0.658224
974	0.658967
975	0.659588
976	0.659983
977	0.660161
978	0.660265
979	0.660382
980	0.660431
981	0.660514
982	0.660729
983	0.660914
984	0.660895
985	0.660798
986	0.660771
987	0.660707
988	0.660538
989	0.66029
990	0.660233
991	0.660369
992	0.660514
993	0.660626
994	0.660635
995	0.660649
996	0.66056
997	0.660496
998	0.660348
999	0.6602
1000	0.660101
1001	0.660111
1002	0.659979
1003	0.65979
1004	0.659391
1005	0.658917
1006	0.65832
1007	0.65763
1008	0.657037
1009	0.656735
1010	0.656568
1011	0.656463
1012	0.656307
1013	0.656247
1014	0.656311
1015	0.656287
1016	0.656139
1017	0.656156
1018	0.65624
1019	0.656341
1020	0.656607
1021	0.657071
1022	0.657673
1023	0.658398
1024	0.658942
1025	0.659426
1026	0.659873
1027	0.660158
1028	0.660496
1029	0.660796
1030	0.661081
1031	0.661184
1032	0.661288
1033	0.661395
1034	0.661502
1035	0.661403
1036	0.66123
1037	0.660971
1038	0.660627
1039	0.660269
1040	0.659869
1041	0.659506
1042	0.659054
1043	0.658439
1044	0.657633
1045	0.656768
1046	0.655868
1047	0.654841
1048	0.654044
1049	0.653241
1050	0.652476
1051	0.651729
1052	0.650982
1053	0.650337
1054	0.649797
1055	0.649181
1056	0.648504
1057	0.647889
1058	0.647428
1059	0.646861
1060	0.646151
1061	0.645403
1062	0.644724
1063	0.644085
1064	0.643344
1065	0.642693
1066	0.642083
1067	0.641502
1068	0.640949
1069	0.640407
1070	0.639718
1071	0.639115
1072	0.638459
1073	0.637857
1074	0.637244
1075	0.636704
1076	0.636348
1077	0.636116
1078	0.635761
1079	0.635548
1080	0.6353
1081	0.635114
1082	0.635186
1083	0.635316
1084	0.635494
1085	0.635837
1086	0.636186
1087	0.636611
1088	0.637292
1089	0.637914
1090	0.638625
1091	0.639467
1092	0.640138
1093	0.64071
1094	0.641517
1095	0.642364
1096	0.643095
1097	0.644233
1098	0.645398
1099	0.646436
1100	0.647415
1101	0.648302
1102	0.649057
1103	0.649817
1104	0.650583
1105	0.651227
1106	0.651726
1107	0.652214
1108	0.652691
1109	0.653094
1110	0.653544
1111	0.653968
1112	0.654468
1113	0.655334
1114	0.656262
1115	0.657286
1116	0.658258
1117	0.658943
1118	0.659471
1119	0.659718
1120	0.65988
1121	0.660041
1122	0.660021
1123	0.659811
1124	0.65948
1125	0.659051
1126	0.658583
1127	0.658073
1128	0.657531
1129	0.65693
1130	0.656263
1131	0.655491
1132	0.654734
1133	0.653947
1134	0.653262
1135	0.652641
1136	0.652139
1137	0.651618
1138	0.651151
1139	0.650675
1140	0.650221
1141	0.649838
1142	0.649463
1143	0.649201
1144	0.649133
1145	0.649308
1146	0.649478
1147	0.649527
1148	0.649483
1149	0.64932
1150	0.649266
1151	0.649264
1152	0.649479
1153	0.64988
1154	0.650311
1155	0.650858
1156	0.651548
1157	0.652466
1158	0.653413
1159	0.654269
1160	0.655017
1161	0.655683
1162	0.656326
1163	0.656862
1164	0.657457
1165	0.657969
1166	0.658539
1167	0.659178
1168	0.659841
1169	0.660415
1170	0.661028
1171	0.661654
1172	0.662365
1173	0.663125
1174	0.663874
1175	0.664775
1176	0.665681
1177	0.666687
1178	0.667622
1179	0.66841
1180	0.668903
1181	0.669206
1182	0.669404
1183	0.669773
1184	0.670005
1185	0.670042
1186	0.670033
1187	0.670051
1188	0.670267
1189	0.670544
1190	0.670714
1191	0.670821
1192	0.670863
1193	0.670741
1194	0.67056
1195	0.670573
1196	0.670639
1197	0.670479
1198	0.670076
1199	0.669671
1200	0.669269
1201	0.668794
1202	0.668274
1203	0.667726
1204	0.66713
1205	0.666558
1206	0.665798
1207	0.664982
1208	0.664003
1209	0.662994
1210	0.662006
1211	0.660832
1212	0.659728
1213	0.6586
1214	0.657415
1215	0.65623
1216	0.655043
1217	0.653776
1218	0.652533
1219	0.651337
1220	0.650241
1221	0.649176
1222	0.648288
1223	0.647552
1224	0.646696
1225	0.645931
1226	0.645312
1227	0.644824
1228	0.644451
1229	0.644003
1230	0.64384
1231	0.643647
1232	0.64339
1233	0.643103
1234	0.642795
1235	0.642549
1236	0.642304
1237	0.641945
1238	0.641636
1239	0.641391
1240	0.641303
1241	0.641285
1242	0.641366
1243	0.641426
1244	0.641348
1245	0.64141
1246	0.641708
1247	0.642237
1248	0.642662
1249	0.642922
1250	0.64311
1251	0.643275
1252	0.643399
1253	0.64346
1254	0.643532
1255	0.643697
1256	0.643799
1257	0.644064
1258	0.64441
1259	0.644745
1260	0.645245
1261	0.645809
1262	0.646468
1263	0.647292
1264	0.648035
1265	0.648899
1266	0.65011
1267	0.651471
1268	0.652799
1269	0.653998
1270	0.655326
1271	0.656696
1272	0.657941
1273	0.659201
1274	0.660433
1275	0.661815
1276	0.663354
1277	0.664924
1278	0.666469
1279	0.667792
1280	0.669139
1281	0.670343
1282	0.671361
1283	0.672184
1284	0.672893
1285	0.673637
1286	0.674493
1287	0.675272
1288	0.675847
1289	0.676308
1290	0.676771
1291	0.677008
1292	0.677192
1293	0.677227
1294	0.677194
1295	0.677046
1296	0.676953
1297	0.67692
1298	0.676824
1299	0.676626
1300	0.676253
1301	0.675895
1302	0.675528
1303	0.675132
1304	0.675025
1305	0.674971
1306	0.67474
1307	0.674423
1308	0.673964
1309	0.673472
1310	0.673077
1311	0.672552
1312	0.672107
1313	0.671712
1314	0.671293
1315	0.670967
1316	0.670678
1317	0.670345
1318	0.669934
1319	0.669507
1320	0.668978
1321	0.668448
1322	0.667982
1323	0.667449
1324	0.666959
1325	0.666388
1326	0.665715
1327	0.664992
1328	0.664245
1329	0.663408
1330	0.662653
1331	0.661929
1332	0.661302
1333	0.66068
1334	0.660081
1335	0.659382
1336	0.658691
1337	0.657944
1338	0.657198
1339	0.656403
1340	0.655641
1341	0.654731
1342	0.653632
1343	0.652345
1344	0.650906
1345	0.649534
1346	0.648327
1347	0.647273
1348	0.646202
1349	0.645074
1350	0.644092
1351	0.643152
1352	0.642375
1353	0.641683
1354	0.641036
1355	0.640428
1356	0.639805
1357	0.639159
1358	0.638393
1359	0.637664
1360	0.637104
1361	0.636606
1362	0.636195
1363	0.635773
1364	0.63547
1365	0.635262
1366	0.635098
1367	0.634905
1368	0.634711
1369	0.634697
1370	0.634654
1371	0.634565
1372	0.634736
1373	0.634722
1374	0.634932
1375	0.635161
1376	0.635311
1377	0.635365
1378	0.635546
1379	0.635794
1380	0.636263
1381	0.636771
1382	0.637413
1383	0.638175
1384	0.63902
1385	0.639826
1386	0.640897
1387	0.64225
1388	0.643505
1389	0.644826
1390	0.645995
1391	0.647097
1392	0.648338
1393	0.649921
1394	0.651614
1395	0.653438
1396	0.655575
1397	0.657506
1398	0.65933
1399	0.661061
1400	0.662669
1401	0.664446
1402	0.666268
1403	0.667946
1404	0.669464
1405	0.67079
1406	0.671823
1407	0.672634
1408	0.673356
1409	0.673898
1410	0.67443
1411	0.674818
1412	0.675182
1413	0.675412
1414	0.675553
1415	0.675733
1416	0.67603
1417	0.676182
1418	0.676185
1419	0.676108
1420	0.675983
1421	0.675864
1422	0.675641
1423	0.675293
1424	0.674794
1425	0.674482
1426	0.674242
1427	0.67394
1428	0.673538
1429	0.673039
1430	0.672687
1431	0.672155
1432	0.671561
1433	0.670828
1434	0.669997
1435	0.669083
1436	0.668213
1437	0.667326
1438	0.666393
1439	0.665393
1440	0.664325
1441	0.663283
1442	0.662152
1443	0.661025
1444	0.659769
1445	0.658561
1446	0.657277
1447	0.655975
1448	0.6546
1449	0.653195
1450	0.65173
1451	0.65032
1452	0.649007
1453	0.647773
1454	0.646611
1455	0.645457
1456	0.644214
1457	0.642866
1458	0.641493
1459	0.64021
1460	0.6391
1461	0.638044
1462	0.637107
1463	0.636108
1464	0.635133
1465	0.63425
1466	0.633425
1467	0.632625
1468	0.631714
1469	0.630833
1470	0.630012
1471	0.629187
1472	0.628307
1473	0.62761
1474	0.627027
1475	0.626646
1476	0.626298
1477	0.626133
1478	0.626105
1479	0.625907
1480	0.625668
1481	0.625389
1482	0.625276
1483	0.625446
1484	0.625649
1485	0.626061
1486	0.62658
1487	0.627311
1488	0.62829
1489	0.629233
1490	0.630204
1491	0.631053
1492	0.632172
1493	0.633413
1494	0.634615
1495	0.635828
1496	0.637211
1497	0.63884
1498	0.640486
1499	0.641839
1500	0.643094
1501	0.644506
1502	0.646158
1503	0.647845
1504	0.649613
1505	0.651354
1506	0.653285
1507	0.655815
1508	0.658699
1509	0.661267
1510	0.663642
1511	0.665837
1512	0.6679
1513	0.670092
1514	0.672305
1515	0.674533
1516	0.676895
1517	0.67933
1518	0.681335
1519	0.683258
1520	0.685007
1521	0.686751
1522	0.688333
1523	0.689582
1524	0.690562
1525	0.691324
1526	0.691708
1527	0.691833
1528	0.691697
1529	0.691704
1530	0.691798
1531	0.691875
1532	0.692193
1533	0.692436
1534	0.692693
1535	0.692778
1536	0.692656
1537	0.692314
1538	0.691909
1539	0.691356
1540	0.690759
1541	0.69016
1542	0.68941
1543	0.688568
1544	0.687722
1545	0.686822
1546	0.685774
1547	0.68475
1548	0.683648
1549	0.682499
1550	0.681309
1551	0.680121
1552	0.678973
1553	0.677856
1554	0.676765
1555	0.6757
1556	0.674532
1557	0.673406
1558	0.672297
1559	0.671153
1560	0.669959
1561	0.668778
1562	0.667616
1563	0.666381
1564	0.665107
1565	0.663827
1566	0.662547
1567	0.661288
1568	0.660044
1569	0.658807
1570	0.657744
1571	0.656704
1572	0.655505
1573	0.654233
1574	0.652941
1575	0.651715
1576	0.650432
1577	0.649091
1578	0.647749
1579	0.646424
1580	0.645149
1581	0.643849
1582	0.642529
1583	0.641366
1584	0.640252
1585	0.63914
1586	0.638032
1587	0.637087
1588	0.636218
1589	0.635494
1590	0.63483
1591	0.634086
1592	0.633342
1593	0.632657
1594	0.63184
1595	0.631235
1596	0.630659
1597	0.63018
1598	0.629709
1599	0.62921
1600	0.628751
1601	0.628401
1602	0.628201
1603	0.628198
1604	0.62812
1605	0.627978
1606	0.627905
1607	0.627858
1608	0.628095
1609	0.628768
1610	0.629651
1611	0.630763
1612	0.631942
1613	0.633184
1614	0.634465
1615	0.635661
1616	0.636778
1617	0.637863
1618	0.639044
1619	0.640324
1620	0.64171
1621	0.643311
1622	0.645268
1623	0.647325
1624	0.649459
1625	0.651381
1626	0.653279
1627	0.655503
1628	0.65797
1629	0.660491
1630	0.663032
1631	0.665141
1632	0.666916
1633	0.668625
1634	0.670382
1635	0.672033
1636	0.673691
1637	0.675202
1638	0.676616
1639	0.678234
1640	0.679903
1641	0.681579
1642	0.683271
1643	0.684684
1644	0.685895
1645	0.686741
1646	0.687283
1647	0.68748
1648	0.68749
1649	0.687518
1650	0.687703
1651	0.687665
1652	0.68757
1653	0.687412
1654	0.687296
1655	0.687075
1656	0.68687
1657	0.686634
1658	0.686402
1659	0.686313
1660	0.686266
1661	0.686096
1662	0.685742
1663	0.685402
1664	0.685045
1665	0.68476
1666	0.684338
1667	0.683774
1668	0.683187
1669	0.682641
1670	0.682141
1671	0.681623
1672	0.681032
1673	0.680394
1674	0.679774
1675	0.679207
1676	0.678582
1677	0.678066
1678	0.677675
1679	0.677378
1680	0.676986
1681	0.67638
1682	0.675627
1683	0.674821
1684	0.674017
1685	0.673189
1686	0.672272
1687	0.671551
1688	0.670839
1689	0.670204
1690	0.669525
1691	0.668908
1692	0.668146
1693	0.667285
1694	0.666393
1695	0.665629
1696	0.664862
1697	0.664195
1698	0.66348
1699	0.662607
1700	0.661701
1701	0.660777
1702	0.659908
1703	0.659039
1704	0.658263
1705	0.657371
1706	0.656455
1707	0.655588
1708	0.654647
1709	0.653713
1710	0.652834
1711	0.651956
1712	0.650995
1713	0.650009
1714	0.64916
1715	0.648437
1716	0.647602
1717	0.646805
1718	0.645849
1719	0.644862
1720	0.643845
1721	0.642837
1722	0.64174
1723	0.640553
1724	0.639414
1725	0.638245
1726	0.637101
1727	0.635936
1728	0.634816
1729	0.633872
1730	0.633187
1731	0.632482
1732	0.6317
1733	0.631036
1734	0.630361
1735	0.629612
1736	0.628776
1737	0.62806
1738	0.627352
1739	0.626806
1740	0.626246
1741	0.625646
1742	0.625126
1743	0.624605
1744	0.624111
1745	0.623678
1746	0.623296
1747	0.623153
1748	0.623086
1749	0.62313
1750	0.62331
1751	0.623587
1752	0.62407
1753	0.624704
1754	0.625449
1755	0.626109
1756	0.626674
1757	0.627347
1758	0.62791
1759	0.628696
1760	0.629637
1761	0.630567
1762	0.631421
1763	0.632231
1764	0.632942
1765	0.633788
1766	0.634742
1767	0.636109
1768	0.637894
1769	0.640053
1770	0.641981
1771	0.643893
1772	0.645939
1773	0.648066
1774	0.650152
1775	0.652126
1776	0.653913
1777	0.65563
1778	0.657173
1779	0.658702
1780	0.660261
1781	0.661788
1782	0.663161
1783	0.664481
1784	0.665544
1785	0.666447
1786	0.667435
1787	0.668277
1788	0.669054
1789	0.669656
1790	0.670289
1791	0.670931
1792	0.671393
1793	0.671796
1794	0.672108
1795	0.672284
1796	0.672536
1797	0.673239
1798	0.674406
1799	0.675467
1800	0.676371
1801	0.676895
1802	0.677444
1803	0.678017
1804	0.678483
1805	0.678826
1806	0.679062
1807	0.679153
1808	0.679147
1809	0.678983
1810	0.678618
1811	0.678273
1812	0.677847
1813	0.677636
1814	0.67735
1815	0.67697
1816	0.67647
1817	0.675886
1818	0.67545
1819	0.674966
1820	0.674457
1821	0.673807
1822	0.673146
1823	0.672408
1824	0.671693
1825	0.670855
1826	0.669937
1827	0.669093
1828	0.668301
1829	0.667695
1830	0.667047
1831	0.666383
1832	0.665701
1833	0.664926
1834	0.664109
1835	0.663258
1836	0.662433
1837	0.66162
1838	0.660738
1839	0.660005
1840	0.659417
1841	0.658904
1842	0.658511
1843	0.658361
1844	0.658171
1845	0.657871
1846	0.65747
1847	0.657182
1848	0.657064
1849	0.6569
1850	0.656859
1851	0.656767
1852	0.656597
1853	0.656503
1854	0.656492
1855	0.656558
1856	0.656622
1857	0.656688
1858	0.656606
1859	0.656414
1860	0.656437
1861	0.656585
1862	0.656539
1863	0.656544
1864	0.656441
1865	0.656272
1866	0.656084
1867	0.655865
1868	0.655615
1869	0.655464
1870	0.655298
1871	0.655213
1872	0.655027
1873	0.65491
1874	0.654942
1875	0.654948
1876	0.654848
1877	0.654684
1878	0.654257
1879	0.653794
1880	0.653224
1881	0.65259
1882	0.65184
1883	0.651006
1884	0.650077
1885	0.649112
1886	0.648149
1887	0.647225
1888	0.646319
1889	0.64544
1890	0.644763
1891	0.644196
1892	0.643803
1893	0.643418
1894	0.643089
1895	0.6426
1896	0.641907
1897	0.641077
1898	0.640118
1899	0.639151
1900	0.638273
1901	0.637634
1902	0.637059
1903	0.63643
1904	0.635794
1905	0.635258
1906	0.634788
1907	0.634344
1908	0.633948
1909	0.63357
1910	0.633205
1911	0.63291
1912	0.632666
1913	0.632547
1914	0.632683
1915	0.632884
1916	0.633109
1917	0.633218
1918	0.633305
1919	0.633431
1920	0.633855
1921	0.634402
1922	0.635091
1923	0.635939
1924	0.63686
1925	0.637921
1926	0.639059
1927	0.640096
1928	0.640958
1929	0.6419
1930	0.64277
1931	0.643457
1932	0.64407
1933	0.644632
1934	0.645101
1935	0.64569
1936	0.646329
1937	0.647218
1938	0.648058
1939	0.648942
1940	0.649731
1941	0.650698
1942	0.651621
1943	0.652323
1944	0.653001
1945	0.6538
1946	0.654622
1947	0.655534
1948	0.656749
1949	0.658081
1950	0.659467
1951	0.660931
1952	0.662404
1953	0.663763
1954	0.665045
1955	0.666234
1956	0.667344
1957	0.668484
1958	0.669725
1959	0.670744
1960	0.67199
1961	0.673212
1962	0.674227
1963	0.674745
1964	0.675259
1965	0.675871
1966	0.676496
1967	0.677273
1968	0.678042
1969	0.678676
1970	0.679282
1971	0.67967
1972	0.67986
1973	0.679915
1974	0.680087
1975	0.68011
1976	0.679903
1977	0.679557
1978	0.679126
1979	0.678595
1980	0.678066
1981	0.677698
1982	0.677195
1983	0.676597
1984	0.676144
1985	0.675865
1986	0.6757
1987	0.675423
1988	0.675047
1989	0.674682
1990	0.674203
1991	0.67375
1992	0.673303
1993	0.672743
1994	0.672106
1995	0.671403
1996	0.670836
1997	0.670359
1998	0.66974
1999	0.668964
2000	0.668101
2001	0.667202
2002	0.666453
2003	0.665649
2004	0.664833
2005	0.663969
2006	0.662987
2007	0.66193
2008	0.660917
2009	0.659988
2010	0.65907
2011	0.658195
2012	0.657329
2013	0.65656
2014	0.655808
2015	0.655172
2016	0.654534
2017	0.654227
2018	0.653947
2019	0.6535
2020	0.652786
2021	0.652017
2022	0.651283
2023	0.650568
2024	0.649828
2025	0.64932
2026	0.649028
2027	0.648573
2028	0.648059
2029	0.647527
2030	0.646981
2031	0.646285
2032	0.645568
2033	0.644921
2034	0.644384
2035	0.643756
2036	0.643097
2037	0.642541
2038	0.641956
2039	0.641322
2040	0.64067
2041	0.640171
2042	0.63975
2043	0.639486
2044	0.639404
2045	0.639474
2046	0.63964
2047	0.63986
2048	0.640268
2049	0.640742
2050	0.641271
2051	0.641797
2052	0.6422
2053	0.642693
2054	0.643129
2055	0.643615
2056	0.644253
2057	0.644768
2058	0.645029
2059	0.645458
2060	0.64608
2061	0.647032
2062	0.648031
2063	0.649242
2064	0.650646
2065	0.652137
2066	0.653654
2067	0.655308
2068	0.657266
2069	0.65929
2070	0.661222
2071	0.663105
2072	0.664935
2073	0.666715
2074	0.668493
2075	0.67011
2076	0.671532
2077	0.672782
2078	0.673783
2079	0.674397
2080	0.674914
2081	0.67534
2082	0.675697
2083	0.675824
2084	0.675739
2085	0.675476
2086	0.675138
2087	0.674755
2088	0.674387
2089	0.674015
2090	0.673492
2091	0.672863
2092	0.672207
2093	0.671728
2094	0.671174
2095	0.670552
2096	0.669813
2097	0.669156
2098	0.668531
2099	0.667998
2100	0.667497
2101	0.667012
2102	0.666563
2103	0.666108
2104	0.665541
2105	0.665052
2106	0.664619
2107	0.664064
2108	0.663584
2109	0.663189
2110	0.6629
2111	0.662539
2112	0.662112
2113	0.661606
2114	0.661159
2115	0.660692
2116	0.660076
2117	0.659401
2118	0.658693
2119	0.658003
2120	0.657331
2121	0.656706
2122	0.656084
2123	0.655523
2124	0.654976
2125	0.654411
2126	0.653799
2127	0.653264
2128	0.65303
2129	0.653095
2130	0.653134
2131	0.653336
2132	0.653562
2133	0.653762
2134	0.653933
2135	0.65423
2136	0.654692
2137	0.655151
2138	0.65556
2139	0.65617
2140	0.656794
2141	0.657507
2142	0.65826
2143	0.658992
2144	0.659479
2145	0.659894
2146	0.660208
2147	0.660658
2148	0.660884
2149	0.661073
2150	0.661409
2151	0.661896
2152	0.662625
2153	0.663534
2154	0.664479
2155	0.665465
2156	0.666526
2157	0.667382
2158	0.668134
2159	0.668624
2160	0.668944
2161	0.669022
2162	0.66917
2163	0.669448
2164	0.669727
2165	0.6702
2166	0.67084
2167	0.671474
2168	0.671967
2169	0.672633
2170	0.673344
2171	0.674041
2172	0.674962
2173	0.675949
2174	0.676959
2175	0.678032
2176	0.679408
2177	0.680755
2178	0.682137
2179	0.683525
2180	0.684903
2181	0.68608
2182	0.687104
2183	0.687981
2184	0.688827
2185	0.68949
2186	0.689874
2187	0.690001
2188	0.690058
2189	0.690159
2190	0.690086
2191	0.689963
2192	0.689821
2193	0.689684
2194	0.689479
2195	0.689061
2196	0.688465
2197	0.687768
2198	0.687074
2199	0.686373
2200	0.685609
2201	0.684858
2202	0.684031
2203	0.683033
2204	0.682046
2205	0.681115
2206	0.680011
2207	0.67884
2208	0.677621
2209	0.676272
2210	0.674879
2211	0.673438
2212	0.671981
2213	0.670527
2214	0.669138
2215	0.667858
2216	0.666535
2217	0.665154
2218	0.663771
2219	0.662404
2220	0.661112
2221	0.659866
2222	0.658778
2223	0.657718
2224	0.656636
2225	0.65563
2226	0.654642
2227	0.653576
2228	0.652476
2229	0.65124
2230	0.649836
2231	0.648465
2232	0.647174
2233	0.646083
2234	0.645071
2235	0.644212
2236	0.643474
2237	0.64282
2238	0.642233
2239	0.641726
2240	0.641196
2241	0.640666
2242	0.640196
2243	0.639735
2244	0.639248
2245	0.638737
2246	0.638186
2247	0.637836
2248	0.63763
2249	0.637728
2250	0.637902
2251	0.638154
2252	0.638308
2253	0.638488
2254	0.638827
2255	0.639304
2256	0.639702
2257	0.640268
2258	0.640953
2259	0.641773
2260	0.642625
2261	0.643722
2262	0.644896
2263	0.646188
2264	0.647575
2265	0.649217
2266	0.650911
2267	0.652782
2268	0.65424
2269	0.655423
2270	0.656611
2271	0.657751
2272	0.658933
2273	0.659989
2274	0.660997
2275	0.661948
2276	0.662938
2277	0.664003
2278	0.664962
2279	0.66608
2280	0.66708
2281	0.668024
2282	0.66869
2283	0.669205
2284	0.66963
2285	0.669984
2286	0.670341
2287	0.670506
2288	0.67069
2289	0.67087
2290	0.670983
2291	0.670976
2292	0.670803
2293	0.670575
2294	0.670446
2295	0.670162
2296	0.669901
2297	0.669615
2298	0.669417
2299	0.669154
2300	0.668967
2301	0.668719
2302	0.668499
2303	0.668163
2304	0.667785
2305	0.667465
2306	0.667248
2307	0.66701
2308	0.666787
2309	0.666666
2310	0.666474
2311	0.666203
2312	0.666066
2313	0.665965
2314	0.665833
2315	0.666001
2316	0.666316
2317	0.666691
2318	0.666997
2319	0.66728
2320	0.66753
2321	0.667746
2322	0.667873
2323	0.667922
2324	0.667814
2325	0.667701
2326	0.667434
2327	0.66704
2328	0.666473
2329	0.665746
2330	0.664892
2331	0.664095
2332	0.663291
2333	0.662462
2334	0.661562
2335	0.660614
2336	0.659709
2337	0.658868
2338	0.657947
2339	0.656904
2340	0.655997
2341	0.655114
2342	0.654308
2343	0.653604
2344	0.653163
2345	0.652921
2346	0.652775
2347	0.652621
2348	0.652416
2349	0.652281
2350	0.652101
2351	0.651947
2352	0.65184
2353	0.651816
2354	0.651894
2355	0.651923
2356	0.65211
2357	0.652538
2358	0.653025
2359	0.653496
2360	0.653954
2361	0.654405
2362	0.654767
2363	0.654876
2364	0.655016
2365	0.655199
2366	0.655672
2367	0.656257
2368	0.656997
2369	0.657857
2370	0.658744
2371	0.65951
2372	0.660334
2373	0.661244
2374	0.662037
2375	0.662568
2376	0.663211
2377	0.66377
2378	0.664195
2379	0.664771
2380	0.6653
2381	0.665652
2382	0.665831
2383	0.666071
2384	0.666156
2385	0.666283
2386	0.666637
2387	0.667121
2388	0.667804
2389	0.668338
2390	0.668756
2391	0.668977
2392	0.669033
2393	0.669262
2394	0.669413
2395	0.669645
2396	0.669824
2397	0.670212
2398	0.670649
2399	0.671078
2400	0.671601
2401	0.672586
2402	0.673757
2403	0.674946
2404	0.676184
2405	0.677206
2406	0.678088
2407	0.678787
2408	0.679386
2409	0.67993
2410	0.680477
2411	0.681042
2412	0.681445
2413	0.681767
2414	0.681952
2415	0.681889
2416	0.681628
2417	0.681562
2418	0.681517
2419	0.681594
2420	0.681713
2421	0.681749
2422	0.681641
2423	0.681401
2424	0.681285
2425	0.681048
2426	0.680811
2427	0.68046
2428	0.68002
2429	0.679578
2430	0.679144
2431	0.678624
2432	0.678154
2433	0.677531
2434	0.676851
2435	0.676155
2436	0.675548
2437	0.67479
2438	0.674004
2439	0.673061
2440	0.672042
2441	0.670928
2442	0.669756
2443	0.668503
2444	0.667198
2445	0.665952
2446	0.664711
2447	0.663476
2448	0.662319
2449	0.661082
2450	0.659713
2451	0.658276
2452	0.656821
2453	0.655472
2454	0.654108
2455	0.652691
2456	0.651361
2457	0.650146
2458	0.64894
2459	0.647891
2460	0.646812
2461	0.645758
2462	0.644742
2463	0.643816
2464	0.642944
2465	0.642101
2466	0.641424
2467	0.640886
2468	0.640395
2469	0.640175
2470	0.640191
2471	0.640092
2472	0.640005
2473	0.639989
2474	0.639881
2475	0.639788
2476	0.63973
2477	0.639611
2478	0.639595
2479	0.639809
2480	0.639894
2481	0.640041
2482	0.640292
2483	0.640786
2484	0.641506
2485	0.642274
2486	0.643147
2487	0.644064
2488	0.644951
2489	0.64563
2490	0.64614
2491	0.646505
2492	0.646858
2493	0.647248
2494	0.647485
2495	0.647725
2496	0.647961
2497	0.648057
2498	0.647945
2499	0.64772
2500	0.647602
2501	0.647445
2502	0.647302
2503	0.647338
2504	0.647398
2505	0.64738
2506	0.647426
2507	0.64775
2508	0.648189
2509	0.648686
2510	0.649256
2511	0.649755
2512	0.650295
2513	0.650795
2514	0.651399
2515	0.652297
2516	0.653126
2517	0.653761
2518	0.654261
2519	0.654676
2520	0.654955
2521	0.655204
2522	0.655453
2523	0.655833
2524	0.656198
2525	0.656492
2526	0.65656
2527	0.65668
2528	0.656826
2529	0.656932
2530	0.657046
2531	0.657107
2532	0.657328
2533	0.657549
2534	0.657728
2535	0.657778
2536	0.657831
2537	0.65778
2538	0.657665
2539	0.657509
2540	0.657433
2541	0.657299
2542	0.65712
2543	0.656952
2544	0.656594
2545	0.656325
2546	0.656041
2547	0.655893
2548	0.655778
2549	0.655677
2550	0.655596
2551	0.655601
2552	0.655544
2553	0.655451
2554	0.655203
2555	0.654808
2556	0.654442
2557	0.654085
2558	0.653908
2559	0.653726
2560	0.653572
2561	0.653493
2562	0.653393
2563	0.653338
2564	0.653377
2565	0.653656
2566	0.654057
2567	0.654506
2568	0.65508
2569	0.655634
2570	0.656217
2571	0.65707
2572	0.657898
2573	0.65863
2574	0.65951
2575	0.660443
2576	0.66152
2577	0.662695
2578	0.664015
2579	0.665276
2580	0.666527
2581	0.667852
2582	0.669108
2583	0.670305
2584	0.671551
2585	0.672782
2586	0.673883
2587	0.67501
2588	0.67608
2589	0.676949
2590	0.677814
2591	0.6785
2592	0.678967
2593	0.679064
2594	0.679161
2595	0.679038
2596	0.678848
2597	0.678657
2598	0.678472
2599	0.678295
2600	0.678201
2601	0.677873
2602	0.677375
2603	0.676737
2604	0.676053
2605	0.675501
2606	0.674881
2607	0.674175
2608	0.673492
2609	0.672838
2610	0.672193
2611	0.671561
2612	0.670947
2613	0.670207
2614	0.6696
2615	0.669074
2616	0.668728
2617	0.668354
2618	0.668083
2619	0.667929
2620	0.667833
2621	0.667792
2622	0.667723
2623	0.667683
2624	0.667594
2625	0.667392
2626	0.667013
2627	0.666757
2628	0.666522
2629	0.666374
2630	0.666128
2631	0.665817
2632	0.665421
2633	0.664933
2634	0.664382
2635	0.663828
2636	0.663346
2637	0.662843
2638	0.66224
2639	0.661481
2640	0.66069
2641	0.659934
2642	0.659125
2643	0.658322
2644	0.657558
2645	0.656844
2646	0.656088
2647	0.65536
2648	0.654658
2649	0.653967
2650	0.65339
2651	0.652746
2652	0.652027
2653	0.651333
2654	0.650591
2655	0.650032
2656	0.649524
2657	0.649129
2658	0.648654
2659	0.648134
2660	0.647672
2661	0.647193
2662	0.646841
2663	0.646705
2664	0.646652
2665	0.646609
2666	0.646475
2667	0.646233
2668	0.645983
2669	0.645727
2670	0.645569
2671	0.645439
2672	0.645308
2673	0.645475
2674	0.645786
2675	0.646142
2676	0.64636
2677	0.646449
2678	0.646484
2679	0.646511
2680	0.646659
2681	0.646579
2682	0.646422
2683	0.646237
2684	0.646063
2685	0.64606
2686	0.646106
2687	0.64613
2688	0.646199
2689	0.646226
2690	0.646272
2691	0.646369
2692	0.646731
2693	0.647024
2694	0.647232
2695	0.647246
2696	0.647258
2697	0.647511
2698	0.647909
2699	0.648325
2700	0.648831
2701	0.649527
2702	0.650249
2703	0.651087
2704	0.652172
2705	0.653622
2706	0.655128
2707	0.656405
2708	0.657598
2709	0.658743
2710	0.659849
2711	0.660796
2712	0.661786
2713	0.662429
2714	0.662991
2715	0.663507
2716	0.663975
2717	0.664292
2718	0.664579
2719	0.664797
2720	0.665133
2721	0.665507
2722	0.665998
2723	0.666519
2724	0.667039
2725	0.667462
2726	0.667931
2727	0.668251
2728	0.66831
2729	0.668324
2730	0.66833
2731	0.668303
2732	0.668346
2733	0.668241
2734	0.667946
2735	0.667604
2736	0.667207
2737	0.666952
2738	0.66657
2739	0.666141
2740	0.665726
2741	0.665354
2742	0.664811
2743	0.664173
2744	0.663387
2745	0.66258
2746	0.661934
2747	0.661282
2748	0.660553
2749	0.659861
2750	0.659173
2751	0.658528
2752	0.657788
2753	0.656944
2754	0.656032
2755	0.655169
2756	0.654427
2757	0.653646
2758	0.652848
2759	0.652083
2760	0.651361
2761	0.650638
2762	0.649911
2763	0.649196
2764	0.648597
2765	0.647974
2766	0.647316
2767	0.646755
2768	0.64623
2769	0.645767
2770	0.645362
2771	0.644938
2772	0.644498
2773	0.644185
2774	0.643938
2775	0.643672
2776	0.643452
2777	0.643065
2778	0.642511
2779	0.642118
2780	0.641828
2781	0.641588
2782	0.641351
2783	0.641071
2784	0.6407
2785	0.640378
2786	0.6402
2787	0.640097
2788	0.639902
2789	0.639625
2790	0.639323
2791	0.63899
2792	0.638657
2793	0.638204
2794	0.637655
2795	0.636981
2796	0.636257
2797	0.635425
2798	0.634711
2799	0.63412
2800	0.633619
2801	0.633314
2802	0.633152
2803	0.633145
2804	0.633341
2805	0.633622
2806	0.634063
2807	0.634613
2808	0.635139
2809	0.635604
2810	0.636043
2811	0.636485
2812	0.636829
2813	0.63733
2814	0.637976
2815	0.638821
2816	0.639699
2817	0.640396
2818	0.64135
2819	0.642451
2820	0.64357
2821	0.644454
2822	0.645397
2823	0.646422
2824	0.647461
2825	0.64862
2826	0.649704
2827	0.650738
2828	0.651781
2829	0.65263
2830	0.653423
2831	0.654276
2832	0.655241
2833	0.656052
2834	0.656878
2835	0.65772
2836	0.658386
2837	0.658869
2838	0.659196
2839	0.659501
2840	0.659867
2841	0.660549
2842	0.661358
2843	0.6622
2844	0.663276
2845	0.664032
2846	0.664537
2847	0.664949
2848	0.665305
2849	0.665651
2850	0.665926
2851	0.666189
2852	0.666369
2853	0.66653
2854	0.666578
2855	0.666701
2856	0.666986
2857	0.667484
2858	0.668143
2859	0.668615
2860	0.66895
2861	0.669459
2862	0.669988
2863	0.670521
2864	0.671164
2865	0.671628
2866	0.671999
2867	0.672114
2868	0.672186
2869	0.672115
2870	0.671883
2871	0.671466
2872	0.670855
2873	0.670272
2874	0.669542
2875	0.668756
2876	0.667958
2877	0.667172
2878	0.66642
2879	0.665507
2880	0.664556
2881	0.663613
2882	0.662728
2883	0.661869
2884	0.661139
2885	0.660713
2886	0.660313
2887	0.65964
2888	0.658954
2889	0.658305
2890	0.657716
2891	0.657117
2892	0.656485
2893	0.655852
2894	0.655264
2895	0.654748
2896	0.65416
2897	0.65362
2898	0.653276
2899	0.653027
2900	0.652958
2901	0.653026
2902	0.653132
2903	0.653242
2904	0.653329
2905	0.653402
2906	0.653744
2907	0.653986
2908	0.654179
2909	0.654458
2910	0.654606
2911	0.654906
2912	0.655354
2913	0.655671
2914	0.656006
2915	0.656315
2916	0.656518
2917	0.656632
2918	0.656676
2919	0.656762
2920	0.656875
2921	0.65714
2922	0.657536
2923	0.657918
2924	0.658463
2925	0.658982
2926	0.659428
2927	0.659818
2928	0.660137
2929	0.660361
2930	0.660334
2931	0.660242
2932	0.660008
2933	0.659726
2934	0.659338
2935	0.658811
2936	0.658319
2937	0.657833
2938	0.657491
2939	0.657178
2940	0.656835
2941	0.656451
2942	0.656211
2943	0.656009
2944	0.655688
2945	0.655317
2946	0.655028
2947	0.654803
2948	0.654615
2949	0.654292
2950	0.654171
2951	0.65423
2952	0.654349
2953	0.654683
2954	0.654905
2955	0.655013
2956	0.655028
2957	0.655026
2958	0.655226
2959	0.655401
2960	0.655492
2961	0.655596
2962	0.655516
2963	0.655386
2964	0.655226
2965	0.655198
2966	0.655069
2967	0.654839
2968	0.654484
2969	0.654134
2970	0.654098
2971	0.654181
2972	0.654217
2973	0.654178
2974	0.653976
2975	0.653511
2976	0.653267
2977	0.653056
2978	0.652798
2979	0.65258
2980	0.65238
2981	0.652313
2982	0.652244
2983	0.652128
2984	0.652129
2985	0.652381
2986	0.652776
2987	0.653252
2988	0.653598
2989	0.65396
2990	0.654094
2991	0.654108
2992	0.654146
2993	0.654225
2994	0.654265
2995	0.654353
2996	0.654264
2997	0.654259
2998	0.65446
2999	0.654632
3000	0.655001
3001	0.655319
3002	0.65555
3003	0.655918
3004	0.656175
3005	0.656374
3006	0.656731
3007	0.656974
3008	0.657087
3009	0.657332
3010	0.65757
3011	0.657654
3012	0.65765
3013	0.657771
3014	0.657858
3015	0.657728
3016	0.657749
3017	0.657867
3018	0.658057
3019	0.658111
3020	0.658155
3021	0.658245
3022	0.658316
3023	0.658553
3024	0.659113
3025	0.659518
3026	0.659811
3027	0.65988
3028	0.65983
3029	0.659657
3030	0.659475
3031	0.659177
3032	0.658871
3033	0.658611
3034	0.658434
3035	0.658262
3036	0.657905
3037	0.657471
3038	0.657122
3039	0.656901
3040	0.656722
3041	0.656566
3042	0.656412
3043	0.656351
3044	0.656342
3045	0.656241
3046	0.656293
3047	0.656385
3048	0.656575
3049	0.656724
3050	0.656677
3051	0.656788
3052	0.656879
3053	0.657077
3054	0.657173
3055	0.65717
3056	0.657122
3057	0.656945
3058	0.656762
3059	0.656495
3060	0.656034
3061	0.655542
3062	0.655162
3063	0.654755
3064	0.654335
3065	0.65405
3066	0.653734
3067	0.65356
3068	0.653388
3069	0.653188
3070	0.652977
3071	0.65291
3072	0.652801
3073	0.652614
3074	0.652417
3075	0.652264
3076	0.652113
3077	0.651982
3078	0.651817
3079	0.651513
3080	0.651211
3081	0.650838
3082	0.650516
3083	0.650197
3084	0.649896
3085	0.649624
3086	0.649346
3087	0.649138
3088	0.649189
3089	0.649164
3090	0.649033
3091	0.648812
3092	0.648557
3093	0.648254
3094	0.648044
3095	0.647734
3096	0.647483
3097	0.647382
3098	0.647212
3099	0.646994
3100	0.646881
3101	0.646795
3102	0.646773
3103	0.646728
3104	0.646527
3105	0.646402
3106	0.646226
3107	0.64615
3108	0.646077
3109	0.646089
3110	0.646119
3111	0.646125
3112	0.64606
3113	0.646095
3114	0.646166
3115	0.646264
3116	0.646516
3117	0.6468
3118	0.647038
3119	0.647318
3120	0.647634
3121	0.648171
3122	0.648841
3123	0.64955
3124	0.650479
3125	0.651606
3126	0.652815
3127	0.654186
3128	0.655685
3129	0.657283
3130	0.65881
3131	0.660349
3132	0.661997
3133	0.663491
3134	0.665145
3135	0.666804
3136	0.668379
3137	0.669764
3138	0.671236
3139	0.672503
3140	0.673724
3141	0.674789
3142	0.675627
3143	0.67621
3144	0.676636
3145	0.676961
3146	0.67713
3147	0.677411
3148	0.677731
3149	0.678206
3150	0.678524
3151	0.678608
3152	0.678603
3153	0.678489
3154	0.678204
3155	0.677784
3156	0.677242
3157	0.676635
3158	0.675921
3159	0.675364
3160	0.67497
3161	0.674377
3162	0.673686
3163	0.672994
3164	0.672304
3165	0.671641
3166	0.670929
3167	0.670247
3168	0.669588
3169	0.668815
3170	0.667915
3171	0.666959
3172	0.666023
3173	0.665192
3174	0.66431
3175	0.663524
3176	0.662704
3177	0.661878
3178	0.660961
3179	0.659954
3180	0.658909
3181	0.657821
3182	0.656823
3183	0.655927
3184	0.654947
3185	0.653905
3186	0.652897
3187	0.651983
3188	0.651121
3189	0.650352
3190	0.649584
3191	0.648852
3192	0.648108
3193	0.647402
3194	0.646631
3195	0.64584
3196	0.645066
3197	0.644341
3198	0.643551
3199	0.642778
3200	0.642059
3201	0.641505
3202	0.64107
3203	0.640668
3204	0.640402
3205	0.64003
3206	0.63978
3207	0.639896
3208	0.640336
3209	0.640937
3210	0.64159
3211	0.642149
3212	0.642478
3213	0.642904
3214	0.643315
3215	0.643623
3216	0.643904
3217	0.644196
3218	0.644587
3219	0.644907
3220	0.645296
3221	0.645753
3222	0.646256
3223	0.646743
3224	0.647412
3225	0.648203
3226	0.649274
3227	0.650208
3228	0.651197
3229	0.652131
3230	0.65319
3231	0.654106
3232	0.655183
3233	0.656103
3234	0.657161
3235	0.658293
3236	0.659237
3237	0.65993
3238	0.660695
3239	0.661459
3240	0.662007
3241	0.662307
3242	0.66253
3243	0.662695
3244	0.662972
3245	0.663544
3246	0.664155
3247	0.664473
3248	0.664639
3249	0.664868
3250	0.665214
3251	0.665425
3252	0.665728
3253	0.665947
3254	0.666046
3255	0.66636
3256	0.666709
3257	0.667095
3258	0.667538
3259	0.667971
3260	0.66819
3261	0.66845
3262	0.668787
3263	0.669099
3264	0.669292
3265	0.66957
3266	0.669824
3267	0.669916
3268	0.669816
3269	0.669657
3270	0.669591
3271	0.669533
3272	0.669602
3273	0.669978
3274	0.670355
3275	0.67079
3276	0.671125
3277	0.671393
3278	0.671844
3279	0.672381
3280	0.672599
3281	0.672571
3282	0.672368
3283	0.672133
3284	0.671849
3285	0.671478
3286	0.671136
3287	0.670966
3288	0.670894
3289	0.670738
3290	0.670283
3291	0.669796
3292	0.669396
3293	0.668959
3294	0.668449
3295	0.668111
3296	0.667946
3297	0.667763
3298	0.667573
3299	0.667298
3300	0.66697
3301	0.666468
3302	0.665974
3303	0.665564
3304	0.665024
3305	0.664529
3306	0.663923
3307	0.663269
3308	0.662587
3309	0.661806
3310	0.660973
3311	0.660222
3312	0.659583
3313	0.659068
3314	0.658629
3315	0.658152
3316	0.657701
3317	0.657192
3318	0.656844
3319	0.656587
3320	0.656458
3321	0.656399
3322	0.656597
3323	0.656923
3324	0.657244
3325	0.657569
3326	0.658
3327	0.658518
3328	0.659179
3329	0.659934
3330	0.660769
3331	0.66153
3332	0.662345
3333	0.663202
3334	0.663995
3335	0.664661
3336	0.665133
3337	0.665695
3338	0.66615
3339	0.666829
3340	0.66743
3341	0.667731
3342	0.667898
3343	0.66807
3344	0.668237
3345	0.668506
3346	0.668905
3347	0.669154
3348	0.669326
3349	0.669291
3350	0.669134
3351	0.668873
3352	0.668434
3353	0.667992
3354	0.667543
3355	0.666925
3356	0.666302
3357	0.665736
3358	0.665125
3359	0.664564
3360	0.664169
3361	0.663828
3362	0.663531
3363	0.663135
3364	0.662709
3365	0.662277
3366	0.661751
3367	0.661153
3368	0.66079
3369	0.660499
3370	0.66032
3371	0.659982
3372	0.659525
3373	0.65898
3374	0.658255
3375	0.657526
3376	0.656648
3377	0.655753
3378	0.654838
3379	0.653891
3380	0.652833
3381	0.651738
3382	0.650666
3383	0.649578
3384	0.648684
3385	0.648021
3386	0.647409
3387	0.646749
3388	0.646016
3389	0.645125
3390	0.644131
3391	0.6432
3392	0.642384
3393	0.641768
3394	0.641051
3395	0.640229
3396	0.63931
3397	0.638348
3398	0.637484
3399	0.636704
3400	0.636024
3401	0.635385
3402	0.634809
3403	0.634352
3404	0.633878
3405	0.633446
3406	0.632993
3407	0.632441
3408	0.632003
3409	0.631621
3410	0.631299
3411	0.630957
3412	0.630606
3413	0.630267
3414	0.629872
3415	0.629417
3416	0.62894
3417	0.628392
3418	0.627833
3419	0.627353
3420	0.626772
3421	0.626424
3422	0.626382
3423	0.626482
3424	0.626664
3425	0.627034
3426	0.627692
3427	0.628556
3428	0.629289
3429	0.629952
3430	0.630598
3431	0.631507
3432	0.632549
3433	0.634025
3434	0.635611
3435	0.637332
3436	0.63912
3437	0.641049
3438	0.642753
3439	0.644259
3440	0.645853
3441	0.647226
3442	0.648541
3443	0.649887
3444	0.651434
3445	0.652926
3446	0.654254
3447	0.655388
3448	0.656386
3449	0.657447
3450	0.658442
3451	0.659432
3452	0.660508
3453	0.661487
3454	0.66247
3455	0.663408
3456	0.664151
3457	0.664592
3458	0.664854
3459	0.665127
3460	0.665376
3461	0.665538
3462	0.665616
3463	0.665807
3464	0.66609
3465	0.666188
3466	0.666069
3467	0.665753
3468	0.665492
3469	0.665481
3470	0.665336
3471	0.665015
3472	0.664527
3473	0.663953
3474	0.663321
3475	0.662577
3476	0.661829
3477	0.661068
3478	0.660376
3479	0.659635
3480	0.658973
3481	0.658356
3482	0.657786
3483	0.657048
3484	0.656225
3485	0.655301
3486	0.654391
3487	0.653478
3488	0.652464
3489	0.651366
3490	0.650129
3491	0.648831
3492	0.647659
3493	0.646562
3494	0.645432
3495	0.644356
3496	0.643399
3497	0.642521
3498	0.641596
3499	0.640666
3500	0.639894
3501	0.639184
3502	0.638567
3503	0.637995
3504	0.637418
3505	0.636774
3506	0.636183
3507	0.635493
3508	0.634904
3509	0.634545
3510	0.634146
3511	0.633784
3512	0.633314
3513	0.632846
3514	0.632304
3515	0.631856
3516	0.631686
3517	0.631603
3518	0.63168
3519	0.63191
3520	0.632273
3521	0.63258
3522	0.632887
3523	0.633391
3524	0.634134
3525	0.635001
3526	0.635889
3527	0.636639
3528	0.637544
3529	0.638648
3530	0.639623
3531	0.64054
3532	0.641554
3533	0.642784
3534	0.644103
3535	0.645632
3536	0.647294
3537	0.648773
3538	0.65037
3539	0.652082
3540	0.653805
3541	0.655184
3542	0.656324
3543	0.657286
3544	0.658441
3545	0.659522
3546	0.660609
3547	0.661568
3548	0.662388
3549	0.663112
3550	0.663697
3551	0.664231
3552	0.664653
3553	0.664878
3554	0.664981
3555	0.665087
3556	0.665267
3557	0.665481
3558	0.665597
3559	0.6658
3560	0.665948
3561	0.665963
3562	0.665937
3563	0.66595
3564	0.666024
3565	0.666211
3566	0.666403
3567	0.666478
3568	0.666528
3569	0.666717
3570	0.667003
3571	0.667237
3572	0.667549
3573	0.668012
3574	0.668648
3575	0.6693
3576	0.67031
3577	0.671463
3578	0.672339
3579	0.673291
3580	0.674302
3581	0.675191
3582	0.676024
3583	0.676773
3584	0.677291
3585	0.677604
3586	0.67769
3587	0.677526
3588	0.67711
3589	0.676417
3590	0.675589
3591	0.67496
3592	0.674491
3593	0.673949
3594	0.673316
3595	0.672607
3596	0.671894
3597	0.671218
3598	0.670346
3599	0.669466
3600	0.668713
3601	0.66806
3602	0.667428
3603	0.666785
3604	0.666083
3605	0.66545
3606	0.664829
3607	0.664192
3608	0.663575
3609	0.663027
3610	0.662599
3611	0.662202
3612	0.661778
3613	0.661401
3614	0.661163
3615	0.660963
3616	0.660752
3617	0.660449
3618	0.660097
3619	0.659666
3620	0.659174
3621	0.658729
3622	0.65834
3623	0.65787
3624	0.657419
3625	0.657165
3626	0.656889
3627	0.656408
3628	0.656041
3629	0.655795
3630	0.655667
3631	0.655552
3632	0.65547
3633	0.655502
3634	0.655671
3635	0.655729
3636	0.655863
3637	0.656059
3638	0.656341
3639	0.656436
3640	0.656429
3641	0.65632
3642	0.656119
3643	0.655866
3644	0.655517
3645	0.655094
3646	0.65454
3647	0.654043
3648	0.653608
3649	0.65335
3650	0.653417
3651	0.653434
3652	0.65338
3653	0.653274
3654	0.653102
3655	0.652907
3656	0.652655
3657	0.65218
3658	0.651736
3659	0.651242
3660	0.650879
3661	0.650598
3662	0.650314
3663	0.650128
3664	0.650031
3665	0.649938
3666	0.649802
3667	0.649538
3668	0.649179
3669	0.649045
3670	0.648816
3671	0.648461
3672	0.648072
3673	0.647733
3674	0.647356
3675	0.647082
3676	0.646871
3677	0.646711
3678	0.646539
3679	0.646431
3680	0.646236
3681	0.646016
3682	0.645737
3683	0.645664
3684	0.645723
3685	0.64586
3686	0.6459
3687	0.646047
3688	0.64668
3689	0.647335
3690	0.648014
3691	0.648648
3692	0.649282
3693	0.650096
3694	0.650909
3695	0.651806
3696	0.652763
3697	0.653852
3698	0.654802
3699	0.655641
3700	0.656854
3701	0.658159
3702	0.659237
3703	0.660285
3704	0.661587
3705	0.663096
3706	0.664827
3707	0.666403
3708	0.667578
3709	0.66868
3710	0.669866
3711	0.670983
3712	0.671977
3713	0.672826
3714	0.673557
3715	0.674114
3716	0.674555
3717	0.674885
3718	0.675162
3719	0.675057
3720	0.674645
3721	0.674121
3722	0.673576
3723	0.672933
3724	0.672256
3725	0.671536
3726	0.670787
3727	0.669959
3728	0.669091
3729	0.66821
3730	0.66734
3731	0.666482
3732	0.665636
3733	0.664813
3734	0.663894
3735	0.662943
3736	0.662095
3737	0.661306
3738	0.660398
3739	0.659552
3740	0.658673
3741	0.657783
3742	0.656876
3743	0.655987
3744	0.655091
3745	0.654191
3746	0.65333
3747	0.652581
3748	0.651906
3749	0.651362
3750	0.650903
3751	0.650363
3752	0.649795
3753	0.649083
3754	0.648373
3755	0.647587
3756	0.646832
3757	0.646069
3758	0.645222
3759	0.644359
3760	0.643376
3761	0.642229
3762	0.641045
3763	0.639879
3764	0.63883
3765	0.637827
3766	0.636871
3767	0.636003
3768	0.635321
3769	0.634559
3770	0.633669
3771	0.63278
3772	0.631883
3773	0.631154
3774	0.630585
3775	0.630139
3776	0.629638
3777	0.629116
3778	0.628744
3779	0.628244
3780	0.627927
3781	0.627669
3782	0.627216
3783	0.626774
3784	0.626322
3785	0.626173
3786	0.626163
3787	0.62628
3788	0.626607
3789	0.627038
3790	0.627306
3791	0.627383
3792	0.627461
3793	0.627518
3794	0.627783
3795	0.628346
3796	0.62895
3797	0.629398
3798	0.630061
3799	0.631002
3800	0.632223
3801	0.63319
3802	0.634204
3803	0.635343
3804	0.636772
3805	0.638337
3806	0.640049
3807	0.641804
3808	0.643557
3809	0.644985
3810	0.646673
3811	0.648382
3812	0.650238
3813	0.651991
3814	0.653863
3815	0.65613
3816	0.65853
3817	0.660628
3818	0.662397
3819	0.663902
3820	0.665429
3821	0.666897
3822	0.668436
3823	0.669901
3824	0.671192
3825	0.672177
3826	0.673251
3827	0.674241
3828	0.675233
3829	0.676213
3830	0.677183
3831	0.678252
3832	0.679015
3833	0.679669
3834	0.680376
3835	0.681024
3836	0.681901
3837	0.68256
3838	0.68335
3839	0.684287
3840	0.685306
3841	0.68631
3842	0.68737
3843	0.688528
3844	0.689604
3845	0.690459
3846	0.691219
3847	0.69203
3848	0.692622
3849	0.693221
3850	0.693532
3851	0.693625
3852	0.693544
3853	0.693312
3854	0.6929
3855	0.692366
3856	0.691951
3857	0.691391
3858	0.690872
3859	0.690338
3860	0.68975
3861	0.68905
3862	0.688295
3863	0.687542
3864	0.686733
3865	0.685957
3866	0.685162
3867	0.684351
3868	0.683561
3869	0.682671
3870	0.681708
3871	0.680728
3872	0.67978
3873	0.678724
3874	0.677592
3875	0.676407
3876	0.675203
3877	0.673932
3878	0.672562
3879	0.671127
3880	0.669734
3881	0.668456
3882	0.66721
3883	0.666027
3884	0.664882
3885	0.663778
3886	0.662776
3887	0.661762
3888	0.660745
3889	0.659781
3890	0.658749
3891	0.657599
3892	0.656303
3893	0.654955
3894	0.653644
3895	0.652431
3896	0.651321
3897	0.650108
3898	0.649005
3899	0.647873
3900	0.646754
3901	0.645676
3902	0.644719
3903	0.643806
3904	0.642973
3905	0.642196
3906	0.641357
3907	0.64051
3908	0.639685
3909	0.638785
3910	0.637891
3911	0.63708
3912	0.636293
3913	0.635536
3914	0.634734
3915	0.633891
3916	0.633147
3917	0.632524
3918	0.632075
3919	0.631729
3920	0.631407
3921	0.631059
3922	0.630695
3923	0.630356
3924	0.630145
3925	0.630166
3926	0.630202
3927	0.630081
3928	0.630012
3929	0.629854
3930	0.62982
3931	0.629654
3932	0.629658
3933	0.629758
3934	0.629836
3935	0.629875
3936	0.630135
3937	0.630642
3938	0.631431
3939	0.632171
3940	0.632873
3941	0.633813
3942	0.634788
3943	0.63585
3944	0.636869
3945	0.637811
3946	0.638796
3947	0.639799
3948	0.640431
3949	0.64085
3950	0.641537
3951	0.642403
3952	0.643745
3953	0.645168
3954	0.646354
3955	0.647614
3956	0.648829
3957	0.650225
3958	0.65162
3959	0.652855
3960	0.654082
3961	0.655244
3962	0.656774
3963	0.658454
3964	0.660114
3965	0.661817
3966	0.663539
3967	0.665178
3968	0.66641
3969	0.667538
3970	0.668673
3971	0.669764
3972	0.670691
3973	0.671471
3974	0.67215
3975	0.672537
3976	0.672684
3977	0.672861
3978	0.673074
3979	0.673296
3980	0.673284
3981	0.673289
3982	0.673342
3983	0.673285
3984	0.673148
3985	0.673074
3986	0.673023
3987	0.672779
3988	0.672367
3989	0.671848
3990	0.671277
3991	0.670697
3992	0.669974
3993	0.669263
3994	0.668566
3995	0.667989
3996	0.667218
3997	0.666318
3998	0.665309
3999	0.664157
4000	0.662908
4001	0.661586
4002	0.660193
4003	0.658697
4004	0.657281
4005	0.656014
4006	0.654776
4007	0.653493
4008	0.652196
4009	0.650841
4010	0.649529
4011	0.648255
4012	0.647092
4013	0.646004
4014	0.644904
4015	0.644046
4016	0.643224
4017	0.642535
4018	0.641918
4019	0.641285
4020	0.640657
4021	0.64
4022	0.639281
4023	0.638778
4024	0.638183
4025	0.637843
4026	0.637544
4027	0.637358
4028	0.637306
4029	0.637277
4030	0.637304
4031	0.637472
4032	0.63768
4033	0.637867
4034	0.638093
4035	0.638434
4036	0.638766
4037	0.639122
4038	0.639407
4039	0.63988
4040	0.640368
4041	0.64071
4042	0.641027
4043	0.641354
4044	0.641742
4045	0.642127
4046	0.642611
4047	0.64307
4048	0.643507
4049	0.644154
4050	0.645095
4051	0.646215
4052	0.647417
4053	0.648604
4054	0.650002
4055	0.651284
4056	0.652658
4057	0.654217
4058	0.655702
4059	0.657113
4060	0.65865
4061	0.660143
4062	0.661645
4063	0.663377
4064	0.665194
4065	0.666798
4066	0.668504
4067	0.670313
4068	0.671992
4069	0.673472
4070	0.674842
4071	0.676223
4072	0.677343
4073	0.678258
4074	0.679189
4075	0.680185
4076	0.6814
4077	0.682535
4078	0.683677
4079	0.684756
4080	0.685654
4081	0.686441
4082	0.687008
4083	0.687452
4084	0.687645
4085	0.68759
4086	0.68727
4087	0.686881
4088	0.686669
4089	0.686376
4090	0.685987
4091	0.68559
4092	0.685204
4093	0.684605
4094	0.683944
4095	0.683302
4096	0.682679
4097	0.68204
4098	0.681575
4099	0.68107
4100	0.680516
4101	0.679846
4102	0.67897
4103	0.678127
4104	0.677284
4105	0.676394
4106	0.675391
4107	0.674466
4108	0.673606
4109	0.672717
4110	0.671817
4111	0.670847
4112	0.669915
4113	0.668978
4114	0.667951
4115	0.666851
4116	0.665775
4117	0.664589
4118	0.663398
4119	0.662175
4120	0.660865
4121	0.659495
4122	0.658119
4123	0.656951
4124	0.655933
4125	0.654909
4126	0.653845
4127	0.652726
4128	0.651651
4129	0.650573
4130	0.64959
4131	0.648738
4132	0.647886
4133	0.646991
4134	0.646272
4135	0.645628
4136	0.645008
4137	0.644591
4138	0.644258
4139	0.644005
4140	0.643752
4141	0.643598
4142	0.643447
4143	0.643233
4144	0.643082
4145	0.643102
4146	0.643275
4147	0.643822
4148	0.644471
4149	0.645203
4150	0.645897
4151	0.64652
4152	0.647197
4153	0.647924
4154	0.648547
4155	0.649058
4156	0.649854
4157	0.650591
4158	0.651187
4159	0.651663
4160	0.652095
4161	0.65257
4162	0.65311
4163	0.653667
4164	0.654209
4165	0.654778
4166	0.65545
4167	0.656237
4168	0.656943
4169	0.657777
4170	0.658785
4171	0.660036
4172	0.661446
4173	0.662597
4174	0.663811
4175	0.664641
4176	0.665354
4177	0.665936
4178	0.66641
4179	0.666833
4180	0.667298
4181	0.667621
4182	0.667918
4183	0.668264
4184	0.668539
4185	0.668695
4186	0.668773
4187	0.668681
4188	0.668379
4189	0.668049
4190	0.667895
4191	0.667907
4192	0.668186
4193	0.668305
4194	0.668217
4195	0.667953
4196	0.667558
4197	0.667077
4198	0.666566
4199	0.666021
4200	0.665258
4201	0.664351
4202	0.66333
4203	0.66229
4204	0.661308
4205	0.660326
4206	0.65921
4207	0.658085
4208	0.656988
4209	0.656003
4210	0.65504
4211	0.654133
4212	0.653197
4213	0.65253
4214	0.651811
4215	0.65109
4216	0.650387
4217	0.649606
4218	0.648824
4219	0.647966
4220	0.64708
4221	0.646143
4222	0.645272
4223	0.644423
4224	0.643779
4225	0.643285
4226	0.642653
4227	0.641928
4228	0.641187
4229	0.64046
4230	0.639765
4231	0.639005
4232	0.638327
4233	0.637616
4234	0.636957
4235	0.636325
4236	0.635619
4237	0.635008
4238	0.63439
4239	0.633725
4240	0.633136
4241	0.632802
4242	0.632574
4243	0.632455
4244	0.632268
4245	0.632188
4246	0.632243
4247	0.632562
4248	0.633086
4249	0.633754
4250	0.634721
4251	0.635915
4252	0.637261
4253	0.638653
4254	0.640043
4255	0.641538
4256	0.643042
4257	0.644536
4258	0.645765
4259	0.646985
4260	0.648263
4261	0.649708
4262	0.651281
4263	0.652898
4264	0.654796
4265	0.65685
4266	0.658737
4267	0.660541
4268	0.66207
4269	0.663369
4270	0.664501
4271	0.665951
4272	0.667501
4273	0.669319
4274	0.670935
4275	0.672724
4276	0.674225
4277	0.675519
4278	0.676628
4279	0.677683
4280	0.678717
4281	0.679576
4282	0.680317
4283	0.680792
4284	0.680968
4285	0.68091
4286	0.680747
4287	0.680563
4288	0.680333
4289	0.679918
4290	0.679484
4291	0.678951
4292	0.678231
4293	0.677363
4294	0.676523
4295	0.675694
4296	0.674863
4297	0.674008
4298	0.673147
4299	0.672252
4300	0.671466
4301	0.670693
4302	0.669868
4303	0.669059
4304	0.668096
4305	0.667153
4306	0.666291
4307	0.665416
4308	0.664486
4309	0.663604
4310	0.662676
4311	0.661812
4312	0.660888
4313	0.659865
4314	0.658709
4315	0.657445
4316	0.656187
4317	0.654976
4318	0.653825
4319	0.65286
4320	0.651975
4321	0.65113
4322	0.650407
4323	0.649571
4324	0.648656
4325	0.647727
4326	0.64685
4327	0.646077
4328	0.645287
4329	0.644506
4330	0.64369
4331	0.642927
4332	0.642324
4333	0.641701
4334	0.641095
4335	0.640516
4336	0.639964
4337	0.639533
4338	0.639144
4339	0.638838
4340	0.638547
4341	0.638583
4342	0.638935
4343	0.639161
4344	0.639241
4345	0.639283
4346	0.639481
4347	0.639767
4348	0.640218
4349	0.640691
4350	0.641318
4351	0.641762
4352	0.642258
4353	0.642783
4354	0.643224
4355	0.643455
4356	0.643739
4357	0.643818
4358	0.643537
4359	0.643089
4360	0.642461
4361	0.641946
4362	0.641546
4363	0.641179
4364	0.640954
4365	0.640844
4366	0.640723
4367	0.640604
4368	0.640587
4369	0.640588
4370	0.640829
4371	0.641139
4372	0.641498
4373	0.642068
4374	0.642663
4375	0.643202
4376	0.643541
4377	0.643718
4378	0.643789
4379	0.644003
4380	0.644247
4381	0.644512
4382	0.644815
4383	0.645055
4384	0.645226
4385	0.645381
4386	0.645604
4387	0.645937
4388	0.646273
4389	0.646705
4390	0.647374
4391	0.648135
4392	0.649152
4393	0.650077
4394	0.651128
4395	0.652293
4396	0.653451
4397	0.654551
4398	0.655652
4399	0.656924
4400	0.658101
4401	0.659254
4402	0.660193
4403	0.661116
4404	0.661989
4405	0.662965
4406	0.664096
4407	0.665356
4408	0.666516
4409	0.667508
4410	0.668426
4411	0.669344
4412	0.67019
4413	0.671192
4414	0.67196
4415	0.672549
4416	0.67321
4417	0.673932
4418	0.674533
4419	0.675077
4420	0.675649
4421	0.676256
4422	0.676802
4423	0.677386
4424	0.678111
4425	0.6786
4426	0.678875
4427	0.679026
4428	0.679154
4429	0.679279
4430	0.679427
4431	0.679614
4432	0.679664
4433	0.679863
4434	0.679851
4435	0.679743
4436	0.679505
4437	0.679212
4438	0.678948
4439	0.678708
4440	0.678436
4441	0.678179
4442	0.677889
4443	0.677617
4444	0.677272
4445	0.676706
4446	0.676121
4447	0.675782
4448	0.675413
4449	0.674927
4450	0.674222
4451	0.673352
4452	0.672417
4453	0.671407
4454	0.670422
4455	0.669454
4456	0.66848
4457	0.667419
4458	0.666229
4459	0.664927
4460	0.66353
4461	0.66207
4462	0.660538
4463	0.658948
4464	0.657399
4465	0.65581
4466	0.654222
4467	0.652596
4468	0.65096
4469	0.649387
4470	0.647849
4471	0.646348
4472	0.644857
4473	0.643433
4474	0.642092
4475	0.640774
4476	0.639528
4477	0.638285
4478	0.637246
4479	0.636367
4480	0.63547
4481	0.634587
4482	0.633714
4483	0.632934
4484	0.632254
4485	0.631619
4486	0.630883
4487	0.630113
4488	0.629302
4489	0.628539
4490	0.627738
4491	0.626899
4492	0.626117
4493	0.62541
4494	0.624643
4495	0.624018
4496	0.623416
4497	0.622835
4498	0.622384
4499	0.622295
4500	0.622444
4501	0.622683
4502	0.622935
4503	0.623167
4504	0.6235
4505	0.623938
4506	0.624363
4507	0.624829
4508	0.625373
4509	0.625723
4510	0.626022
4511	0.626321
4512	0.62665
4513	0.626913
4514	0.627219
4515	0.627679
4516	0.628442
4517	0.629425
4518	0.630717
4519	0.632335
4520	0.634131
4521	0.636482
4522	0.63891
4523	0.641375
4524	0.643684
4525	0.646156
4526	0.648667
4527	0.651215
4528	0.653809
4529	0.656248
4530	0.658163
4531	0.659993
4532	0.66178
4533	0.66345
4534	0.664869
4535	0.666152
4536	0.66736
4537	0.668431
4538	0.669448
4539	0.670385
4540	0.671226
4541	0.671877
4542	0.672443
4543	0.672954
4544	0.673341
4545	0.67368
4546	0.673821
4547	0.673973
4548	0.673915
4549	0.674017
4550	0.674138
4551	0.674169
4552	0.674114
4553	0.674024
4554	0.673949
4555	0.673794
4556	0.673533
4557	0.673305
4558	0.672967
4559	0.672533
4560	0.672097
4561	0.671569
4562	0.671069
4563	0.670658
4564	0.670091
4565	0.669455
4566	0.668646
4567	0.667782
4568	0.666941
4569	0.666108
4570	0.665205
4571	0.664437
4572	0.66373
4573	0.66318
4574	0.662582
4575	0.661848
4576	0.661108
4577	0.660302
4578	0.659451
4579	0.658571
4580	0.657577
4581	0.656596
4582	0.655628
4583	0.654685
4584	0.653673
4585	0.652561
4586	0.651379
4587	0.650188
4588	0.649047
4589	0.647909
4590	0.646747
4591	0.645698
4592	0.644726
4593	0.64374
4594	0.642762
4595	0.641845
4596	0.640954
4597	0.640093
4598	0.639349
4599	0.638672
4600	0.637925
4601	0.63733
4602	0.636805
4603	0.636268
4604	0.635661
4605	0.635025
4606	0.634254
4607	0.63347
4608	0.632835
4609	0.63226
4610	0.631702
4611	0.631194
4612	0.631059
4613	0.631089
4614	0.631231
4615	0.631593
4616	0.631953
4617	0.632356
4618	0.632631
4619	0.632876
4620	0.633293
4621	0.634037
4622	0.634885
4623	0.636064
4624	0.637516
4625	0.638911
4626	0.640285
4627	0.641644
4628	0.643063
4629	0.644345
4630	0.645853
4631	0.647328
4632	0.648618
4633	0.649701
4634	0.650514
4635	0.651304
4636	0.651842
4637	0.651973
4638	0.652127
4639	0.652345
4640	0.652657
4641	0.65298
4642	0.653534
4643	0.654224
4644	0.655114
4645	0.656073
4646	0.657254
4647	0.658272
4648	0.659371
4649	0.660326
4650	0.661392
4651	0.662293
4652	0.663034
4653	0.663765
4654	0.664422
4655	0.665064
4656	0.665702
4657	0.666276
4658	0.666856
4659	0.667214
4660	0.667834
4661	0.66846
4662	0.669025
4663	0.669426
4664	0.66979
4665	0.67013
4666	0.670629
4667	0.67107
4668	0.671627
4669	0.672059
4670	0.672331
4671	0.672482
4672	0.672599
4673	0.672944
4674	0.67324
4675	0.673619
4676	0.674182
4677	0.674673
4678	0.675125
4679	0.675508
4680	0.676394
4681	0.677225
4682	0.678072
4683	0.678848
4684	0.679741
4685	0.680856
4686	0.682011
4687	0.683033
4688	0.683955
4689	0.684798
4690	0.685504
4691	0.685962
4692	0.686359
4693	0.686747
4694	0.687029
4695	0.687201
4696	0.687189
4697	0.686905
4698	0.686467
4699	0.685928
4700	0.685504
4701	0.684995
4702	0.684379
4703	0.683638
4704	0.682828
4705	0.681902
4706	0.680951
4707	0.679992
4708	0.679106
4709	0.678175
4710	0.677161
4711	0.676014
4712	0.674945
4713	0.673842
4714	0.672799
4715	0.671716
4716	0.670622
4717	0.669504
4718	0.668378
4719	0.667289
4720	0.666066
4721	0.664783
4722	0.66363
4723	0.662473
4724	0.661343
4725	0.660158
4726	0.659047
4727	0.65793
4728	0.656782
4729	0.655653
4730	0.654657
4731	0.653753
4732	0.652879
4733	0.65201
4734	0.6512
4735	0.650619
4736	0.650003
4737	0.649483
4738	0.649005
4739	0.648509
4740	0.647911
4741	0.647148
4742	0.646416
4743	0.645553
4744	0.644745
4745	0.643972
4746	0.643089
4747	0.642257
4748	0.641444
4749	0.640571
4750	0.639793
4751	0.638942
4752	0.638053
4753	0.637367
4754	0.636751
4755	0.6361
4756	0.635317
4757	0.634494
4758	0.633648
4759	0.632815
4760	0.632289
4761	0.631764
4762	0.631154
4763	0.630625
4764	0.63019
4765	0.629937
4766	0.629771
4767	0.629513
4768	0.629214
4769	0.628852
4770	0.628523
4771	0.628141
4772	0.627867
4773	0.627571
4774	0.627201
4775	0.626764
4776	0.62629
4777	0.625844
4778	0.625455
4779	0.6251
4780	0.624692
4781	0.62426
4782	0.623911
4783	0.62369
4784	0.623371
4785	0.623149
4786	0.623059
4787	0.623029
4788	0.623032
4789	0.62313
4790	0.623337
4791	0.623613
4792	0.624068
4793	0.624433
4794	0.624771
4795	0.625209
4796	0.625973
4797	0.626916
4798	0.628055
4799	0.629289
4800	0.630504
4801	0.631826
4802	0.633163
4803	0.634369
4804	0.635463
4805	0.636389
4806	0.637298
4807	0.638525
4808	0.640034
4809	0.641531
4810	0.643147
4811	0.644792
4812	0.646211
4813	0.647698
4814	0.64929
4815	0.651013
4816	0.652571
4817	0.654315
4818	0.656001
4819	0.657426
4820	0.658705
4821	0.660034
4822	0.66138
4823	0.662788
4824	0.663869
4825	0.665003
4826	0.666154
4827	0.667179
4828	0.667916
4829	0.668338
4830	0.668584
4831	0.668621
4832	0.668509
4833	0.668506
4834	0.66839
4835	0.668091
4836	0.667658
4837	0.667204
4838	0.666689
4839	0.666058
4840	0.665387
4841	0.664713
4842	0.66393
4843	0.663126
4844	0.662338
4845	0.661676
4846	0.661097
4847	0.660383
4848	0.65956
4849	0.658727
4850	0.657842
4851	0.65703
4852	0.65622
4853	0.65545
4854	0.654827
4855	0.654403
4856	0.654262
4857	0.654076
4858	0.653824
4859	0.653612
4860	0.653388
4861	0.65315
4862	0.652851
4863	0.652469
4864	0.652091
4865	0.651734
4866	0.651373
4867	0.651058
4868	0.65065
4869	0.650161
4870	0.649673
4871	0.649383
4872	0.649311
4873	0.649254
4874	0.649234
4875	0.649237
4876	0.649189
4877	0.648952
4878	0.648781
4879	0.648791
4880	0.648987
4881	0.649188
4882	0.649387
4883	0.649815
4884	0.650243
4885	0.650612
4886	0.651131
4887	0.651671
4888	0.652264
4889	0.652816
4890	0.653584
4891	0.654507
4892	0.655416
4893	0.656301
4894	0.657253
4895	0.657958
4896	0.658599
4897	0.659149
4898	0.659783
4899	0.660579
4900	0.661278
4901	0.662022
4902	0.662651
4903	0.663098
4904	0.663342
4905	0.663381
4906	0.663185
4907	0.663016
4908	0.663003
4909	0.663095
4910	0.663236
4911	0.663275
4912	0.663249
4913	0.663282
4914	0.663474
4915	0.663648
4916	0.663744
4917	0.663683
4918	0.663541
4919	0.663399
4920	0.663146
4921	0.662852
4922	0.66249
4923	0.662106
4924	0.661736
4925	0.661396
4926	0.661111
4927	0.660744
4928	0.660415
4929	0.660236
4930	0.660169
4931	0.660289
4932	0.660338
4933	0.660189
4934	0.65995
4935	0.659625
4936	0.659399
4937	0.659175
4938	0.659007
4939	0.65898
4940	0.658954
4941	0.659066
4942	0.659218
4943	0.659279
4944	0.659187
4945	0.659101
4946	0.658914
4947	0.658778
4948	0.658604
4949	0.658379
4950	0.657995
4951	0.657427
4952	0.656845
4953	0.656314
4954	0.655816
4955	0.655353
4956	0.654836
4957	0.654324
4958	0.65384
4959	0.653323
4960	0.652955
4961	0.652667
4962	0.652577
4963	0.652318
4964	0.651897
4965	0.651362
4966	0.65076
4967	0.650269
4968	0.64999
4969	0.64969
4970	0.649234
4971	0.648675
4972	0.648183
4973	0.647706
4974	0.647138
4975	0.646491
4976	0.645824
4977	0.645144
4978	0.644464
4979	0.64378
4980	0.643082
4981	0.642498
4982	0.642036
4983	0.641546
4984	0.641051
4985	0.640691
4986	0.64037
4987	0.640148
4988	0.639956
4989	0.639798
4990	0.639572
4991	0.639336
4992	0.639059
4993	0.638808
4994	0.638559
4995	0.638234
4996	0.637986
4997	0.637779
4998	0.637613
4999	0.637571
5000	0.637606
