0.99	0.01
0.980472	0.0163965
0.963983	0.0276852
0.942291	0.0408604
0.912577	0.0590532
0.838254	0.112899
0.743168	0.171668
0.628947	0.233333
0.521379	0.276159
0.410675	0.313737
0.351348	0.298421
0.265851	0.308827
0.212796	0.289518
0.176038	0.260433
0.151209	0.227287
0.130137	0.198073
0.118814	0.167272
0.107736	0.143544
0.101332	0.12092
0.0974814	0.101026
0.0949266	0.0845026
0.0926032	0.071556
0.0918973	0.0600012
0.0929911	0.0495309
0.0944636	0.0411075
0.0958493	0.0346402
0.0977785	0.0291326
0.100098	0.0245275
0.103289	0.0201306
0.106591	0.016637
0.109787	0.0139912
0.113195	0.0117558
0.116699	0.00991777
0.120148	0.00853729
0.12379	0.00727792
0.12763	0.00611444
0.131367	0.00527862
0.135203	0.00452527
0.139031	0.00393944
0.142882	0.00343925
0.146815	0.00296944
0.150752	0.0025799
0.154689	0.00226655
0.158712	0.00192947
0.16272	0.00166089
0.166676	0.00148172
0.17065	0.00130928
0.174598	0.00118281
0.178589	0.00102639
0.182576	0.000891074
0.186548	0.000784138
0.190507	0.000693688
0.19445	0.000619584
0.198383	0.000554985
0.202317	0.000486753
0.206204	0.000457879
0.210082	0.0004263
0.213938	0.000404613
0.217794	0.00037133
0.221625	0.00035013
0.22546	0.00031367
0.229278	0.000282167
0.233068	0.000266799
0.23684	0.000252428
0.240601	0.000236031
0.244352	0.000215322
0.248077	0.000205151
0.251785	0.000196269
0.255486	0.00018035
0.259173	0.000162999
0.262829	0.000160415
0.26648	0.000147692
0.270114	0.000135483
0.273733	0.000123817
0.277331	0.000116826
0.280917	0.00010746
0.284482	0.000101842
0.288031	9.62698e-05
0.291563	9.14472e-05
0.295081	8.48988e-05
0.298582	7.90498e-05
0.302067	7.31484e-05
0.305532	7.03266e-05
0.308979	6.95306e-05
0.312413	6.55842e-05
0.315824	6.67895e-05
0.319223	6.37017e-05
0.322602	6.3374e-05
0.32597	5.83717e-05
0.329315	5.98498e-05
0.332639	6.49149e-05
0.335952	6.43331e-05
0.33925	6.25138e-05
0.342524	6.67861e-05
0.34579	6.42868e-05
0.34903	6.99923e-05
0.352262	6.75393e-05
0.355473	7.01621e-05
0.358667	7.22023e-05
0.361847	7.30799e-05
0.365006	7.70092e-05
0.368148	8.23853e-05
0.371277	8.34149e-05
0.374394	8.11799e-05
0.377496	7.92615e-05
0.380578	8.18034e-05
0.383647	8.14662e-05
0.386702	8.03199e-05
0.389737	8.32041e-05
0.392745	9.55126e-05
0.395742	0.000103106
0.398721	0.000110855
0.401681	0.000120673
0.404635	0.000120164
0.407578	0.000116122
0.410499	0.000119102
0.4134	0.000126731
0.416286	0.000133583
0.419154	0.000141793
0.422002	0.000152052
0.424838	0.000158885
0.42767	0.000156296
0.430471	0.00016866
0.433233	0.000198766
0.436004	0.000204227
0.438733	0.000231849
0.441469	0.000237313
0.444168	0.000260165
0.446836	0.000294615
0.449479	0.000331651
0.452129	0.000344848
0.454769	0.000348117
0.457379	0.000368592
0.459951	0.000406625
0.462503	0.000441964
0.46505	0.000464541
0.467556	0.000500876
0.469991	0.000580648
0.472397	0.000659107
0.474799	0.000712995
0.477218	0.00073153
0.479623	0.000745892
0.481925	0.000839179
0.484108	0.00100362
0.486153	0.00124463
0.488205	0.0014138
0.490366	0.00144124
0.492152	0.0017972
0.493847	0.00212934
0.495214	0.00265087
0.496658	0.00302018
0.497864	0.00352453
0.498725	0.00418613
0.499249	0.00497253
0.499702	0.00565718
0.499814	0.00645331
0.499281	0.00773886
0.498911	0.00850815
0.4964	0.0111361
0.494389	0.0126764
0.490514	0.0155421
0.486452	0.0179859
0.482115	0.0199782
0.478099	0.021308
0.471086	0.0250962
0.464261	0.0278676
0.456106	0.0312345
0.443404	0.0380566
0.431922	0.0422844
0.420098	0.0458352
0.408536	0.0482325
0.390189	0.0560223
0.380185	0.0551809
0.371019	0.053544
0.360569	0.0532795
0.346844	0.056036
0.337285	0.0548205
0.32583	0.0552889
0.314232	0.0561462
0.298707	0.0603162
0.288922	0.0583811
0.280347	0.0558996
0.271497	0.0540755
0.264642	0.0512015
0.260889	0.0462724
0.257444	0.0421367
0.254308	0.0387267
0.249681	0.0373065
0.245964	0.035445
0.245003	0.031611
0.243007	0.0295217
0.242153	0.0268562
0.241638	0.0245836
0.240834	0.0231335
0.240887	0.0211569
0.242263	0.0185134
0.242057	0.0178529
0.243333	0.0161239
0.244376	0.0148804
0.245886	0.0135258
0.246922	0.0128595
0.248673	0.0117236
0.249344	0.0117878
0.250116	0.011753
0.252274	0.0105273
0.25427	0.00966873
0.256325	0.00896356
0.258328	0.00847806
0.260453	0.00794503
0.262792	0.00733689
0.265024	0.00693326
0.267215	0.00668337
0.269651	0.0062445
0.272008	0.0059819
0.274486	0.00569305
0.276865	0.00549674
0.279345	0.00525216
0.28211	0.00479802
0.284893	0.00441182
0.287548	0.00423947
0.290346	0.00395249
0.293135	0.00371441
0.295774	0.00367866
0.298198	0.00382149
0.300786	0.00378963
0.303763	0.00337726
0.306209	0.00352183
0.309138	0.00320224
0.311976	0.0030275
0.314702	0.00297613
0.317567	0.00279918
0.320372	0.00270135
0.323081	0.0026918
0.325758	0.00271314
0.327971	0.00313137
0.33056	0.00309097
0.333239	0.00297869
0.335889	0.00290209
0.338374	0.00298145
0.34105	0.00285194
0.343329	0.00311663
0.345797	0.00312001
0.348192	0.00318756
0.35077	0.00304115
0.353134	0.00313064
0.355678	0.00303301
0.357828	0.00329671
0.36006	0.00341118
0.362444	0.00333616
0.364823	0.00328176
0.366784	0.0036361
0.368839	0.00380071
0.370442	0.00432207
0.372341	0.00446656
0.374394	0.0044397
0.376263	0.00456123
0.377815	0.00490374
0.380067	0.00454562
0.382222	0.00435687
0.384197	0.00435391
0.386174	0.00433286
0.388275	0.00422369
0.390398	0.00408492
0.392017	0.00441792
0.393748	0.00453272
0.395569	0.00457682
0.396926	0.00503835
0.398439	0.00523128
0.400225	0.00513695
0.401273	0.00572621
0.401836	0.00658394
0.402964	0.00675543
0.403793	0.00717002
0.404342	0.00768979
0.404331	0.00857445
0.403555	0.00997378
0.403616	0.0103382
0.403942	0.010335
0.403881	0.010663
0.40404	0.0108012
0.404001	0.0110468
0.403722	0.0114106
0.402088	0.0129458
0.401635	0.0130225
0.401229	0.0130814
0.399509	0.0143398
0.398792	0.0144079
0.398188	0.0143475
0.396873	0.0149439
0.396414	0.014602
0.395075	0.015184
0.392354	0.0167869
0.390574	0.0172664
0.387797	0.0185414
0.385321	0.0191578
0.384415	0.0183672
0.383083	0.0180801
0.38126	0.0183613
0.378929	0.0191648
0.376674	0.0195773
0.371651	0.022479
0.367569	0.0238172
0.366559	0.0222029
0.360285	0.0256837
0.357337	0.0253832
0.353169	0.0261497
0.348901	0.0269264
0.343412	0.0287232
0.338168	0.0298892
0.330745	0.0325564
0.326876	0.0314731
0.321064	0.0325659
0.31568	0.0330097
0.310736	0.0328717
0.307186	0.0315844
0.302617	0.0314539
0.295878	0.033398
0.291535	0.0328402
0.28611	0.0333542
0.282584	0.0321038
0.278563	0.0315445
0.27422	0.0315225
0.272164	0.0295423
0.270205	0.0278612
0.268207	0.0266563
0.266999	0.0248764
0.264631	0.0245461
0.264128	0.0227096
0.26335	0.0216318
0.263007	0.0203695
0.263521	0.0185947
0.26347	0.0176633
0.263071	0.0173071
0.26201	0.0175488
0.262688	0.0162654
0.263176	0.015386
0.264274	0.0141729
0.265066	0.0135332
0.265883	0.0130339
0.266258	0.0129873
0.267597	0.0120964
0.268718	0.0116367
0.270344	0.0108071
0.272133	0.0100401
0.273831	0.00949556
0.275737	0.00885704
0.277318	0.00865174
0.279085	0.00833193
0.281415	0.00759252
0.28338	0.00730504
0.28542	0.00699202
0.287272	0.00694333
0.289275	0.00671462
0.291166	0.00663482
0.293517	0.00619902
0.295433	0.00623298
0.297433	0.00619211
0.299342	0.00618688
0.301402	0.00604576
0.3036	0.00582528
0.305927	0.00552142
0.308286	0.00525342
0.310364	0.00530521
0.312474	0.00528168
0.314453	0.00537309
0.316456	0.00541839
0.3183	0.0055954
0.320452	0.00542917
0.322608	0.0053114
0.324865	0.00511698
0.327125	0.00494565
0.329017	0.00511725
0.331028	0.00512111
0.332997	0.0051722
0.334303	0.00582636
0.336315	0.00565349
0.337801	0.0059699
0.340027	0.00555522
0.342066	0.00541955
0.344077	0.00530716
0.3458	0.00548842
0.347746	0.00541412
0.349348	0.00566496
0.350158	0.00657373
0.351328	0.00694196
0.351555	0.00805536
0.353359	0.00751137
0.354473	0.00772263
0.355049	0.00828633
0.355413	0.00896143
0.355563	0.00964488
0.355534	0.0103463
0.356447	0.0100656
0.356036	0.0109853
0.355763	0.0115684
0.356377	0.0113091
0.356226	0.011809
0.356112	0.012126
0.355349	0.012889
0.354534	0.0135217
0.352849	0.014828
0.35262	0.0145287
0.351301	0.0152634
0.350248	0.015583
0.348891	0.0161478
0.347326	0.0168533
0.347867	0.0154597
0.347977	0.0147717
0.346564	0.0155927
0.345307	0.0160464
0.343557	0.0168005
0.342594	0.0167721
0.340053	0.0181901
0.339886	0.0171133
0.339634	0.0164609
0.338172	0.0169777
0.336925	0.017207
0.336546	0.0166175
0.333847	0.0182265
0.330964	0.0196705
0.327997	0.0208944
0.326515	0.0206051
0.324459	0.0207787
0.323491	0.0199523
0.321962	0.0197531
0.319486	0.0205237
0.318181	0.0200438
0.315207	0.0212423
0.314021	0.0205258
0.313505	0.0193257
0.312496	0.0189015
0.311972	0.0181968
0.311931	0.0171663
0.311984	0.016354
0.309609	0.017809
0.308644	0.0177884
0.30897	0.0165146
0.30921	0.015599
0.309177	0.0151534
0.308114	0.0157394
0.308302	0.0150594
0.307083	0.0157933
0.306634	0.0156373
0.304573	0.0170055
0.304494	0.0162282
0.303614	0.0163853
0.303022	0.016295
0.30204	0.0165588
0.302519	0.0155056
0.301997	0.0156329
0.302309	0.0149063
0.301765	0.0150918
0.302076	0.014448
0.303374	0.0131281
0.303706	0.0129395
0.304852	0.0120608
0.305535	0.011882
0.306941	0.0110522
0.307779	0.0108498
0.30784	0.0113402
0.309118	0.0106957
0.310625	0.00993623
0.312043	0.00945254
0.312713	0.00976111
0.312346	0.0108778
0.312716	0.0111503
0.314307	0.0102881
0.31475	0.0106546
0.316009	0.0101705
0.316724	0.0102856
0.317848	0.00998553
0.318857	0.00986087
0.319617	0.00993023
0.320069	0.0102844
0.321202	0.00995815
0.322311	0.00970751
0.32307	0.00985619
0.32405	0.00977326
0.324956	0.00975441
0.326321	0.00934243
0.326763	0.00986573
0.326777	0.0105227
0.327801	0.0102402
0.329205	0.00962533
0.329993	0.00971216
0.330921	0.00966863
0.331807	0.00970206
0.332038	0.0102851
0.333212	0.00988025
0.333838	0.0100801
0.334936	0.00974401
0.335895	0.00963106
0.337292	0.00917078
0.338378	0.00909588
0.33881	0.00959921
0.339635	0.00962257
0.34055	0.00956488
0.341139	0.00977009
0.341058	0.0105542
0.34081	0.011329
0.341825	0.0107626
0.342354	0.0107274
0.343118	0.0105212
0.343221	0.0109707
0.343436	0.0111443
0.34418	0.0108564
0.345011	0.0105943
0.345861	0.0103414
0.346469	0.0103773
0.347035	0.0104073
0.348068	0.0100334
0.348845	0.00994485
0.349646	0.00988239
0.348926	0.0111774
0.349671	0.0108685
0.349859	0.0111343
0.350336	0.0111196
0.349735	0.0119734
0.348982	0.0128135
0.348381	0.0133788
0.348474	0.013154
0.347309	0.0140695
0.347328	0.0137817
0.347069	0.0137955
0.345762	0.014743
0.344996	0.0149349
0.343943	0.015346
0.343422	0.0152573
0.342832	0.0152268
0.342078	0.0153769
0.341828	0.0150103
0.342181	0.0142003
0.341267	0.0146691
0.339956	0.015491
0.339289	0.0154646
0.339071	0.0150467
0.338757	0.0149009
0.338268	0.0149442
0.337347	0.0153572
0.336888	0.0152293
0.336969	0.014674
0.336188	0.0150074
0.336207	0.0145234
0.334722	0.0154542
0.334804	0.0148126
0.33447	0.0146577
0.334368	0.0143986
0.333622	0.0147326
0.332229	0.0155949
0.331651	0.01553
0.329929	0.0164923
0.329508	0.0161283
0.32927	0.0156648
0.328915	0.0154167
0.328968	0.014932
0.32759	0.015793
0.325184	0.0173344
0.324695	0.0168633
0.323303	0.0172235
0.320968	0.0183719
0.320654	0.0174451
0.321385	0.0159123
0.320201	0.0163411
0.319423	0.0162857
0.319209	0.0158286
0.318809	0.0156512
0.317287	0.0165288
0.315821	0.0171306
0.314882	0.0171811
0.313939	0.0171688
0.314358	0.0160004
0.315052	0.0148022
0.314238	0.0152869
0.313951	0.0151128
0.313476	0.0151863
0.31428	0.0140715
0.314579	0.0136521
0.315456	0.0128107
0.315999	0.0124635
0.316418	0.0123794
0.316895	0.0121823
0.317777	0.0116382
0.317954	0.0117965
0.318304	0.0119024
0.319142	0.0114479
0.318881	0.0121061
0.319297	0.011999
0.319239	0.0123384
0.318984	0.0127187
0.319607	0.0122827
0.318833	0.0132256
0.317775	0.0141246
0.317921	0.0138143
0.318455	0.0131971
0.319224	0.0125555
0.319765	0.0122839
0.320108	0.0122297
0.320742	0.0119694
0.321525	0.0115815
0.322459	0.0111603
0.323792	0.0104234
0.323808	0.0110479
0.324331	0.0111577
0.324595	0.0113742
0.325167	0.0112667
0.326258	0.0107639
0.327387	0.0103004
0.328372	0.0101317
0.329147	0.0101459
0.331053	0.00914171
0.331633	0.00954045
0.332608	0.00946057
0.332591	0.0103089
0.331998	0.0114795
0.331724	0.0121347
0.332507	0.0116577
0.332119	0.0123136
0.332162	0.0125178
0.332554	0.0123323
0.332304	0.0126787
0.332875	0.0122933
0.332521	0.0127953
0.333183	0.0122702
0.332832	0.0127789
0.333436	0.0123191
0.333895	0.0120293
0.33411	0.0120789
0.334198	0.012226
0.334641	0.0120599
0.33483	0.0121085
0.335145	0.0120109
0.335433	0.0120032
0.335472	0.0122552
0.335187	0.012681
0.335842	0.0121983
0.336452	0.0118607
0.336279	0.0121936
0.336408	0.0122751
0.336832	0.0120352
0.336574	0.0124924
0.337136	0.0121784
0.337801	0.0117497
0.337255	0.0125495
0.337298	0.0125936
0.337299	0.0126974
0.337441	0.0125675
0.337965	0.0121713
0.337304	0.0129037
0.337363	0.0128464
0.338083	0.0122554
0.338478	0.012089
0.339556	0.0113471
0.339573	0.0116028
0.340056	0.0114709
0.339816	0.0120023
0.339981	0.0121196
0.339969	0.0123632
0.33874	0.0135506
0.339245	0.0129584
0.339782	0.0124649
0.339385	0.0129574
0.339881	0.0125267
0.340409	0.0121723
0.341314	0.0115641
0.341893	0.0113264
0.342905	0.0107916
0.342603	0.0115175
0.341948	0.0123915
0.342362	0.0121416
0.342397	0.0123055
0.343142	0.0117614
0.34312	0.0119927
0.34367	0.0117295
0.343284	0.0122882
0.342072	0.0134851
0.340831	0.0143791
0.340979	0.0139218
0.340705	0.0139746
0.341736	0.0128251
0.342299	0.0123691
0.341825	0.0129319
0.341432	0.0133007
0.341364	0.0132239
0.342381	0.0122095
0.342876	0.0119063
0.342956	0.0120063
0.34354	0.0116726
0.343908	0.0116126
0.343954	0.0118759
0.343649	0.0124156
0.343524	0.0126499
0.343115	0.0130377
0.341495	0.0143798
0.339975	0.0154575
0.339769	0.0151175
0.339303	0.0150024
0.339957	0.014007
0.340154	0.013577
0.340722	0.012948
0.339389	0.0140599
0.33973	0.0135662
0.33915	0.0139478
0.339002	0.0138202
0.337761	0.0146877
0.338239	0.0138749
0.337146	0.0145952
0.337712	0.0137363
0.336836	0.0143831
0.336679	0.0142064
0.336227	0.0143008
0.335123	0.0149884
0.333853	0.0157217
0.333449	0.0155444
0.332059	0.0161926
0.331108	0.0162403
0.329638	0.0168307
0.329251	0.0163537
0.328103	0.0166455
0.326406	0.017375
0.324634	0.0180569
0.323911	0.0175954
0.323437	0.0171183
0.320894	0.0185386
0.319579	0.018567
0.319003	0.0179246
0.319	0.0169369
0.318384	0.0165976
0.318484	0.0157605
0.31891	0.0148096
0.319026	0.0144131
0.318204	0.0148842
0.316812	0.0158131
0.317575	0.0146489
0.318083	0.0138725
0.318596	0.0133642
0.318785	0.0131555
0.318258	0.0136442
0.318964	0.0129467
0.319185	0.0128337
0.317829	0.0141008
0.317793	0.0139825
0.318156	0.0135297
0.317855	0.0138439
0.317268	0.0142389
0.317313	0.0139298
0.317301	0.0137843
0.317983	0.0130873
0.318219	0.0129068
0.319033	0.0122955
0.319801	0.0118271
0.319905	0.0120484
0.319952	0.0123357
0.31992	0.0125993
0.320931	0.0118793
0.321793	0.0114264
0.32171	0.011914
0.321833	0.0121072
0.322574	0.0117353
0.323503	0.0112465
0.324017	0.0112983
0.325075	0.0108066
0.325038	0.0113757
0.326397	0.0105958
0.326982	0.0106735
0.326754	0.0114368
0.32649	0.0120366
0.326285	0.0125731
0.326672	0.0123775
0.327231	0.0120741
0.327324	0.0122144
0.327882	0.011976
0.327505	0.0125611
0.328107	0.0121693
0.327916	0.0125543
0.328895	0.0117962
0.328809	0.0121368
0.329501	0.0117899
0.329499	0.0121692
0.330612	0.0114051
0.331371	0.0111206
0.332367	0.0106733
0.3331	0.0106265
0.333589	0.0107341
0.334534	0.0104201
0.335111	0.0104965
0.335225	0.010993
0.335125	0.0115669
0.335785	0.011321
0.335397	0.0120428
0.334348	0.0132403
0.334954	0.0126952
0.335122	0.0126552
0.334879	0.0130059
0.334068	0.0136747
0.333102	0.0143782
0.332046	0.0149591
0.331704	0.0148485
0.331817	0.0143277
0.332363	0.0135128
0.331925	0.0137965
0.331562	0.013996
0.331665	0.0137406
0.330168	0.0149372
0.329973	0.0146761
0.329528	0.0147013
0.328124	0.0155316
0.327353	0.0156669
0.325466	0.0167537
0.324927	0.0164086
0.32221	0.0180014
0.321359	0.0177077
0.32097	0.0170578
0.319895	0.0172228
0.318322	0.017715
0.316848	0.0180584
0.31672	0.0171147
0.316278	0.0166816
0.315665	0.0164275
0.314343	0.0169332
0.312741	0.0175158
0.311825	0.0174175
0.309958	0.018266
0.307396	0.0196205
0.305643	0.019774
0.303085	0.0206896
0.300322	0.0216215
0.298172	0.0217687
0.295632	0.0221914
0.294945	0.0209059
0.293282	0.0208341
0.291808	0.0205798
0.291246	0.0195814
0.289962	0.0195289
0.289518	0.0186565
0.2895	0.0176312
0.289015	0.0171923
0.289021	0.0164667
0.289359	0.0155996
0.289267	0.0153044
0.289099	0.0152427
0.288382	0.0155814
0.288684	0.0149554
0.288918	0.0145121
0.28994	0.0134774
0.29114	0.0124869
0.291902	0.0121136
0.293186	0.0113798
0.294398	0.0108623
0.296085	0.0100628
0.296825	0.0102857
0.297844	0.0101801
0.298828	0.0101207
0.300459	0.00949259
0.302028	0.00901443
0.303285	0.00896237
0.304473	0.00895031
0.305773	0.00884575
0.307107	0.00872224
0.309062	0.00810457
0.31043	0.00809924
0.312049	0.00790074
0.313766	0.00764234
0.314368	0.00837219
0.315675	0.00833219
0.317472	0.00786666
0.318598	0.00811927
0.319703	0.00835469
0.320903	0.00844935
0.322062	0.00853411
0.323206	0.0086018
0.324162	0.00878826
0.325356	0.0086985
0.32586	0.00926712
0.32709	0.00910515
0.327565	0.0096195
0.327297	0.0106432
0.328318	0.0103213
0.328319	0.0109939
0.328702	0.0112039
0.329021	0.0113372
0.329853	0.010975
0.330688	0.0107531
0.33186	0.010234
0.333158	0.00969762
0.334371	0.00939923
0.335493	0.00918341
0.336292	0.00934928
0.337851	0.00879528
0.338844	0.00887378
0.339405	0.00931473
0.339592	0.00996616
0.340736	0.00963901
0.341646	0.00954346
0.342369	0.0096328
0.343678	0.00921365
0.344501	0.0093015
0.345799	0.00896027
0.347313	0.00847625
0.348403	0.00851053
0.349016	0.00891747
0.349516	0.00936081
0.349767	0.00987625
0.349918	0.0103502
0.350757	0.0101394
0.351809	0.00978274
0.352791	0.00962044
0.353097	0.0100678
0.353346	0.0104586
0.354579	0.00985342
0.354927	0.0102026
0.355077	0.0105746
0.355643	0.0105116
0.356287	0.0104318
0.355952	0.0111897
0.355391	0.0119686
0.3557	0.0118968
0.356216	0.0115883
0.356679	0.0114017
0.357239	0.0112149
0.357269	0.0114905
0.358286	0.0108693
0.358411	0.0110854
0.357995	0.0117615
0.357719	0.0122008
0.357373	0.0125723
0.358376	0.0116867
0.35901	0.0112879
0.358118	0.0123607
0.35725	0.0131781
0.357855	0.0125161
0.358231	0.0122163
0.357995	0.0124901
0.358345	0.0121701
0.35753	0.0129894
0.356303	0.0139796
0.355019	0.0147654
0.354194	0.0149533
0.353794	0.0147566
0.35107	0.0167714
0.348384	0.0181317
0.348905	0.016437
0.347567	0.0168084
0.347476	0.0159853
0.344941	0.0175952
0.344367	0.0170781
0.343056	0.0173295
0.341802	0.017424
0.338446	0.0192485
0.33745	0.0187933
0.336925	0.0179586
0.33598	0.0176249
0.334323	0.0180433
0.333913	0.0173121
0.333588	0.0165878
0.331502	0.0174583
0.330632	0.0171601
0.330064	0.0167808
0.330338	0.015683
0.330899	0.0146329
0.331214	0.0139759
0.330016	0.0148223
0.329907	0.0145691
0.33061	0.0136201
0.329855	0.0141922
0.32965	0.0141135
0.329784	0.0138053
0.330075	0.0134342
0.329936	0.0135118
0.329227	0.0140546
0.329517	0.0135926
0.329973	0.0130655
0.328718	0.0141954
0.327069	0.0154064
0.325755	0.0160206
0.324904	0.0161295
0.325385	0.0150267
0.325748	0.0142684
0.326128	0.0137105
0.32592	0.0138147
0.326217	0.0134008
0.325963	0.0136058
0.32616	0.0133256
0.324852	0.0144187
0.325637	0.0134486
0.326234	0.0128709
0.326062	0.01314
0.326099	0.01313
0.326185	0.0131086
0.327387	0.0120752
0.326883	0.0128274
0.326242	0.0135253
0.325494	0.014137
0.325578	0.0139077
0.32587	0.0135036
0.326437	0.0129279
0.32622	0.0131314
0.326126	0.0133144
0.32694	0.0125635
0.326984	0.0126677
0.327364	0.0124361
0.326754	0.0131446
0.326845	0.0130436
0.327626	0.0123949
0.328347	0.0118624
0.329102	0.0115069
0.330163	0.0109197
0.331216	0.0104643
0.3323	0.0100696
0.331588	0.0113746
0.33092	0.0123452
0.330705	0.0127269
0.331239	0.0122982
0.331293	0.0123996
0.330146	0.0136073
0.330453	0.0132359
0.330998	0.0127143
0.3313	0.0125609
0.330269	0.0135751
0.330182	0.0135781
0.329917	0.0137419
0.328605	0.0147877
0.327711	0.0152181
0.326117	0.01621
0.325932	0.0156696
0.32619	0.0148673
0.325484	0.0150904
0.32568	0.0144465
0.325339	0.014503
0.325058	0.0144451
0.324888	0.0143168
0.324617	0.014302
0.325605	0.0132115
0.32474	0.0139719
0.324722	0.0138824
0.325193	0.0133046
0.3259	0.0126967
0.326418	0.0123521
0.327173	0.0118556
0.327422	0.0119506
0.327852	0.0118795
0.328546	0.0115855
0.328643	0.0118517
0.329901	0.0110448
0.331339	0.0102218
0.33259	0.00977741
0.333437	0.00979478
0.334822	0.00931083
0.336197	0.0089625
0.336266	0.00968967
0.336828	0.00993061
0.337324	0.0101998
0.338126	0.0101446
0.338814	0.0102046
0.339258	0.0104058
0.339672	0.0105306
0.340298	0.0105217
0.341266	0.0102303
0.341337	0.0107745
0.341359	0.0112123
0.342883	0.0102564
0.343985	0.00986442
0.344534	0.010063
0.34487	0.0104054
0.346039	0.00987574
0.346567	0.0100885
0.346927	0.0103802
0.347467	0.0104497
0.348083	0.0104156
0.348247	0.0108038
0.349351	0.0102426
0.349995	0.0102869
0.350534	0.0103516
0.351726	0.00981548
0.351776	0.0103666
0.352587	0.0101683
0.352486	0.0108105
0.351655	0.0119978
0.352485	0.0113985
0.352558	0.0116808
0.352608	0.0118434
0.352862	0.0118379
0.352759	0.0121271
0.351792	0.0130224
0.351528	0.0131561
0.350863	0.0136437
0.349536	0.0146269
0.350005	0.0138092
0.348585	0.0148039
0.347106	0.0156023
0.346906	0.0151792
0.345642	0.015733
0.344576	0.0159571
0.345113	0.0147483
0.343468	0.0158217
0.342068	0.0164145
0.341924	0.0157121
0.340576	0.0163297
0.337666	0.0181013
0.337636	0.0169662
0.336674	0.0168907
0.335626	0.0169589
0.335702	0.0159958
0.335045	0.0158981
0.333891	0.0162923
0.333787	0.0156304
0.333395	0.0153777
0.333813	0.0144609
0.332885	0.0149013
0.332731	0.0145773
0.33215	0.014756
0.331695	0.0147611
0.331488	0.0145444
0.329841	0.015691
0.327689	0.0169773
0.326521	0.0172165
0.325073	0.0176417
0.325345	0.0163975
0.325143	0.0159135
0.325889	0.0146401
0.326536	0.0137465
0.326081	0.0140391
0.326687	0.0132723
0.327355	0.0126236
0.327956	0.0122335
0.329069	0.0114515
0.329523	0.0114266
0.330343	0.0110738
0.330666	0.0112611
0.332065	0.0104035
0.332221	0.0108487
0.333437	0.0103002
0.334673	0.0098367
0.335519	0.00974664
0.335701	0.0103515
0.33613	0.0106077
0.336783	0.010576
0.336808	0.0110527
0.337575	0.0108072
0.337854	0.0109946
0.337952	0.0113732
0.338599	0.01118
0.338626	0.0115364
0.339337	0.0111998
0.338545	0.0122535
0.337859	0.0130077
0.33676	0.0139318
0.337271	0.0132509
0.337368	0.0131052
0.337995	0.0125217
0.337999	0.0126805
0.33815	0.0125831
0.337664	0.0130719
0.336267	0.0142545
0.335475	0.0146449
0.33489	0.0147993
0.33333	0.0158122
0.331786	0.0166661
0.330899	0.0166354
0.329573	0.0170138
0.329491	0.0162403
0.329441	0.0155419
0.328987	0.0153303
0.32798	0.0156939
0.32739	0.0157484
0.32729	0.0152534
0.326824	0.0152073
0.326298	0.0151633
0.324672	0.0161498
0.324833	0.015326
0.323603	0.0159821
0.323523	0.0154485
0.322502	0.0158436
0.321178	0.0164567
0.320904	0.0159715
0.319237	0.0168892
0.318784	0.0164418
0.31709	0.0172291
0.315741	0.0175715
0.315278	0.0170999
0.31594	0.01565
0.316394	0.0147035
0.316522	0.0142714
0.31609	0.0145065
0.315729	0.014497
0.316154	0.0138408
0.316268	0.0136901
0.316973	0.0129942
0.316192	0.0137569
0.31499	0.0147433
0.314915	0.0145413
0.315517	0.0137691
0.31537	0.013809
0.315962	0.0131751
0.316446	0.0128133
0.316818	0.0126219
0.315166	0.0142611
0.316056	0.0133048
0.317254	0.0122673
0.31833	0.0115942
0.318469	0.0118597
0.319233	0.0114984
0.31966	0.0115466
0.320455	0.0112711
0.321109	0.0111657
0.321865	0.0110047
0.322576	0.0108661
0.324021	0.0101805
0.325273	0.00974511
0.326879	0.00911767
0.327523	0.00948299
0.328951	0.00904302
0.330914	0.00825368
0.331241	0.00903097
0.332989	0.00841122
0.334192	0.00839304
0.335504	0.0082662
0.336769	0.00818785
0.338373	0.00785142
0.339406	0.0080611
0.340164	0.00849944
0.34111	0.00864932
0.341765	0.0090591
0.341926	0.00978577
0.342653	0.00979578
0.343283	0.0100214
0.343425	0.010644
0.344475	0.0102129
0.343852	0.0113244
0.344429	0.0111199
0.344142	0.0118552
0.343988	0.012172
0.344503	0.0118494
0.34495	0.0116606
0.345144	0.0117531
0.345503	0.0117015
0.345542	0.0119089
0.346051	0.0116458
0.34653	0.0115256
0.346816	0.0115479
0.345872	0.0127376
0.346418	0.0122792
0.345439	0.0132761
0.345169	0.0134657
0.345853	0.0127209
0.345784	0.0128684
0.344776	0.0138144
0.343461	0.0148306
0.342758	0.0150052
0.343135	0.0142027
0.343348	0.0137298
0.342914	0.0139761
0.343357	0.0133679
0.3434	0.0132008
0.343277	0.0132626
0.343137	0.0133314
0.342768	0.0135356
0.342635	0.0135651
0.341482	0.0144541
0.341672	0.0139177
0.340009	0.0152462
0.339324	0.015431
0.33902	0.0151702
0.337549	0.0159831
0.336506	0.0162016
0.336069	0.0158956
0.334956	0.016145
0.331351	0.0185386
0.329918	0.0186105
0.329279	0.0179214
0.328262	0.0177404
0.32601	0.0186635
0.324979	0.0183254
0.324115	0.0179447
0.32247	0.0183285
0.321043	0.0185239
0.318802	0.0193836
0.316628	0.0200181
0.315575	0.0195008
0.314328	0.0192029
0.313601	0.018607
0.312356	0.0185053
0.311895	0.0177625
0.311374	0.0172642
0.311495	0.0163207
0.31109	0.0160163
0.309834	0.0165286
0.308684	0.0168232
0.308294	0.0164346
0.308342	0.0158109
0.308362	0.0153296
0.308193	0.0150366
0.308811	0.0141811
0.308729	0.0140798
0.309132	0.0136416
0.309642	0.0131641
0.310106	0.012848
0.309659	0.0133879
0.309786	0.0132931
0.310004	0.0131712
0.310868	0.0125061
0.311746	0.0120009
0.31199	0.0121152
0.312158	0.012314
0.312387	0.0124812
0.311646	0.013329
0.312097	0.0129321
0.312751	0.0125088
0.313504	0.0120735
0.314676	0.0113604
0.31482	0.0117088
0.315173	0.01175
0.316385	0.0110631
0.315968	0.0119253
0.316551	0.0117363
0.316825	0.0118823
0.316725	0.0123079
0.317125	0.0121962
0.317978	0.0116764
0.318117	0.0119487
0.319003	0.0114904
0.319747	0.0112749
0.320337	0.0112155
0.320772	0.0112463
0.321403	0.0111477
0.321845	0.0111954
0.32264	0.0109719
0.323937	0.0103479
0.32485	0.010158
0.325584	0.0101713
0.326492	0.0101002
0.326892	0.0104547
0.327521	0.01055
0.328113	0.0105852
0.328452	0.0108674
0.329087	0.0108322
0.329971	0.0106468
0.331068	0.0102416
0.331862	0.0101938
0.332548	0.0102538
0.333504	0.0100932
0.334389	0.00996962
0.336194	0.00907528
0.338265	0.00810353
0.340091	0.00756405
0.341953	0.00714097
0.342736	0.00773046
0.342864	0.00880941
0.344117	0.00861016
0.345191	0.00860704
0.346366	0.00855996
0.346643	0.00926538
0.347524	0.00932387
0.347635	0.00999047
0.348404	0.00991368
0.348656	0.0103083
0.349359	0.010213
0.349807	0.0103882
0.35092	0.00992014
0.352006	0.00960121
0.351987	0.0103483
0.352441	0.0104549
0.352411	0.0109832
0.352488	0.0113166
0.353295	0.0109321
0.352792	0.0117381
0.352925	0.0118128
0.352807	0.0120955
0.353416	0.0116795
0.353067	0.0122221
0.352206	0.0130974
0.353166	0.0121798
0.352321	0.0131142
0.352189	0.0130747
0.352636	0.0126424
0.351049	0.0140186
0.351309	0.0135305
0.351464	0.0132243
0.351624	0.0130104
0.351015	0.0134391
0.349963	0.0142439
0.348914	0.014823
0.348444	0.0147851
0.346914	0.0156733
0.346222	0.0156021
0.344802	0.0161784
0.344233	0.0159413
0.341074	0.0180294
0.339449	0.0183013
0.338536	0.0179595
0.337198	0.0179759
0.337274	0.0167313
0.335072	0.0178312
0.333382	0.0182798
0.330114	0.0199649
0.328678	0.0197085
0.325468	0.0210931
0.322922	0.0215036
0.321928	0.0205665
0.320121	0.0205487
0.318903	0.0200366
0.31754	0.0197915
0.314829	0.0207254
0.312845	0.0208867
0.31234	0.0197144
0.310928	0.0196078
0.311295	0.0179147
0.311146	0.0170313
0.311128	0.0162389
0.310527	0.0161171
0.310611	0.0154908
0.310301	0.0152685
0.310285	0.0148973
0.309512	0.0153053
0.311009	0.0135796
0.310252	0.0141954
0.309626	0.0146415
0.309702	0.0142682
0.309963	0.0138554
0.310491	0.0133249
0.310936	0.0129563
0.310924	0.0130931
0.311162	0.0129739
0.312171	0.0121879
0.312934	0.0117731
0.313319	0.0118869
0.313019	0.0124984
0.313162	0.0125959
0.31361	0.0124505
0.31482	0.011642
0.315161	0.0117996
0.315463	0.0118504
0.316885	0.0109601
0.318017	0.0104218
0.318768	0.0104035
0.320173	0.00982985
0.321159	0.00975842
0.321888	0.00989871
0.322954	0.00972064
0.324052	0.00955501
0.325478	0.00912908
0.326534	0.00914117
0.32757	0.00914619
0.329181	0.00866759
0.330606	0.00836924
0.331891	0.00834031
0.333296	0.00814214
0.334924	0.00779879
0.336096	0.00792899
0.3379	0.00749943
0.33956	0.00724547
0.341	0.00726957
0.341996	0.00768467
0.343102	0.00789084
0.344137	0.00808981
0.344862	0.00852768
0.346454	0.00808824
0.348214	0.00757165
0.349804	0.00733001
0.350919	0.00758809
0.35217	0.00761988
0.352454	0.00844609
0.352693	0.00926352
0.35406	0.00883254
0.355073	0.00881901
0.355612	0.00925502
0.35655	0.00920019
0.357149	0.00942587
0.358338	0.0090366
0.359271	0.0090147
0.360032	0.00913546
0.36053	0.00945771
0.361852	0.00896183
0.362362	0.00933112
0.362139	0.0102502
0.36232	0.0106539
0.362265	0.0110887
0.362185	0.011517
0.361845	0.0120222
0.361959	0.0119362
0.362417	0.0116758
0.362744	0.011588
0.363151	0.0114604
0.362152	0.0125728
0.361324	0.0132302
0.360214	0.0141368
0.35978	0.0141583
0.358518	0.0149022
0.356706	0.0159823
0.355177	0.0165335
0.354067	0.0167
0.353739	0.0160577
0.35226	0.0166872
0.350397	0.0174304
0.349103	0.0174846
0.347741	0.0176438
0.34691	0.0172627
0.343576	0.0192128
0.341413	0.0197469
0.340885	0.0186291
0.340521	0.0176404
0.338188	0.0187175
0.336212	0.0192819
0.334568	0.0192742
0.332249	0.0199063
0.330217	0.0201697
0.32837	0.0202766
0.324867	0.0218483
0.319142	0.0250429
0.316912	0.024389
0.315508	0.0232252
0.313805	0.0225536
0.312373	0.0217892
0.310438	0.0216626
0.307869	0.0220391
0.305161	0.0225343
0.303717	0.0217494
0.299075	0.0240302
0.298063	0.0226069
0.297181	0.0214845
0.295955	0.0207861
0.294481	0.0205123
0.292668	0.0205811
0.291917	0.0197504
0.292142	0.0182757
0.292498	0.0169406
0.292318	0.0163572
0.29343	0.0148621
0.294384	0.0137836
0.294764	0.0135391
0.294176	0.0141206
0.294373	0.0138286
0.293379	0.0147457
0.293024	0.0147839
0.292229	0.0153349
0.293087	0.0142198
0.293583	0.0136386
0.294617	0.0127272
0.29528	0.0124058
0.296372	0.0117196
0.297127	0.011517
0.29771	0.0115309
0.298838	0.011002
0.300389	0.0102009
0.30087	0.0105617
0.301956	0.0103217
0.303459	0.00971875
0.304514	0.009712
0.305671	0.00957946
0.307401	0.00895122
0.308617	0.00888373
0.309812	0.00887844
0.310904	0.00897488
0.311851	0.00917586
0.313081	0.00906311
0.314028	0.00920698
0.315275	0.0090258
0.317026	0.00844218
0.317277	0.00931693
0.318743	0.0089594
0.320152	0.00869435
0.321573	0.00846795
0.322282	0.00893945
0.323854	0.00852994
0.325165	0.00845403
0.326955	0.00793855
0.327939	0.00823395
0.32933	0.00812267
0.330388	0.00832412
0.331767	0.00818914
0.332654	0.00853834
0.333221	0.00903481
0.334508	0.00878797
0.33633	0.00816503
0.33783	0.00793641
0.338793	0.00826545
0.340206	0.00807855
0.341893	0.00767459
0.343384	0.00752507
0.344844	0.00740625
0.345679	0.00789639
0.347059	0.00779223
0.348639	0.00751163
0.349553	0.00791832
0.35027	0.00836391
0.351332	0.00841606
0.352366	0.00849378
0.353742	0.00822627
0.353899	0.00901329
0.354335	0.0094466
0.354391	0.0101146
0.355343	0.00982661
0.35605	0.0098648
0.356945	0.00971338
0.357746	0.00959683
0.358194	0.0099655
0.358394	0.0103711
0.358577	0.0107639
0.35899	0.0108304
0.359858	0.010433
0.360298	0.0104921
0.36016	0.0110892
0.360206	0.0113927
0.359479	0.0123194
0.359318	0.0124844
0.359744	0.0121357
0.359532	0.0124894
0.359805	0.0122898
0.359724	0.0124177
0.357388	0.0145165
0.355427	0.0158053
0.353738	0.0166113
0.351447	0.0177903
0.350929	0.0171294
0.348529	0.0182868
0.348576	0.0169593
0.34699	0.0173492
0.346112	0.0171105
0.345003	0.0171333
0.343196	0.0177593
0.342073	0.0176029
0.339752	0.018538
0.336706	0.0199834
0.333517	0.0212145
0.331841	0.0208344
0.329168	0.0213726
0.328691	0.0199277
0.325406	0.0213152
0.32164	0.0228568
0.319115	0.0229154
0.315812	0.0236968
0.31424	0.0227276
0.313965	0.0208945
0.312535	0.0205487
0.311242	0.0201327
0.309538	0.0200799
0.307911	0.0200564
0.306402	0.0199073
0.305719	0.0190789
0.303692	0.0196924
0.301739	0.020027
0.299508	0.020589
0.298086	0.0203351
0.296888	0.0198404
0.296844	0.0184718
0.296496	0.0176092
0.296727	0.0165318
0.297648	0.0150694
0.298341	0.0141785
0.298963	0.0135468
0.298455	0.0140265
0.298228	0.014069
0.298877	0.0134581
0.299039	0.0133905
0.299567	0.013021
0.299497	0.013208
0.30024	0.012685
0.300195	0.0129352
0.300807	0.0125585
0.300698	0.0128997
0.300122	0.0135651
0.30027	0.0134634
0.301401	0.0125024
0.301998	0.0122603
0.302061	0.0125374
0.302269	0.0126862
0.303155	0.0120854
0.303637	0.0120241
0.305366	0.0108598
0.30534	0.011473
0.305834	0.0115255
0.306112	0.0117472
0.30699	0.0113879
0.30765	0.0113187
0.308742	0.0108642
0.308967	0.0112589
0.309591	0.0112017
0.310515	0.0109036
0.310129	0.0118042
0.31032	0.0120041
0.310192	0.0124304
0.31128	0.0117337
0.312892	0.0107285
0.314094	0.0102795
0.31484	0.0103398
0.315747	0.0102363
0.316996	0.0098156
0.317971	0.0097576
0.317977	0.0104715
0.318407	0.0107533
0.319056	0.0107406
0.319754	0.0107213
0.320547	0.0105449
0.321582	0.0102728
0.323159	0.00955547
0.323471	0.0101365
0.324168	0.0102029
0.324778	0.0103598
0.325141	0.0106646
0.326527	0.00999314
0.327547	0.0098457
0.329019	0.00928021
0.329392	0.00983072
0.330428	0.00966345
0.330882	0.0100793
0.332077	0.00966031
0.33293	0.00969919
0.334086	0.00945918
0.334868	0.00954353
0.335796	0.00955717
0.337136	0.00915046
0.337638	0.00952759
0.338654	0.00939079
0.339954	0.00905083
0.340407	0.00958419
0.340996	0.00984396
0.341829	0.00973426
0.342382	0.0100163
0.343818	0.0093764
0.345072	0.0090786
0.346109	0.0090285
0.347434	0.00872093
0.348432	0.00873166
0.350045	0.00821432
0.351346	0.00810079
0.352433	0.00815286
0.354008	0.00774722
0.354817	0.0080816
0.356125	0.00793905
0.356471	0.00871241
0.356816	0.00931214
0.35669	0.010123
0.357746	0.00977217
0.359102	0.00919708
0.358906	0.0100582
0.359642	0.00999672
0.361116	0.00927258
0.361931	0.00929218
0.362305	0.00963435
0.362393	0.0102548
0.3629	0.0102947
0.363708	0.0100461
0.364361	0.00999274
0.364366	0.0105079
0.365051	0.0103441
0.365272	0.0106163
0.365236	0.0110858
0.364705	0.0119995
0.365182	0.0116649
0.364565	0.0123489
0.363835	0.013035
0.363395	0.0132952
0.362533	0.0138803
0.361252	0.0146785
0.359826	0.0154705
0.359319	0.0152321
0.358795	0.0150956
0.358349	0.0149771
0.357489	0.0151633
0.357532	0.0145584
0.355089	0.0162151
0.35459	0.0157725
0.353389	0.0160445
0.352958	0.0156205
0.352099	0.0156698
0.351832	0.0152255
0.350035	0.0161773
0.347656	0.0176024
0.345213	0.0186777
0.341086	0.0210193
0.3386	0.0213462
0.337864	0.0201549
0.334713	0.0213935
0.332454	0.0216069
0.330382	0.021552
0.328788	0.0210596
0.327135	0.020739
0.325493	0.0205939
0.325021	0.0193485
0.323842	0.0189851
0.322164	0.0191341
0.320029	0.0197097
0.319471	0.0187412
0.317921	0.0189182
0.317619	0.0178991
0.317178	0.0172778
0.316659	0.0168942
0.315402	0.0171628
0.315068	0.0166549
0.314763	0.0161831
0.31426	0.0160844
0.313822	0.01589
0.313276	0.0157933
0.313786	0.0148209
0.312965	0.0152393
0.313806	0.0140866
0.313407	0.0143086
0.312483	0.0149807
0.309517	0.0172434
0.307549	0.018045
0.306573	0.0179598
0.307389	0.0162399
0.307704	0.0154007
0.306485	0.0160712
0.30645	0.0155323
0.306332	0.0151853
0.306533	0.0146408
0.306417	0.0145215
0.307051	0.0137954
0.307925	0.0129276
0.308455	0.0125615
0.309415	0.011966
0.309813	0.0119138
0.310119	0.0120343
0.309871	0.0124928
0.310452	0.0121973
0.311094	0.0119354
0.312269	0.0112611
0.31245	0.0116635
0.312802	0.0117478
0.313204	0.0118295
0.314744	0.0107999
0.315184	0.0110093
0.316236	0.0106183
0.31707	0.0105227
0.317985	0.0103226
0.319305	0.00983986
0.31984	0.0102231
0.321203	0.00970415
0.321241	0.0104588
0.321238	0.0110665
0.322007	0.0109461
0.323042	0.0105745
0.323934	0.010365
0.325129	0.0099454
0.325924	0.00996716
0.326898	0.00984421
0.327677	0.00989013
0.328631	0.00974939
0.329497	0.00976482
0.329309	0.0106862
0.329462	0.0111213
0.330048	0.011048
0.329501	0.0119881
0.328864	0.012775
0.329648	0.0121818
0.330329	0.0118
0.331211	0.011319
0.330389	0.0124286
0.330275	0.0126614
0.330074	0.0130255
0.330511	0.0126305
0.330718	0.012515
0.33075	0.0126529
0.330686	0.0128112
0.330042	0.0134667
0.330444	0.0129981
0.329985	0.0133928
0.329902	0.0134099
0.330981	0.012413
0.330652	0.0129346
0.329813	0.0137493
0.329851	0.0135637
0.330812	0.0126495
0.330522	0.0129346
0.330972	0.0125875
0.331513	0.0122156
0.331631	0.0122847
0.332213	0.0119216
0.33206	0.0123246
0.332031	0.012505
0.332056	0.0126451
0.332437	0.0123503
0.33252	0.0124537
0.332142	0.0129482
0.33151	0.0135487
0.332284	0.0127678
0.332468	0.0126848
0.333304	0.0120124
0.334525	0.0112181
0.335256	0.0109503
0.335902	0.0108743
0.337186	0.0102242
0.338436	0.00972456
0.339464	0.0095291
0.340791	0.00913183
0.341867	0.00902124
0.342803	0.00904756
0.343461	0.00931344
0.344445	0.0092365
0.344745	0.00981452
0.344647	0.0105905
0.344913	0.0108901
0.344974	0.0112227
0.344942	0.01164
0.345387	0.0115237
0.346941	0.0104597
0.348398	0.00969457
0.349643	0.00928024
0.351095	0.00878671
0.351573	0.00927588
0.352232	0.0094952
0.351843	0.0105231
0.352508	0.0104326
0.353605	0.0099651
0.353761	0.0104458
0.353847	0.010895
0.354527	0.0106854
0.354373	0.0112824
0.355065	0.0109865
0.355338	0.0110922
0.35529	0.0115053
0.355621	0.0114697
0.355708	0.011626
0.354671	0.0127818
0.353978	0.0133392
0.35351	0.0136065
0.353693	0.0131972
0.354026	0.0127564
0.353445	0.0132502
0.352718	0.0138513
0.351365	0.0147804
0.350074	0.0155238
0.349152	0.0157569
0.347837	0.0162244
0.346838	0.0163026
0.345494	0.0165844
0.343394	0.0175468
0.343436	0.0164677
0.34304	0.016002
0.341085	0.0170142
0.3414	0.0158301
0.341178	0.0153658
0.340599	0.0153316
0.340693	0.0146745
0.340429	0.0144707
0.338572	0.0157373
0.337403	0.0162675
0.336247	0.0165359
0.335568	0.0163736
0.334301	0.0167569
0.334228	0.0160409
0.331946	0.0173562
0.332094	0.0162851
0.332114	0.0155626
0.330788	0.0162112
0.32999	0.0162099
0.329005	0.0163732
0.326986	0.0174799
0.324503	0.0187481
0.32301	0.0189093
0.322072	0.0184609
0.319026	0.0200434
0.31897	0.0186255
0.317541	0.0186953
0.316726	0.0182283
0.316087	0.017679
0.314802	0.0178543
0.313018	0.0184984
0.312495	0.0177804
0.311268	0.0179879
0.30935	0.0186603
0.308431	0.0183563
0.309517	0.0162554
0.310369	0.0148861
0.309092	0.0156487
0.308013	0.016116
0.30738	0.0161242
0.306072	0.0166542
0.305657	0.0163012
0.305616	0.0157079
0.30521	0.0155086
0.305321	0.0150093
0.306089	0.0140506
0.306534	0.0135504
0.305783	0.0141303
0.306795	0.0130953
0.307637	0.0124604
0.308597	0.0118463
0.309112	0.0117623
0.309848	0.0115562
0.310238	0.0116962
0.310276	0.0120264
0.311681	0.0111241
0.312219	0.0111844
0.311359	0.0124961
0.311347	0.0127879
0.311574	0.0127256
0.312501	0.0120765
0.312522	0.0124313
0.313654	0.0116638
0.314147	0.0116496
0.314676	0.0115737
0.315216	0.0114807
0.316178	0.0110798
0.317148	0.0107452
0.317284	0.0113132
0.317887	0.0112774
0.318212	0.0114294
0.31966	0.0106003
0.320827	0.010209
0.322387	0.0095122
0.322721	0.010077
0.323136	0.0104112
0.324309	0.0100417
0.325178	0.00998831
0.326567	0.00946426
0.327798	0.00921434
0.328778	0.00929121
0.329674	0.00940866
0.330651	0.00936089
0.331339	0.00959025
0.332208	0.00959734
0.332491	0.0101799
0.333464	0.00997596
0.333759	0.0104332
0.334451	0.0103768
0.33431	0.0111564
0.33368	0.0120928
0.334236	0.0118169
0.33586	0.0106409
0.337195	0.0100191
0.338099	0.00988467
0.338622	0.010095
0.33949	0.00994123
0.339667	0.0105049
0.338441	0.012239
0.339432	0.0115398
0.340384	0.0110426
0.341363	0.010578
0.341344	0.0111289
0.342759	0.0102592
0.3436	0.0101149
0.344369	0.0100629
0.344483	0.0105964
0.345084	0.0105321
0.345916	0.0103282
0.346275	0.0106284
0.346683	0.0107763
0.347595	0.0104484
0.348251	0.010427
0.348861	0.0104691
0.348863	0.0109656
0.3492	0.0110498
0.348311	0.0122022
0.348022	0.0125741
0.347341	0.0131849
0.346817	0.0135431
0.346326	0.0138144
0.345128	0.0146038
0.344529	0.0147292
0.344011	0.0147187
0.34341	0.0147928
0.343371	0.0144285
0.342317	0.0149893
0.342119	0.0147516
0.341108	0.0152776
0.340611	0.0151367
0.341125	0.0141065
0.340481	0.0144892
0.339746	0.0147961
0.337518	0.0164024
0.336228	0.0167402
0.334495	0.0174741
0.333194	0.0175637
0.33057	0.0187837
0.329065	0.0187978
0.32669	0.0196556
0.324693	0.0199984
0.321299	0.0214358
0.319818	0.0208921
0.317191	0.0215866
0.315979	0.0209166
0.315135	0.0199301
0.312464	0.0208204
0.311406	0.020101
0.31026	0.0196297
0.310058	0.0184106
0.309244	0.0179744
0.309628	0.0165894
0.310347	0.0152559
0.309434	0.0156526
0.309845	0.0148152
0.309814	0.0144895
0.310556	0.0136199
0.311319	0.012942
0.312339	0.0121852
0.31267	0.0121923
0.313379	0.0118659
0.313746	0.0118672
0.313914	0.0120714
0.315293	0.0112147
0.316215	0.0109228
0.316516	0.0112771
0.31685	0.0114229
0.317844	0.010982
0.318722	0.0107256
0.319984	0.0102029
0.319832	0.011012
0.320591	0.0108784
0.320449	0.0115527
0.321319	0.0111845
0.321648	0.0113406
0.322178	0.0112597
0.322621	0.0112706
0.32362	0.0108392
0.323242	0.0117058
0.323849	0.0115313
0.324908	0.011028
0.325068	0.0113477
0.324803	0.0120086
0.324733	0.0123676
0.325907	0.0115533
0.326468	0.0114204
0.327131	0.0112637
0.327387	0.0114537
0.328241	0.0110663
0.32945	0.0104743
0.330289	0.0103108
0.330906	0.0104002
0.331423	0.0105739
0.332118	0.0105513
0.332651	0.0106429
0.333058	0.0108581
0.333765	0.0107123
0.333902	0.0111217
0.334962	0.0106276
0.335759	0.0104418
0.334915	0.0118208
0.334484	0.0124856
0.333878	0.0130271
0.333705	0.0131611
0.332405	0.0142591
0.332536	0.0139021
0.332497	0.0137408
0.331876	0.0141908
0.330888	0.0148818
0.330478	0.0148296
0.330096	0.0147532
0.329166	0.0152741
0.328088	0.0157424
0.327105	0.0161004
0.326578	0.0159146
0.325328	0.0164114
0.325286	0.0157217
0.325753	0.0147677
0.325243	0.0148625
0.324824	0.0149682
0.324338	0.0150039
0.325531	0.0135847
0.324785	0.0141419
0.324159	0.0144327
0.322559	0.0155456
0.320719	0.0166561
0.319778	0.0166882
0.318319	0.0172019
0.317514	0.017021
0.316221	0.0172533
0.316221	0.0163967
0.315758	0.0161081
0.31649	0.014886
0.316982	0.0140744
0.317556	0.0134212
0.316736	0.0140943
0.315762	0.0147893
0.315726	0.0145473
0.313557	0.0162432
0.313369	0.0157913
0.312917	0.0156095
0.312151	0.0158818
0.311041	0.0163263
0.310405	0.0162514
0.310093	0.0158658
0.307372	0.0176669
0.306812	0.0172393
0.305492	0.0175493
0.303225	0.0187433
0.302068	0.0185243
0.299654	0.0195915
0.299149	0.0187136
0.297433	0.0190418
0.296306	0.0187917
0.295986	0.0179342
0.295088	0.0178082
0.294344	0.0176744
0.294316	0.0168572
0.294714	0.0157959
0.295413	0.0147127
0.296153	0.0138461
0.29555	0.0143917
0.296008	0.0138331
0.296595	0.0133185
0.296914	0.0131236
0.296758	0.013421
0.296933	0.0133835
0.297662	0.012859
0.299178	0.011761
0.300442	0.0110931
0.301225	0.0110071
0.301781	0.0111451
0.302857	0.0107702
0.303437	0.0109536
0.304693	0.0104484
0.305991	0.00997795
0.307362	0.0096048
0.30803	0.00992368
0.309416	0.00946916
0.310837	0.00915169
0.312205	0.00895447
0.314031	0.00834872
0.315702	0.00802591
0.31727	0.00785162
0.318945	0.00761617
0.320522	0.00749679
0.321765	0.0077083
0.322787	0.00807467
0.323898	0.00824435
0.325482	0.0079828
0.327184	0.00766183
0.328502	0.00772711
0.329511	0.00808525
0.330888	0.00800034
0.331471	0.00866289
0.332121	0.0091009
0.333568	0.00871401
0.334297	0.00906615
0.335297	0.00907222
0.336388	0.0089702
0.337786	0.00863813
0.339007	0.00851682
0.34113	0.0076303
0.342791	0.00737349
0.343863	0.00767208
0.344814	0.00801132
0.344976	0.00894068
0.345338	0.00959105
0.346276	0.00951254
0.346389	0.0101365
0.346949	0.0102311
0.34692	0.0108472
0.347757	0.0105162
0.348047	0.010757
0.348755	0.010579
0.348711	0.0110936
0.349279	0.0109855
0.349863	0.0108892
0.350596	0.0106669
0.351094	0.0107195
0.350286	0.0118778
0.349442	0.0129279
0.349154	0.0131178
0.348283	0.0138154
0.348128	0.0137179
0.348525	0.0131669
0.347967	0.0135458
0.346709	0.0144643
0.346168	0.0145283
0.345829	0.014469
0.344195	0.0155372
0.34311	0.0159374
0.342375	0.015852
0.340348	0.0170264
0.339227	0.0170503
0.337149	0.0179551
0.335695	0.0181165
0.333492	0.0189326
0.331168	0.0196151
0.329077	0.0200125
0.327461	0.0197578
0.327367	0.018392
0.326106	0.018471
0.325742	0.0176474
0.324896	0.0173534
0.32334	0.0177264
0.322505	0.0175058
0.321857	0.0171468
0.320651	0.0174015
0.319538	0.0175246
0.318707	0.0172896
0.317863	0.0171755
0.316092	0.0178283
0.316212	0.0167088
0.3154	0.0165763
0.315526	0.0157842
0.315333	0.0154614
0.315604	0.0147665
0.315211	0.0148046
0.315113	0.0145455
0.315319	0.0141751
0.314884	0.0144254
0.315122	0.0140084
0.315411	0.013606
0.316062	0.0129619
0.316788	0.012409
0.316352	0.0130732
0.31722	0.012334
0.317832	0.0120061
0.317713	0.0123866
0.317916	0.012469
0.318305	0.0122778
0.318053	0.0127932
0.318666	0.0123672
0.318593	0.0126882
0.319218	0.012283
0.320272	0.0115658
0.319812	0.0124034
0.320402	0.0121337
0.32021	0.0125414
0.320751	0.0122397
0.32058	0.0126331
0.320568	0.0127669
0.321263	0.0122635
0.321355	0.0124421
0.321034	0.0129003
0.321132	0.0129034
0.321386	0.012781
0.319542	0.0144566
0.318741	0.0149424
0.318532	0.014777
0.318753	0.0142505
0.318746	0.0139747
0.317784	0.014686
0.318548	0.0137058
0.318717	0.0134104
0.318697	0.0133808
0.319401	0.012785
0.319663	0.0126362
0.320708	0.0118582
0.321248	0.0117121
0.322909	0.0106179
0.324085	0.0101682
0.325039	0.0100697
0.32583	0.0100757
0.326811	0.00989822
0.327721	0.00981694
0.328895	0.00954319
0.33001	0.00937633
0.330387	0.00990356
0.331235	0.00989746
0.332843	0.00921016
0.334007	0.0090888
0.334582	0.00942046
0.334964	0.00992147
0.335549	0.0101429
0.335935	0.010461
0.335222	0.0116149
0.334532	0.012547
0.335069	0.0121559
0.335191	0.0121881
0.334819	0.0127649
0.335552	0.0121665
0.335573	0.012326
0.33569	0.0123628
0.335335	0.0128246
0.33538	0.0128038
0.334841	0.0132647
0.334763	0.013314
0.333143	0.014747
0.332747	0.014715
0.331866	0.0151092
0.33173	0.014774
0.331579	0.0144668
0.330526	0.0150693
0.331387	0.013846
0.331861	0.0132635
0.331182	0.013802
0.330467	0.0143334
0.329124	0.0152039
0.327735	0.0160079
0.326342	0.016661
0.325583	0.0165601
0.324638	0.0166182
0.324586	0.0159046
0.322841	0.0168252
0.321871	0.0168846
0.322098	0.015865
0.321319	0.0161134
0.320719	0.0160704
0.321283	0.0149477
0.32054	0.0152651
0.319725	0.0155036
0.319365	0.0153348
0.320175	0.0141735
0.319523	0.0146468
0.320058	0.0138713
0.320226	0.0136188
0.319509	0.0142083
0.318428	0.0149352
0.316705	0.0161739
0.316341	0.0158547
0.316581	0.0150808
0.316511	0.0147324
0.317541	0.0134819
0.317227	0.0137406
0.316513	0.0142249
0.316712	0.0138747
0.316113	0.0142418
0.316196	0.0139793
0.314167	0.0156205
0.314163	0.0151883
0.313668	0.0152534
0.312457	0.0159427
0.309501	0.0179132
0.307998	0.0182448
0.30625	0.0188036
0.305388	0.018428
0.305062	0.017732
0.305193	0.0167189
0.304556	0.0166579
0.305088	0.0155268
0.304445	0.0156258
0.303359	0.0161645
0.303429	0.0155283
0.303634	0.0149205
0.303538	0.0146952
0.304229	0.0138187
0.305159	0.0129518
0.305637	0.0127343
0.305009	0.0134293
0.304751	0.0137325
0.304608	0.0137984
0.304387	0.0139005
0.304507	0.0137448
0.30553	0.0128286
0.305486	0.0131139
0.305797	0.0129185
0.306334	0.012618
0.30638	0.0128094
0.307676	0.011864
0.307955	0.0120248
0.308637	0.0117842
0.309135	0.0117207
0.309851	0.0115245
0.310565	0.0112806
0.31159	0.0108782
0.312552	0.0105971
0.312764	0.0110811
0.313589	0.0108626
0.314743	0.0104675
0.316153	0.00984354
0.317188	0.00975077
0.318861	0.00909701
0.320181	0.00889134
0.321733	0.0085106
0.323164	0.00833357
0.324561	0.00824058
0.325692	0.00835569
0.326739	0.00855012
0.328022	0.00850124
0.329035	0.00864636
0.331031	0.00788755
0.33281	0.00747732
0.334249	0.00747536
0.335885	0.00729367
0.33659	0.00793801
0.338487	0.00740563
0.33978	0.0075289
0.340815	0.00782379
0.341618	0.00823661
0.342559	0.00850098
0.343183	0.00892602
0.344657	0.00853103
0.345188	0.0090545
0.346256	0.00900262
0.347013	0.00917086
0.347589	0.00946736
0.34845	0.00944917
0.348113	0.0104633
0.348513	0.0106002
0.347787	0.0118182
0.347129	0.0126962
0.347072	0.0127369
0.347618	0.0122906
0.347671	0.0123238
0.347523	0.0124876
0.347925	0.0121938
0.347812	0.0123999
0.347539	0.0127313
0.348061	0.0123279
0.34698	0.0134249
0.346664	0.0135269
0.346629	0.0134763
0.346353	0.0136066
0.345822	0.013886
0.34364	0.0155731
0.342584	0.0159091
0.341726	0.0160005
0.340293	0.0165602
0.339528	0.0164084
0.338822	0.0162277
0.339079	0.015291
0.339169	0.0146909
0.339174	0.0143219
0.338504	0.014638
0.338722	0.01403
0.338556	0.0139589
0.338239	0.0140364
0.338378	0.0136603
0.339129	0.0128144
0.339993	0.0120624
0.340212	0.0120681
0.339891	0.0125076
0.340275	0.0122801
0.340128	0.0125698
0.339604	0.0130578
0.339566	0.0130364
0.339756	0.0128636
0.339209	0.0133648
0.33741	0.0148399
0.337475	0.0143361
0.336031	0.0152827
0.3356	0.0151443
0.335026	0.0152189
0.33475	0.0149547
0.334135	0.0150705
0.332695	0.015906
0.330852	0.0168512
0.330966	0.015908
0.330382	0.0158561
0.331131	0.0146084
0.331172	0.0141518
0.330746	0.0142987
0.33094	0.0138567
0.330223	0.0143232
0.329557	0.0146106
0.329191	0.0146107
0.32961	0.0138979
0.330514	0.012926
0.329528	0.0137918
0.329373	0.0138012
0.329649	0.013419
0.329634	0.0133195
0.32926	0.0136333
0.328678	0.0139941
0.328486	0.0139659
0.328703	0.0135681
0.32909	0.0131322
0.328827	0.0133422
0.329335	0.0128854
0.329878	0.0124562
0.329514	0.0129769
0.329881	0.0126858
0.330249	0.0124521
0.330447	0.012433
0.330996	0.0120517
0.331344	0.0120622
0.331466	0.0122092
0.331823	0.0121359
0.331344	0.0127636
0.331497	0.0127253
0.331998	0.0123243
0.331185	0.0132189
0.331476	0.0129231
0.331522	0.0129342
0.332056	0.012493
0.333322	0.0114747
0.333734	0.0114573
0.333603	0.0119542
0.333558	0.0123575
0.33379	0.0123029
0.333816	0.0124578
0.333699	0.0127286
0.334107	0.0124002
0.334007	0.0125998
0.333616	0.0130458
0.332579	0.0140444
0.331858	0.0144865
0.330879	0.0150642
0.330223	0.0152708
0.329674	0.015246
0.328895	0.0154711
0.327934	0.0158486
0.326147	0.0167829
0.325888	0.0162141
0.325295	0.016075
0.323559	0.0169303
0.322536	0.0170214
0.320547	0.0179333
0.318805	0.0185002
0.31723	0.0187555
0.316567	0.0181562
0.31506	0.0184125
0.313316	0.0188319
0.312794	0.0180985
0.311433	0.0182621
0.309835	0.0186132
0.309227	0.0179905
0.308564	0.017553
0.306623	0.0183672
0.306489	0.0174308
0.306117	0.0169338
0.305732	0.0164544
0.305347	0.0161528
0.306573	0.0144595
0.307109	0.0138269
0.30746	0.0133788
0.307661	0.0133008
0.308413	0.0127392
0.30842	0.0129231
0.308948	0.0125803
0.308818	0.0128872
0.308915	0.0128836
0.310434	0.0116929
0.31132	0.0113049
0.312512	0.0107506
0.312943	0.0110032
0.31323	0.0112687
0.314383	0.0107357
0.315171	0.0106539
0.315468	0.0110392
0.316319	0.0108426
0.316882	0.0109256
0.317417	0.0110213
0.318104	0.0109487
0.319253	0.0105403
0.319476	0.0109245
0.319237	0.0116889
0.319356	0.0119166
0.319977	0.0116686
0.319708	0.0122097
0.318896	0.0131744
0.319077	0.0130902
0.3194	0.0128079
0.318967	0.01331
0.318784	0.0135326
0.319642	0.0127637
0.320448	0.0121604
0.32115	0.0118371
0.320909	0.0123336
0.320873	0.0126055
0.321261	0.0123656
0.321548	0.0123243
0.322134	0.0120491
0.323074	0.011505
0.323937	0.0111302
0.324628	0.01099
0.325263	0.0109097
0.325086	0.0115675
0.326095	0.0110623
0.327354	0.0104059
0.3286	0.00991952
0.329093	0.0102177
0.329881	0.010185
0.330918	0.00995655
0.331624	0.0100538
0.331978	0.0104644
0.333152	0.0100041
0.333557	0.0103549
0.334217	0.010423
0.335108	0.0102348
0.33551	0.0105231
0.335828	0.0107824
0.337086	0.0101671
0.33785	0.0101232
0.338475	0.0101916
0.339008	0.0104015
0.338991	0.0109774
0.339194	0.0112828
0.339753	0.0111185
0.340406	0.0109397
0.340671	0.0111954
0.340814	0.011514
0.342086	0.0107208
0.340708	0.0124504
0.340816	0.0124784
0.340483	0.0128658
0.340735	0.0126559
0.341145	0.0123802
0.341814	0.0119534
0.342332	0.0116853
0.342187	0.012086
0.342346	0.0120853
0.342547	0.0120148
0.341554	0.0131377
0.340381	0.0141443
0.340133	0.0140808
0.339366	0.014492
0.340124	0.0135159
0.340181	0.0133705
0.340491	0.0130249
0.340141	0.0133473
0.340403	0.0129383
0.341025	0.0123963
0.341359	0.012219
0.341524	0.0122396
0.341396	0.012541
0.340661	0.0132785
0.340905	0.0129893
0.340938	0.0129328
0.340906	0.0128949
0.341019	0.0127554
0.340538	0.0131906
0.339263	0.0143686
0.338791	0.0144781
0.339091	0.0138849
0.339167	0.0136012
0.339858	0.0128959
0.339058	0.0136846
0.338383	0.0141054
0.337287	0.0148044
0.337	0.0146748
0.335671	0.0154981
0.334057	0.0164156
0.333782	0.0159689
0.332486	0.0164265
0.329973	0.0178545
0.326721	0.0196568
0.326158	0.0187135
0.325451	0.0181441
0.324499	0.0179026
0.323204	0.0180523
0.323003	0.0171482
0.321525	0.0176793
0.321873	0.0163408
0.321958	0.0156125
0.321735	0.0152733
0.320719	0.015774
0.321387	0.0146385
0.321474	0.0142338
0.321157	0.0142642
0.320954	0.0142495
0.319892	0.0149751
0.31939	0.0151029
0.318455	0.0155473
0.318233	0.0152482
0.317498	0.0154637
0.317245	0.0152922
0.317084	0.0149848
0.317465	0.0142833
0.318315	0.0133748
0.317607	0.0140688
0.319029	0.0126407
0.318173	0.013524
0.318392	0.0132622
0.319236	0.0125228
0.320049	0.012005
0.320723	0.011673
0.320081	0.0127121
0.321209	0.011839
0.321615	0.0118147
0.322415	0.0114435
0.322002	0.0122714
0.32342	0.011226
0.32443	0.0107591
0.325088	0.0107399
0.327007	0.00960616
0.327185	0.0102352
0.327332	0.0107341
0.328297	0.0104202
0.329224	0.0102233
0.329867	0.0102726
0.33051	0.0103173
0.331077	0.0103945
0.332346	0.00986612
0.333388	0.00966799
0.334411	0.00955701
0.334725	0.0101057
0.33561	0.00996341
0.336453	0.00990091
0.337437	0.00971502
0.337847	0.0100698
0.338577	0.0100619
0.339426	0.00993589
0.339881	0.0102088
0.340403	0.0104006
0.340779	0.0106243
0.341673	0.0103531
0.342225	0.0104587
0.34239	0.0108547
0.342709	0.0110604
0.342863	0.01137
0.343393	0.0112447
0.344035	0.011027
0.344366	0.0111354
0.343953	0.0118618
0.344317	0.011745
0.344351	0.0119765
0.344816	0.0117322
0.345945	0.0109904
0.346532	0.0109564
0.3464	0.0114829
0.346266	0.0119057
0.346633	0.0117791
0.346632	0.0120166
0.347204	0.0117246
0.347992	0.0113079
0.347643	0.0119783
0.34753	0.0122698
0.347785	0.012118
0.348407	0.0116909
0.348741	0.011634
0.349352	0.0113245
0.349516	0.0114934
0.350362	0.0109817
0.350952	0.0108442
0.352093	0.0102521
0.352922	0.0100971
0.354208	0.00953507
0.355248	0.0093276
0.354804	0.0104856
0.355392	0.0104881
0.355432	0.0109487
0.355095	0.0115901
0.354741	0.0121062
0.354086	0.0127692
0.352696	0.0139633
0.352633	0.0137447
0.350763	0.0151741
0.350537	0.0148502
0.350251	0.0146095
0.349809	0.0145866
0.349618	0.0143391
0.34958	0.0139353
0.348545	0.0146261
0.347562	0.0151076
0.346317	0.0157065
0.345147	0.0160324
0.344562	0.0157392
0.343887	0.0157164
0.341817	0.0168335
0.339854	0.0176953
0.33944	0.0169894
0.338817	0.0167294
0.338023	0.0165801
0.336255	0.0173229
0.33547	0.0170691
0.333835	0.017545
0.333088	0.0172078
0.332147	0.0171154
0.331426	0.0167929
0.331584	0.0157854
0.330115	0.0164613
0.32872	0.0170043
0.328058	0.0167015
0.327756	0.016192
0.326229	0.016893
0.326385	0.0158957
0.325747	0.0158673
0.326796	0.0143349
0.326296	0.0145082
0.325847	0.0146517
0.324842	0.0152905
0.323278	0.0161727
0.321816	0.0168259
0.32014	0.0176601
0.319877	0.0168473
0.320271	0.0156965
0.320219	0.0152444
0.320525	0.0145264
0.319671	0.0150243
0.319919	0.0144295
0.319653	0.0144208
0.319842	0.0139687
0.319668	0.0139631
0.31985	0.01362
0.319323	0.0140993
0.319365	0.0139345
0.318011	0.0150028
0.316771	0.0157446
0.316413	0.0154446
0.316677	0.0147079
0.316022	0.0150278
0.315273	0.0152684
0.314203	0.0158092
0.313458	0.0160218
0.313404	0.0154319
0.312861	0.0155111
0.313457	0.0145434
0.314043	0.0138431
0.314141	0.0136732
0.315043	0.0128419
0.315712	0.0124051
0.317279	0.0112546
0.318066	0.0110791
0.318904	0.0108241
0.320506	0.00995154
0.320931	0.0103133
0.321919	0.0101228
0.32255	0.0102776
0.323704	0.00987607
0.324734	0.00975855
0.325962	0.00948196
0.326826	0.00956008
0.327809	0.0094632
0.328202	0.00992859
0.327633	0.0112282
0.327529	0.0117581
0.328594	0.0110931
0.329894	0.0104658
0.330258	0.0107881
0.331051	0.0106448
0.331305	0.0109784
0.332391	0.0104924
0.332933	0.0105819
0.333368	0.0107798
0.333711	0.0110249
0.334152	0.0111005
0.334785	0.0110544
0.334781	0.0115981
0.334771	0.0119529
0.334531	0.0124419
0.333874	0.0131678
0.333807	0.0131672
0.333466	0.0134016
0.333347	0.0134116
0.333195	0.0134759
0.332768	0.0138295
0.331511	0.0147453
0.332522	0.0134917
0.331441	0.0143802
0.331787	0.0137544
0.331344	0.0140496
0.330863	0.0142307
0.330329	0.0143167
0.329813	0.0145161
0.32973	0.0142642
0.329579	0.0141067
0.329747	0.0137345
0.329949	0.0134185
0.329892	0.0134314
0.329899	0.0133394
0.329111	0.0140141
0.328531	0.0143287
0.327807	0.0146565
0.326585	0.0154963
0.325961	0.0155758
0.326259	0.0147589
0.32541	0.0151624
0.325186	0.0149963
0.325253	0.0146098
0.326083	0.0135557
0.326359	0.0133065
0.327155	0.0126026
0.327968	0.0120234
0.328083	0.0121915
0.32941	0.011252
0.330105	0.0110837
0.330692	0.0109892
0.33045	0.0117172
0.330592	0.0119168
0.331326	0.011496
0.331666	0.011499
0.331526	0.0120234
0.331335	0.0124544
0.332041	0.0119505
0.332521	0.0117907
0.333103	0.0115799
0.332761	0.0122108
0.332923	0.0122741
0.333148	0.0122369
0.333783	0.0119252
0.332479	0.0133501
0.332069	0.013701
0.331676	0.0139752
0.330856	0.014461
0.331359	0.013736
0.331664	0.0133231
0.331933	0.0130389
0.331543	0.0134302
0.33061	0.0141641
0.331015	0.0135833
0.330795	0.0137127
0.331091	0.0133128
0.331924	0.0125598
0.332133	0.0124817
0.331909	0.0128643
0.332087	0.0127146
0.332538	0.0123931
0.333098	0.0120627
0.334072	0.0114437
0.333396	0.0124703
0.33242	0.0134822
0.332542	0.0132764
0.332395	0.013388
0.332963	0.0128584
0.334397	0.0116266
0.335185	0.0113038
0.334433	0.0122996
0.33486	0.0120834
0.335107	0.0120945
0.33533	0.0120902
0.335212	0.012408
0.334908	0.0127795
0.335091	0.0126654
0.335081	0.0127906
0.334643	0.0132276
0.33342	0.0141991
0.332656	0.014568
0.331922	0.0148261
0.331772	0.01463
0.33207	0.0139703
0.332822	0.0130836
0.332582	0.0133102
0.332193	0.0136612
0.332529	0.0132461
0.33237	0.0133643
0.332476	0.013171
0.333138	0.0125982
0.331815	0.0139259
0.331752	0.0137887
0.331124	0.0142436
0.330919	0.0140801
0.330426	0.014255
0.330351	0.0140992
0.329447	0.0146349
0.330026	0.0137991
0.329128	0.0144983
0.329058	0.0142114
0.329043	0.0139829
0.328823	0.01409
0.328428	0.0142401
0.328247	0.0141824
0.329175	0.0131705
0.328959	0.0133907
0.328407	0.0138213
0.328931	0.0132103
0.329704	0.0125676
0.328697	0.0135537
0.328088	0.0140453
0.3284	0.0135432
0.328844	0.0130455
0.328141	0.013704
0.328066	0.0136893
0.327788	0.0138964
0.326763	0.0146837
0.326015	0.0148718
0.325845	0.0146365
0.326086	0.0141037
0.326855	0.0132647
0.327687	0.012483
0.327986	0.0123565
0.328404	0.0121217
0.328528	0.0122951
0.329071	0.0120583
0.329185	0.0122047
0.328961	0.0126051
0.329812	0.0119262
0.330702	0.0113923
0.330976	0.0115533
0.330608	0.0122696
0.330773	0.0123261
0.330659	0.012619
0.330921	0.0125127
0.331181	0.0124068
0.330485	0.0131638
0.330966	0.0126918
0.330617	0.0131417
0.329859	0.0138485
0.329854	0.0137611
0.329851	0.0135738
0.330082	0.0131942
0.330348	0.0129751
0.32987	0.0133413
0.329136	0.0139847
0.329232	0.0136911
0.329336	0.0134913
0.329752	0.0130779
0.330314	0.0125636
0.330492	0.0125631
0.331033	0.0122058
0.331812	0.0116932
0.3326	0.0113653
0.333219	0.0112386
0.333211	0.0116273
0.333968	0.0112765
0.333882	0.0117828
0.333912	0.0120385
0.334505	0.0117612
0.333725	0.0127153
0.334348	0.0122643
0.334685	0.0121268
0.334691	0.0123324
0.334196	0.0128938
0.334804	0.0123946
0.33511	0.0122766
0.335431	0.0121523
0.335159	0.0125772
0.33522	0.0126668
0.335531	0.0124872
0.336231	0.011952
0.336938	0.011549
0.336995	0.0117941
0.337219	0.0119424
0.337982	0.0115017
0.338073	0.0117299
0.338188	0.0119163
0.338972	0.0114045
0.338606	0.0120478
0.337588	0.0132745
0.337733	0.0130785
0.337942	0.0128937
0.338557	0.0124095
0.339542	0.0116454
0.339532	0.0119106
0.339952	0.011795
0.340169	0.0117869
0.340549	0.0117176
0.340279	0.0122384
0.339988	0.0126302
0.340963	0.0118246
0.34061	0.0123967
0.340813	0.0123057
0.340545	0.0126598
0.340353	0.0128738
0.340963	0.0123095
0.341004	0.0124692
0.341143	0.0124545
0.341331	0.0124429
0.341337	0.0125122
0.341034	0.012889
0.340871	0.0130405
0.340988	0.0128925
0.341145	0.0127297
0.341098	0.0128421
0.341131	0.0127732
0.34066	0.0131746
0.340019	0.0137176
0.339351	0.0141328
0.339146	0.0140536
0.339218	0.013744
0.33851	0.0141712
0.337765	0.0146009
0.336772	0.0150563
0.335798	0.015361
0.334469	0.0159809
0.331957	0.0175635
0.330696	0.017698
0.328735	0.0184501
0.327041	0.0187729
0.324988	0.019327
0.323243	0.0194736
0.322309	0.0188811
0.32006	0.0195904
0.318341	0.0196617
0.31689	0.0196187
0.314432	0.0204227
0.313368	0.019828
0.31193	0.0196906
0.311487	0.0187485
0.309685	0.0190782
0.309259	0.0182378
0.308472	0.0178039
0.30763	0.0175813
0.308009	0.0163637
0.308239	0.0155508
0.307831	0.0155331
0.30879	0.0142491
0.308541	0.0143286
0.307754	0.0148351
0.307041	0.015228
0.306039	0.0157548
0.307452	0.0140244
0.307803	0.0135887
0.308107	0.0132895
0.308483	0.0130282
0.309749	0.0120478
0.310638	0.0115773
0.311116	0.0116419
0.312538	0.0108262
0.313497	0.0105819
0.312691	0.0119443
0.313759	0.0112707
0.314561	0.0110621
0.315907	0.0104068
0.315951	0.0110555
0.317152	0.010544
0.317438	0.0109208
0.31869	0.010381
0.318988	0.010765
0.319932	0.0104801
0.321378	0.00980795
0.322538	0.00954744
0.323633	0.00940722
0.323902	0.0100745
0.324944	0.00986345
0.325746	0.00994486
0.326329	0.0101473
0.327187	0.0101098
0.328141	0.00998056
0.329835	0.00920482
0.330771	0.00927501
0.332296	0.00879479
0.33317	0.00900847
0.334086	0.00909135
0.334773	0.00929978
0.336119	0.00893378
0.337155	0.00893943
0.337986	0.00911656
0.338062	0.00995595
0.33894	0.00993892
0.340106	0.00954202
0.340584	0.00983214
0.341285	0.00986261
0.342035	0.00985641
0.342565	0.0100336
0.343424	0.00994552
0.344345	0.00981511
0.344875	0.010059
0.346026	0.00963281
0.346861	0.00958782
0.347484	0.00973767
0.347631	0.0103102
0.347759	0.0107365
0.347883	0.0110467
0.347679	0.0116532
0.348182	0.0114164
0.348836	0.0111341
0.347746	0.0124745
0.346005	0.0140996
0.344361	0.0153021
0.343716	0.0153476
0.342939	0.0154702
0.343286	0.0145653
0.342987	0.0145351
0.34271	0.0143862
0.342629	0.0140565
0.342392	0.0139852
0.341789	0.0143073
0.341846	0.0139576
0.341312	0.0141009
0.341095	0.0139974
0.339922	0.0147826
0.339757	0.0144901
0.339027	0.0147177
0.337947	0.0153102
0.336874	0.0157142
0.334843	0.0169539
0.333608	0.0171176
0.332931	0.0168607
0.331873	0.0169308
0.33095	0.016919
0.329502	0.0173087
0.328878	0.0170157
0.327771	0.0170459
0.326954	0.0169433
0.325085	0.0177547
0.324118	0.0175892
0.324242	0.0165208
0.324547	0.0155235
0.322806	0.0164988
0.322277	0.0162643
0.323327	0.014666
0.323408	0.0142852
0.323668	0.0138017
0.323436	0.0138694
0.321966	0.0150618
0.320688	0.0157686
0.320788	0.0150569
0.321566	0.0139612
0.321424	0.0139371
0.320748	0.0143842
0.320561	0.0142244
0.319814	0.0147618
0.319637	0.0146351
0.320366	0.013687
0.319742	0.0142124
0.318998	0.0146419
0.318305	0.0149865
0.318363	0.0145422
0.317071	0.0153916
0.317133	0.0148961
0.317682	0.0141284
0.317383	0.0141663
0.31629	0.0149229
0.316663	0.0142377
0.316496	0.0142125
0.315935	0.0144947
0.315535	0.0146412
0.316615	0.0134686
0.317411	0.0127733
0.317625	0.0127182
0.316956	0.0134526
0.316959	0.0135076
0.316561	0.0138376
0.315146	0.0148763
0.314643	0.0150022
0.31393	0.0152797
0.314061	0.0148149
0.313755	0.0148517
0.312312	0.0158442
0.312342	0.0152761
0.313605	0.0137956
0.314695	0.0127334
0.315017	0.0126146
0.315258	0.0126089
0.315779	0.012372
0.316939	0.0115832
0.316284	0.0125796
0.316001	0.0130333
0.315998	0.0131081
0.316797	0.0124655
0.318456	0.0112608
0.318971	0.0112333
0.318717	0.0118871
0.319774	0.0112672
0.319871	0.0116795
0.319268	0.0126208
0.319407	0.012647
0.319702	0.0125347
0.319796	0.0126315
0.320458	0.012244
0.321193	0.0118371
0.32232	0.0112118
0.322627	0.0113999
0.323073	0.011363
0.32383	0.0111461
0.324144	0.0113266
0.325258	0.0108197
0.326058	0.0106736
0.327235	0.0101781
0.327979	0.0102144
0.329043	0.00998374
0.3292	0.0105784
0.329425	0.0109925
0.329742	0.0111899
0.330233	0.0111374
0.330362	0.011486
0.331316	0.0109821
0.331666	0.0111423
0.331064	0.0120926
0.331159	0.0122536
0.330925	0.0126161
0.330615	0.0129863
0.329168	0.0142357
0.328081	0.0149968
0.328916	0.0138399
0.327872	0.0145592
0.327352	0.0146484
0.325862	0.01562
0.324399	0.0164222
0.323633	0.0164326
0.322851	0.0163798
0.321948	0.0165214
0.321125	0.0165294
0.320353	0.0164447
0.319303	0.0167029
0.319985	0.0153539
0.319409	0.0154582
0.318924	0.0153803
0.317959	0.0158912
0.316545	0.0166253
0.317506	0.0150634
0.317733	0.0145357
0.317884	0.0142176
0.317906	0.0140245
0.317582	0.0141819
0.316507	0.0149867
0.316447	0.0146485
0.316734	0.0141119
0.317101	0.0135726
0.317543	0.0131656
0.318469	0.0123968
0.318998	0.0121296
0.320358	0.0112082
0.320101	0.0119079
0.321224	0.0112322
0.322634	0.0104404
0.322139	0.011559
0.323051	0.0112127
0.324413	0.010462
0.32384	0.0115964
0.323974	0.0118571
0.323882	0.0122902
0.32455	0.0119189
0.325222	0.0116425
0.325796	0.0114947
0.326185	0.0115387
0.327257	0.0109925
0.327361	0.0114859
0.327475	0.0117354
0.327521	0.0119805
0.327325	0.0123554
0.32845	0.0115682
0.329027	0.0114473
0.33053	0.0104898
0.33147	0.0102749
0.332346	0.0101276
0.333684	0.00966798
0.334854	0.00939304
0.335811	0.00935057
0.337077	0.00903195
0.338275	0.00889233
0.339732	0.00852998
0.340816	0.00851781
0.341571	0.00885074
0.341437	0.00987879
0.341569	0.0104097
0.342385	0.0102059
0.343143	0.0101087
0.344089	0.00989467
0.345709	0.0091662
0.347271	0.00859791
0.347431	0.00936872
0.347703	0.00991324
0.348009	0.0102233
0.349196	0.00975302
0.350154	0.00961671
0.351861	0.00882833
0.352405	0.00924738
0.353138	0.00937806
0.353645	0.00965107
0.353963	0.0100126
0.354378	0.0102361
0.354552	0.0106392
0.354654	0.010994
0.355355	0.0107676
0.355504	0.0110494
0.356317	0.0106895
0.356758	0.0108017
0.357146	0.0108506
0.356989	0.0113905
0.357321	0.0113807
0.35786	0.0111825
0.357863	0.0115312
0.358562	0.0111706
0.359268	0.0108595
0.359691	0.0108924
0.360489	0.0105709
0.361376	0.010232
0.361318	0.0108483
0.362346	0.0103011
0.363004	0.0102234
0.361914	0.0116615
0.360879	0.0127388
0.360456	0.0130627
0.35937	0.0139665
0.358395	0.0145716
0.356382	0.0159256
0.35598	0.0154639
0.355078	0.0156323
0.355088	0.0149592
0.353374	0.0160284
0.351932	0.0165612
0.349275	0.0181759
0.34746	0.0185154
0.344361	0.0200276
0.342985	0.0196834
0.339502	0.0213782
0.338644	0.020307
0.338515	0.0187323
0.336492	0.0192489
0.335152	0.0189947
0.334924	0.0178509
0.333043	0.018416
0.332027	0.018086
0.329096	0.0194701
0.328099	0.0189752
0.327686	0.0180595
0.327864	0.0167481
0.326302	0.0173121
0.32501	0.0175425
0.324291	0.0172665
0.323421	0.017147
0.321837	0.0176551
0.32124	0.017273
0.32069	0.0168398
0.319563	0.0170287
0.320262	0.0155865
0.321118	0.0142907
0.320912	0.0142335
0.320332	0.0145404
0.320782	0.013842
0.320617	0.0138451
0.320982	0.013402
0.319739	0.0144532
0.319592	0.0143182
0.320511	0.0133015
0.321731	0.0122
0.322209	0.0120373
0.32161	0.0128974
0.321357	0.0131622
0.322487	0.0121768
0.323055	0.0119296
0.324517	0.0109562
0.325068	0.0109783
0.326273	0.0104056
0.327302	0.0101215
0.327795	0.0103754
0.328366	0.010566
0.329587	0.0100373
0.330142	0.0102231
0.330128	0.0108984
0.33062	0.0110246
0.331663	0.0105507
0.333084	0.00986744
0.334189	0.00958644
0.335372	0.00932689
0.336312	0.00929707
0.337285	0.00923673
0.33872	0.008816
0.340115	0.00851861
0.34213	0.00774108
0.343385	0.007784
0.343563	0.00877836
0.345212	0.00822561
0.346028	0.00854033
0.346891	0.00875335
0.347243	0.00935799
0.348432	0.00904681
0.349307	0.00909641
0.349895	0.00943896
0.350109	0.00999688
0.350682	0.0101342
0.351253	0.0101803
0.351411	0.0105944
0.352384	0.0101981
0.353079	0.0101468
0.353466	0.0103514
0.354708	0.00979931
0.354237	0.0108593
0.354138	0.0113174
0.35465	0.0112043
0.354943	0.0112728
0.356103	0.0105825
0.356307	0.0108472
0.35756	0.0101358
0.3566	0.011544
0.356136	0.0121781
0.35581	0.012587
0.355074	0.0132468
0.354256	0.0138337
0.353456	0.0142704
0.353805	0.0136144
0.352889	0.0142243
0.351231	0.0153777
0.349869	0.0159967
0.348366	0.0166338
0.348536	0.0155754
0.347693	0.0156682
0.345537	0.0169189
0.344628	0.0167239
0.343395	0.0169823
0.343132	0.0163274
0.340764	0.0176816
0.339386	0.0178303
0.337671	0.0182265
0.335477	0.0188919
0.333532	0.0191741
0.33225	0.0189763
0.329628	0.0200014
0.32744	0.0204776
0.327118	0.0190764
0.326863	0.0179525
0.326658	0.0170177
0.325846	0.0168682
0.323737	0.0178219
0.323285	0.017193
0.321691	0.0176999
0.321571	0.0168603
0.321387	0.0162247
0.320827	0.0160611
0.320898	0.0154057
0.320315	0.0154546
0.320738	0.0146089
0.32115	0.0139725
0.321714	0.0133047
0.321083	0.0138302
0.320348	0.0143849
0.320757	0.0137616
0.320336	0.0140669
0.319927	0.0142725
0.320273	0.0137794
0.320802	0.0132348
0.320608	0.0134548
0.320449	0.0136008
0.320003	0.0139727
0.319352	0.0144374
0.319464	0.014133
0.320317	0.0132055
0.319297	0.0141759
0.318999	0.0142841
0.318193	0.0148036
0.318756	0.0140068
0.317539	0.0149124
0.316286	0.0157018
0.315681	0.015671
0.314437	0.0162631
0.311266	0.0184237
0.31122	0.0173174
0.31044	0.0172217
0.309269	0.0174408
0.30843	0.0172678
0.308119	0.0166896
0.307225	0.016751
0.307518	0.0157085
0.307407	0.0153021
0.308384	0.0140124
0.30894	0.0133701
0.310064	0.0124105
0.31157	0.0113199
0.313185	0.0103983
0.314213	0.0101988
0.31371	0.0113297
0.313732	0.0117772
0.315058	0.0109928
0.316011	0.0106734
0.31677	0.0106229
0.317498	0.0106085
0.318499	0.0102822
0.320008	0.00964541
0.320294	0.0102408
0.320778	0.0105089
0.321217	0.0107228
0.321625	0.0109477
0.32245	0.010765
0.323327	0.0105899
0.323489	0.011061
0.324356	0.0108152
0.324859	0.010949
0.325376	0.0110495
0.325234	0.0117397
0.3259	0.0115006
0.3261	0.0116984
0.326613	0.0116083
0.326137	0.0124618
0.326227	0.0126104
0.326096	0.0129412
0.327066	0.0121816
0.327458	0.0120929
0.328242	0.0116603
0.329063	0.0112708
0.329218	0.0116084
0.329893	0.0113788
0.330245	0.0114154
0.330833	0.0112964
0.330954	0.0116272
0.330498	0.0123375
0.331283	0.0118278
0.332471	0.0111202
0.331671	0.0122876
0.332127	0.012078
0.331667	0.0126661
0.331895	0.0125532
0.331118	0.0134115
0.33072	0.0137782
0.330526	0.0138033
0.331498	0.0127735
0.330237	0.0138998
0.329625	0.0143156
0.329489	0.0141705
0.330569	0.0129951
0.330556	0.0130147
0.331551	0.012129
0.331516	0.0123648
0.332366	0.0117679
0.332711	0.0117714
0.333812	0.0110941
0.334145	0.0113153
0.334377	0.0115804
0.335024	0.0113677
0.333701	0.0129495
0.333	0.0135828
0.333667	0.0128994
0.333979	0.012641
0.334215	0.0125106
0.334953	0.0119455
0.334615	0.0124779
0.335709	0.011636
0.337099	0.010721
0.336844	0.0114207
0.337552	0.0112062
0.337285	0.0118352
0.337801	0.0116003
0.337334	0.0123521
0.337578	0.0122939
0.337172	0.0127975
0.337466	0.0125951
0.338116	0.0120818
0.339099	0.0113632
0.338979	0.0118413
0.338454	0.0125011
0.339571	0.0116129
0.340176	0.0113627
0.34012	0.0118079
0.340756	0.0115114
0.340816	0.0118279
0.340896	0.0120215
0.340669	0.0124609
0.341493	0.0117959
0.341107	0.0123544
0.341394	0.0121747
0.34144	0.012324
0.342197	0.0117868
0.342176	0.0120865
0.341432	0.0129036
0.340637	0.0136402
0.341011	0.0131289
0.341318	0.0127827
0.339898	0.0140548
0.337395	0.0159256
0.337175	0.0154899
0.336493	0.015493
0.335877	0.0154757
0.334912	0.0158066
0.333523	0.0163806
0.332332	0.0167583
0.33095	0.0172434
0.330031	0.0172069
0.328283	0.0178651
0.329277	0.0159207
0.327039	0.0173197
0.324218	0.0189286
0.324098	0.0177429
0.323978	0.0167853
0.321863	0.017852
0.319691	0.0187227
0.316588	0.0203157
0.314873	0.0202998
0.314474	0.0191237
0.315056	0.0173657
0.313039	0.018281
0.312241	0.0178931
0.311107	0.0179095
0.310569	0.0174539
0.310921	0.0162532
0.310564	0.0158788
0.31053	0.0153555
0.310391	0.0150548
0.309988	0.0151273
0.31091	0.0139284
0.312507	0.0124361
0.314113	0.0112421
0.31451	0.0113686
0.315284	0.0111399
0.316458	0.0106094
0.317075	0.0106688
0.317821	0.0106435
0.318949	0.0102636
0.319893	0.0101481
0.321336	0.00957315
0.321918	0.00987175
0.32294	0.00971973
0.323558	0.00996002
0.324326	0.010038
0.325373	0.00981421
0.326809	0.00929656
0.327448	0.00960963
0.32764	0.0102645
0.329042	0.00965174
0.330263	0.00933857
0.33072	0.00972858
0.331584	0.0097421
0.332553	0.00966329
0.333803	0.00932072
0.334398	0.00961414
0.33531	0.0095988
0.336205	0.00960373
0.336585	0.0100845
0.337357	0.0100619
0.337174	0.01092
0.337897	0.0107417
0.338076	0.0110201
0.338476	0.0111613
0.339687	0.0105185
0.340916	0.0100011
0.34173	0.00989702
0.342502	0.00991044
0.342951	0.0102167
0.344474	0.00945693
0.345315	0.00946381
0.346362	0.00927943
0.347997	0.00862706
0.349677	0.00809323
0.350955	0.00800053
0.351478	0.00864272
0.352646	0.00852442
0.353464	0.00870887
0.353766	0.0093637
0.354558	0.0094389
0.35454	0.0101392
0.356214	0.00922685
0.357297	0.00903415
0.358261	0.00895875
0.358802	0.00931497
0.358628	0.0102179
0.358998	0.0104169
0.358704	0.011157
0.35966	0.0107018
0.360356	0.0105278
0.360305	0.0109513
0.361098	0.0106575
0.360161	0.0119117
0.361401	0.0109303
0.362372	0.0104115
0.362406	0.0108198
0.362611	0.0110666
0.361555	0.0122714
0.361152	0.0126846
0.360469	0.0132508
0.358997	0.0143968
0.35923	0.0137316
0.359657	0.0130366
0.359752	0.0128651
0.359759	0.0127795
0.359624	0.0128573
0.358005	0.014212
0.356778	0.0148761
0.356061	0.0149895
0.356173	0.0144282
0.353822	0.0161168
0.352146	0.016852
0.350851	0.016926
0.350157	0.0166538
0.349028	0.0167675
0.346729	0.0179284
0.344583	0.0186457
0.341982	0.0196812
0.339869	0.0200818
0.338832	0.0193647
0.337183	0.0192604
0.33706	0.0179548
0.333549	0.0197775
0.332151	0.0194674
0.329455	0.0203075
0.328522	0.0194878
0.325196	0.0209413
0.321171	0.0226993
0.319037	0.0224332
0.3184	0.0209722
0.318077	0.0195261
0.317362	0.0187362
0.315376	0.0191953
0.313404	0.0196995
0.311773	0.0197911
0.311222	0.0188763
0.310683	0.018125
0.311013	0.0168102
0.308573	0.0181751
0.309129	0.0166305
0.306838	0.017929
0.306529	0.0172581
0.30508	0.0177369
0.30424	0.0175081
0.304499	0.0164863
0.303772	0.0165594
0.303663	0.0159609
0.301935	0.0170409
0.3014	0.0166994
0.300841	0.0165988
0.298812	0.0178387
0.298483	0.0172298
0.296793	0.0179007
0.295448	0.0182423
0.294879	0.0177505
0.292919	0.0185533
0.292586	0.01781
0.29283	0.0167115
0.292018	0.0167631
0.291064	0.0169058
0.29115	0.0162276
0.291165	0.0156135
0.291768	0.0146998
0.292392	0.0139837
0.293091	0.0133648
0.294078	0.0126098
0.29522	0.0118802
0.295484	0.0121495
0.296155	0.0118938
0.296935	0.0116737
0.297671	0.0114569
0.298232	0.0114303
0.299001	0.0112482
0.300245	0.0107055
0.300659	0.0110464
0.301871	0.0105865
0.302343	0.0109235
0.3034	0.0106432
0.304174	0.0106643
0.30523	0.0104186
0.306126	0.0103135
0.30734	0.00998846
0.308713	0.00957849
0.309516	0.0097568
0.310478	0.0097424
0.312128	0.00914781
0.313372	0.00903592
0.314859	0.00873309
0.315939	0.00885856
0.31801	0.00805826
0.319802	0.00763645
0.321243	0.00762982
0.322152	0.00811458
0.323098	0.00844609
0.323996	0.00879342
0.325409	0.00856435
0.326589	0.00852835
0.327416	0.00880588
0.327777	0.00944704
0.32922	0.00901767
0.329707	0.00954748
0.331083	0.00913588
0.332584	0.00866753
0.334207	0.00819383
0.335966	0.00773081
0.337274	0.007771
0.338353	0.00800289
0.33921	0.00835907
0.340354	0.00832463
0.341729	0.00816279
0.342392	0.00860276
0.343664	0.00846321
0.344587	0.00865818
0.345367	0.0089572
0.346085	0.00919535
0.346604	0.00959063
0.347224	0.00980384
0.347976	0.00982727
0.349394	0.00924939
0.349999	0.00949089
0.350874	0.00944017
0.352267	0.00894822
0.352657	0.00945288
0.353478	0.00944212
0.354359	0.00934829
0.354912	0.00955111
0.355794	0.009472
0.356891	0.00921792
0.357022	0.00983026
0.357479	0.0099972
0.356729	0.011196
0.356836	0.0114354
0.357359	0.0112338
0.357765	0.011176
0.358171	0.0111338
0.35801	0.0116339
0.357982	0.0118729
0.357107	0.0127271
0.357148	0.0126503
0.357739	0.0121797
0.357808	0.0121804
0.357947	0.0121994
0.358073	0.0121075
0.358318	0.0120275
0.357417	0.0129244
0.357119	0.0131232
0.357633	0.0125307
0.356673	0.0134518
0.356008	0.0138563
0.354118	0.0152397
0.352543	0.0160262
0.352774	0.0150543
0.350773	0.0163537
0.349745	0.0164425
0.349201	0.0160105
0.347246	0.0169036
0.346497	0.0166344
0.345787	0.0164017
0.343539	0.0176651
0.344403	0.0157983
0.344771	0.0147974
0.344472	0.0146783
0.342195	0.0162678
0.340933	0.0166636
0.337272	0.0189831
0.337095	0.0177373
0.335581	0.0180649
0.334415	0.0179706
0.333008	0.0181627
0.331342	0.0184326
0.329912	0.018468
0.329221	0.0179243
0.328325	0.0175925
0.326119	0.0186372
0.323681	0.019545
0.322236	0.0193104
0.319851	0.0200342
0.318115	0.0200682
0.316028	0.0204336
0.315914	0.0189078
0.315787	0.017803
0.314352	0.0181103
0.313813	0.0175137
0.313018	0.0172177
0.312494	0.0168149
0.312108	0.0164209
0.312141	0.0157091
0.313453	0.0140097
0.312994	0.0143218
0.313206	0.0139336
0.312297	0.0146293
0.313026	0.0136781
0.313399	0.0133163
0.313127	0.0135832
0.31317	0.013488
0.313849	0.0128663
0.313919	0.0129329
0.313916	0.0130099
0.313858	0.013119
0.315041	0.0121794
0.316048	0.0115857
0.316734	0.011418
0.317722	0.0110012
0.318492	0.0108102
0.319829	0.0101972
0.3203	0.0104371
0.320516	0.0109175
0.321113	0.0108983
0.322896	0.00988647
0.324159	0.00952234
0.325572	0.0091191
0.327383	0.00846061
0.329055	0.00803779
0.330696	0.00771798
0.332456	0.00735132
0.3339	0.0074037
0.33493	0.00778941
0.335684	0.00830238
0.337233	0.00799136
0.338558	0.00794935
0.33989	0.00791405
0.341735	0.00742426
0.342543	0.00792766
0.34403	0.00771469
0.344211	0.00869693
0.345423	0.00857269
0.345692	0.00940397
0.346144	0.00981068
0.346895	0.00988047
0.347276	0.0101896
0.347687	0.0103951
0.348394	0.0103214
0.349111	0.0102321
0.35008	0.00992072
0.350427	0.0102919
0.350545	0.010677
0.351214	0.0106034
0.350618	0.011538
0.350664	0.0117912
0.349975	0.0126662
0.350207	0.0124875
0.350142	0.0125804
0.349623	0.0130731
0.349266	0.0132621
0.3488	0.0135203
0.348711	0.0134218
0.347952	0.0139548
0.347723	0.0138436
0.346673	0.0145604
0.346638	0.0142407
0.346926	0.0136671
0.344764	0.015356
0.345006	0.0146256
0.345609	0.0136804
0.344911	0.0140621
0.344351	0.0142944
0.344209	0.0140489
0.343062	0.0148102
0.342275	0.0151138
0.34236	0.0145699
0.341761	0.0147322
0.339557	0.0162885
0.338691	0.0162143
0.336181	0.0176047
0.335	0.0175824
0.333436	0.0179609
0.331282	0.018716
0.330735	0.0179807
0.328753	0.0185889
0.326271	0.0195119
0.325616	0.0186816
0.323741	0.0191455
0.322342	0.0190076
0.321125	0.0187322
0.318718	0.0196371
0.316303	0.0203203
0.3143	0.0205061
0.313566	0.0196358
0.310362	0.0211335
0.309382	0.0203049
0.308165	0.0198423
0.307805	0.0187223
0.305718	0.0194396
0.305266	0.0185106
0.305083	0.0175743
0.304925	0.0168165
0.303278	0.0175333
0.301603	0.0182116
0.300086	0.0185134
0.299127	0.0183378
0.298013	0.0183099
0.297923	0.0173206
0.297066	0.0172798
0.29722	0.016339
0.297487	0.015505
0.29759	0.0149583
0.298335	0.0140205
0.299622	0.0127877
0.300689	0.0120415
0.300448	0.0126709
0.300353	0.0129779
0.301251	0.0123723
0.301926	0.0120872
0.302283	0.0121275
0.302903	0.011893
0.304368	0.0110271
0.304855	0.0112009
0.305436	0.0112624
0.306229	0.0110914
0.30666	0.0112999
0.306957	0.0114679
0.307369	0.011561
0.308131	0.011353
0.30962	0.0105343
0.310836	0.0101934
0.311533	0.0103397
0.312659	0.0100571
0.31376	0.00984598
0.314904	0.0097053
0.315406	0.0101279
0.316376	0.0100172
0.317379	0.0099043
0.318291	0.00989196
0.319684	0.00946965
0.320268	0.00981704
0.321747	0.0092757
0.32295	0.00909929
0.323979	0.00916973
0.325387	0.00883775
0.327192	0.0082188
0.327903	0.0086991
0.329737	0.00808747
0.331207	0.00792744
0.33287	0.0076357
0.333576	0.00830495
0.334345	0.00870353
0.334959	0.00910826
0.336258	0.00883295
0.337495	0.00866008
0.338579	0.00869497
0.339726	0.00862223
0.3407	0.00872713
0.341009	0.00940081
0.34184	0.0094226
0.342679	0.00943456
0.343519	0.00949025
0.343401	0.0103271
0.343921	0.0104509
0.343991	0.0110004
0.343711	0.0116978
0.343936	0.0118064
0.344086	0.0119087
0.344185	0.0120636
0.344062	0.0123402
0.344249	0.0123037
0.344769	0.0119987
0.344108	0.01281
0.343682	0.013216
0.342457	0.0142679
0.34091	0.0152685
0.340051	0.0154773
0.338732	0.0160645
0.338617	0.0154859
0.33776	0.01572
0.336481	0.0163222
0.336147	0.0159293
0.33611	0.015343
0.335914	0.0150272
0.333655	0.0164914
0.333738	0.0156706
0.333677	0.0151358
0.333321	0.0150165
0.333454	0.0144512
0.332096	0.0153332
0.331513	0.0153771
0.331024	0.0153087
0.330532	0.0152583
0.329375	0.0158466
0.32851	0.0160403
0.327344	0.0164192
0.327474	0.0155832
0.325696	0.0165274
0.323701	0.017514
0.320426	0.0195379
0.320646	0.0179084
0.318663	0.01874
0.318798	0.0173907
0.319664	0.0156955
0.318782	0.0158647
0.31865	0.0154144
0.318299	0.0152906
0.318055	0.0151115
0.317946	0.0147567
0.317569	0.01481
0.317163	0.0149187
0.317246	0.0144906
0.317288	0.0141731
0.317415	0.0138901
0.317508	0.0137192
0.318884	0.0124344
0.319714	0.0119073
0.31981	0.0121414
0.319115	0.0129898
0.318206	0.0138879
0.317436	0.0143773
0.318495	0.0131997
0.319348	0.0124345
0.319907	0.01214
0.320643	0.011799
0.321745	0.0111777
0.322094	0.0113404
0.323274	0.0107047
0.324858	0.0098842
0.326164	0.00948423
0.327722	0.00894871
0.328681	0.00902939
0.329588	0.00910398
0.330539	0.00913507
0.332297	0.00849303
0.332905	0.00900986
0.333963	0.00904865
0.33476	0.00923705
0.335584	0.00937563
0.336352	0.00951478
0.337028	0.00977525
0.337099	0.0103715
0.337825	0.0103642
0.338758	0.0101522
0.339666	0.00994644
0.340368	0.0100265
0.341459	0.0097169
0.342408	0.00962589
0.34354	0.00937992
0.34439	0.00946676
0.345296	0.00943166
0.34556	0.0100173
0.34586	0.0103615
0.345693	0.0110217
0.347361	0.00998666
0.348238	0.00983418
0.349208	0.00960498
0.349329	0.0102111
0.35027	0.00996505
0.351389	0.00960619
0.351635	0.0100383
0.352367	0.0100174
0.353187	0.0098558
0.35335	0.0103251
0.354711	0.00966997
0.354515	0.0104763
0.355519	0.0100909
0.356238	0.0100363
0.356033	0.0108318
0.355488	0.0117098
0.355343	0.0120836
0.355461	0.0120837
0.355837	0.0118945
0.354966	0.0128464
0.354323	0.0134335
0.353113	0.0143252
0.351875	0.0150395
0.350947	0.0152994
0.347684	0.0175948
0.345951	0.0181343
0.344477	0.0182615
0.342706	0.0186414
0.341555	0.0184021
0.339455	0.0190077
0.338173	0.0187855
0.33688	0.018584
0.336992	0.0172427
0.334814	0.0182016
0.333495	0.0182426
0.331144	0.0191478
0.329584	0.0191346
0.327024	0.0200778
0.324251	0.020953
0.322097	0.0210537
0.320748	0.0205145
0.319415	0.0200435
0.318772	0.0191587
0.319004	0.0176274
0.317101	0.0183979
0.314543	0.0195057
0.312522	0.0199766
0.310328	0.0203529
0.309084	0.0199813
0.307101	0.020175
0.306883	0.0188916
0.30633	0.0181504
0.306213	0.0171595
0.304013	0.018304
0.303834	0.0174484
0.303696	0.0167282
0.303654	0.0160286
0.304371	0.0148371
0.305416	0.0136162
0.30605	0.0130406
0.30641	0.0128437
0.306375	0.0130614
0.307539	0.0121275
0.308074	0.0120078
0.308938	0.0115778
0.309756	0.0112932
0.311329	0.0104406
0.312788	0.00984884
0.312925	0.0105518
0.314275	0.0100311
0.314967	0.01017
0.315983	0.0100093
0.316913	0.00994012
0.317893	0.00985454
0.318282	0.0102518
0.318995	0.0103115
0.319843	0.0102886
0.3212	0.00974126
0.322453	0.00945129
0.323259	0.00958784
0.323686	0.0100237
0.325104	0.00947988
0.325775	0.00973879
0.326911	0.00948552
0.327464	0.00985997
0.328355	0.0098335
0.329879	0.0092335
0.331154	0.00898042
0.33309	0.00820071
0.334305	0.00825083
0.335659	0.00815485
0.336487	0.00853761
0.337572	0.00860312
0.337734	0.00940621
0.338425	0.0095991
0.338813	0.0100564
0.339748	0.00984573
0.341147	0.00928254
0.342043	0.00930079
0.343021	0.00925206
0.34342	0.00973066
0.344083	0.00983966
0.344976	0.0097377
0.345731	0.00976285
0.347096	0.0092138
0.346763	0.0103099
0.347145	0.0105316
0.347679	0.0106198
0.348837	0.0100673
0.348919	0.0105648
0.348846	0.0111901
0.349311	0.0111559
0.349607	0.0112488
0.349554	0.0116071
0.349587	0.0118663
0.34733	0.0140866
0.347154	0.0139113
0.347264	0.0135749
0.347726	0.0130334
0.347351	0.0133657
0.346658	0.013861
0.346064	0.0141691
0.345309	0.0144734
0.343923	0.0153858
0.343827	0.0148552
0.343363	0.0148757
0.342466	0.015276
0.342385	0.014832
0.342434	0.0143423
0.342668	0.0138777
0.34256	0.0137011
0.343819	0.0123633
0.345222	0.0112409
0.34645	0.0104606
0.347228	0.0103108
0.346821	0.0112322
0.347614	0.0108401
0.347306	0.0115149
0.347022	0.0120243
0.347072	0.0120843
0.346819	0.0124578
0.346898	0.0124978
0.346759	0.0126542
0.34646	0.0129518
0.345045	0.0141261
0.344917	0.0139438
0.344021	0.0144816
0.342583	0.015349
0.342595	0.0147414
0.341812	0.0149867
0.342533	0.0139258
0.343158	0.0131232
0.34285	0.0133609
0.342031	0.0139654
0.341618	0.0141359
0.341401	0.0140872
0.341148	0.0140369
0.341509	0.0134361
0.341275	0.0134994
0.341081	0.0135387
0.340724	0.0136721
0.339562	0.0145006
0.339356	0.0143704
0.338076	0.0152191
0.336708	0.0159177
0.335299	0.0165659
0.334062	0.0167864
0.332602	0.0173202
0.331133	0.0177388
0.330181	0.0175259
0.328824	0.0177253
0.327977	0.0174723
0.326167	0.0181808
0.325094	0.0179818
0.324007	0.0178916
0.323386	0.0173602
0.323052	0.016755
0.322131	0.0167524
0.321114	0.0168975
0.319499	0.0175354
0.31807	0.0178331
0.316652	0.0179919
0.315759	0.0177257
0.315763	0.0167293
0.314409	0.0171653
0.313691	0.0169647
0.312852	0.0169582
0.311595	0.0172132
0.311871	0.0161687
0.311758	0.0156938
0.309896	0.0168937
0.310109	0.0159592
0.309854	0.0156127
0.309053	0.0158698
0.308525	0.0158265
0.307773	0.0159711
0.307662	0.0155354
0.30633	0.0162841
0.305424	0.0164652
0.306559	0.0148409
0.306568	0.0145569
0.307342	0.0136319
0.306723	0.0141231
0.307016	0.0137048
0.306005	0.0145683
0.306274	0.0141123
0.306264	0.0140717
0.306009	0.0141289
0.306912	0.0132369
0.307622	0.0126348
0.308136	0.012359
0.308499	0.0122883
0.308252	0.0128005
0.30883	0.0124616
0.309076	0.0124877
0.309384	0.0124367
0.309825	0.0122855
0.309918	0.012465
0.310753	0.011975
0.312357	0.0109371
0.311954	0.011925
0.311763	0.012455
0.313009	0.0115775
0.31392	0.0111538
0.315686	0.010092
0.31684	0.00980872
0.317971	0.00961201
0.319121	0.00947176
0.320001	0.0095765
0.320939	0.00960666
0.322175	0.0093448
0.323619	0.00896241
0.325634	0.00813682
0.327128	0.00794451
0.328993	0.00747686
0.330691	0.00723819
0.332591	0.00687118
0.334121	0.00693102
0.335813	0.00678766
0.337433	0.00675763
0.33913	0.0066483
0.340914	0.00648982
0.342438	0.00660114
0.3441	0.00651319
0.345401	0.00674957
0.346536	0.00711575
0.348175	0.00696791
0.349249	0.00731855
0.350412	0.00749601
0.351502	0.00772457
0.352801	0.00767165
0.353841	0.00787375
0.353597	0.00915752
0.354404	0.00922875
0.355414	0.00911595
0.356304	0.00910873
0.356821	0.00946486
0.357447	0.00961907
0.357636	0.0101103
0.358372	0.0100085
0.359454	0.00966307
0.360569	0.00931775
0.361246	0.00945164
0.362015	0.00944613
0.36296	0.00930241
0.363822	0.00927819
0.364486	0.00939699
0.365111	0.00947856
0.365768	0.00958967
0.36604	0.00994202
0.366671	0.00991292
0.367096	0.0100686
0.366252	0.0113646
0.36487	0.0128357
0.364579	0.0129764
0.363774	0.0135435
0.363801	0.0132632
0.363033	0.0138005
0.362429	0.0140703
0.362121	0.0139413
0.361405	0.0142317
0.360464	0.014707
0.360131	0.0144962
0.36062	0.0136569
0.360476	0.0135019
0.360055	0.0136242
0.359249	0.0141007
0.359828	0.0132592
0.35834	0.014441
0.357659	0.0146627
0.355375	0.016183
0.353359	0.0172158
0.350528	0.0187556
0.34859	0.0190747
0.344493	0.0213762
0.341316	0.0222026
0.33831	0.0227796
0.336419	0.0222053
0.333692	0.0226241
0.330842	0.0230023
0.327774	0.0235591
0.325454	0.0233318
0.322612	0.0235785
0.322221	0.0215307
0.320857	0.0209801
0.319286	0.0207209
0.318252	0.0199676
0.317179	0.0193709
0.316495	0.0186364
0.315085	0.0187634
0.314854	0.0177862
0.314226	0.0173429
0.312739	0.0178129
0.312534	0.0170815
0.31246	0.0163139
0.31218	0.0159431
0.312072	0.015485
0.312023	0.015023
0.311734	0.0149254
0.311907	0.0144134
0.312256	0.0139226
0.312221	0.0138061
0.312998	0.0130872
0.312176	0.0138072
0.311767	0.0140944
0.312439	0.0133916
0.312498	0.0133882
0.313016	0.0129602
0.313222	0.0128287
0.313523	0.012683
0.314162	0.0123054
0.31393	0.0127645
0.315657	0.0113756
0.315929	0.0115373
0.316153	0.0117504
0.317427	0.0110048
0.316923	0.0120075
0.317764	0.0115774
0.318806	0.0111034
0.320007	0.0105385
0.321497	0.00985666
0.322009	0.0102087
0.323068	0.00999069
0.324031	0.00986057
0.325027	0.00976805
0.325259	0.0103043
0.325494	0.0107757
0.325762	0.0110584
0.326708	0.0107094
0.32799	0.0101618
0.328617	0.0102756
0.329971	0.00972728
0.330796	0.00975331
0.332004	0.0094256
0.333246	0.00917734
0.334131	0.00927312
0.335014	0.00935753
0.335922	0.00939292
0.337319	0.00900775
0.339092	0.00834674
0.340506	0.00811552
0.341414	0.00839784
0.342617	0.00833612
0.343699	0.00839183
0.344908	0.00834481
0.345495	0.00880674
0.346363	0.00891103
0.347287	0.00897253
0.34811	0.00912746
0.348807	0.00934833
0.349759	0.00928723
0.350546	0.00936029
0.350435	0.0102154
0.351392	0.00993563
0.351979	0.0100964
0.352224	0.0104458
0.35252	0.010675
0.353256	0.0104765
0.353855	0.0104835
0.354995	0.00997965
0.356456	0.00929032
0.356685	0.00984483
0.356813	0.0103528
0.357293	0.010447
0.357859	0.0104388
0.357542	0.0112641
0.356119	0.0128213
0.356377	0.0125335
0.354754	0.0140149
0.354357	0.0140496
0.353921	0.0141263
0.353621	0.0140236
0.353707	0.0136622
0.353396	0.0137277
0.351724	0.0149831
0.350216	0.015747
0.348484	0.0166316
0.34664	0.0172964
0.34369	0.0187939
0.342883	0.018206
0.341493	0.018222
0.339208	0.0191485
0.338794	0.018143
0.337258	0.0183975
0.334921	0.0192255
0.334425	0.0182465
0.334143	0.0172395
0.333531	0.0167687
0.333701	0.0157847
0.332577	0.0161189
0.333855	0.0143022
0.335182	0.0128449
0.334035	0.0138383
0.33351	0.0141454
0.332673	0.0146702
0.331627	0.0153939
0.330648	0.0158183
0.329633	0.0161434
0.327836	0.0170501
0.326865	0.0170629
0.32499	0.0177557
0.324479	0.0172498
0.323295	0.0173347
0.322227	0.0174475
0.32176	0.0168486
0.321329	0.0163779
0.320825	0.0161406
0.319909	0.0163262
0.319993	0.015585
0.319295	0.0156414
0.318388	0.0159109
0.317513	0.0162114
0.317877	0.0152668
0.317713	0.0150733
0.316735	0.0154309
0.315479	0.0160613
0.315727	0.0152473
0.315964	0.0146097
0.315344	0.014865
0.314686	0.0151842
0.314108	0.015263
0.313355	0.0155753
0.312982	0.0153906
0.313026	0.0149148
0.313393	0.0142763
0.31381	0.0137083
0.313124	0.0142771
0.312252	0.0148033
0.312	0.0147602
0.311008	0.0153731
0.309946	0.0158719
0.310174	0.0151524
0.309766	0.0151084
0.308275	0.0162168
0.306686	0.0169203
0.305745	0.0170302
0.305064	0.0168643
0.304486	0.0166658
0.302118	0.0181411
0.300885	0.0182588
0.300234	0.0177552
0.299634	0.0173333
0.29891	0.0171357
0.298362	0.0168402
0.298551	0.0159451
0.29827	0.0157678
0.298073	0.0155686
0.298076	0.0151765
0.298357	0.0146141
0.298645	0.0141543
0.299618	0.0131935
0.300834	0.0122608
0.301797	0.0117365
0.302059	0.0120133
0.302876	0.0116205
0.303588	0.0114172
0.304861	0.0107593
0.305919	0.010443
0.306797	0.010375
0.308291	0.00980665
0.309357	0.00969172
0.309883	0.0101251
0.311041	0.00985308
0.31216	0.00966499
0.313829	0.00901044
0.314884	0.00910207
0.315792	0.00926281
0.316712	0.00944658
0.317895	0.00930557
0.319401	0.00888352
0.320427	0.00895046
0.321719	0.00877631
0.322461	0.00916056
0.324027	0.00868434
0.325766	0.00816797
0.326964	0.00825322
0.327775	0.00859554
0.328899	0.00862817
0.330051	0.00860589
0.331397	0.00844551
0.332095	0.00885804
0.333472	0.00859801
0.334928	0.00828997
0.335238	0.00910945
0.336349	0.00899323
0.336536	0.00971093
0.337576	0.00954492
0.338163	0.00982643
0.33856	0.0102402
0.338683	0.0106983
0.339268	0.0107292
0.339544	0.0109727
0.33965	0.0113444
0.340776	0.0107151
0.341835	0.0102538
0.342705	0.010147
0.343715	0.0098694
0.345147	0.00929971
0.345786	0.00946816
0.34637	0.00965875
0.347617	0.00929419
0.347725	0.0100179
0.349143	0.00941261
0.349747	0.00968172
0.350663	0.0095445
0.351794	0.00926394
0.352292	0.00965498
0.352508	0.0101253
0.353132	0.0101172
0.35409	0.00980933
0.355218	0.00946532
0.356091	0.00941452
0.357128	0.00922427
0.357084	0.0101003
0.357057	0.0106542
0.358083	0.0101532
0.358611	0.0102344
0.35901	0.0103649
0.358628	0.0111821
0.358223	0.0118392
0.358335	0.0118942
0.35915	0.0113364
0.359549	0.0112374
0.360118	0.0110299
0.360451	0.011026
0.360764	0.0110955
0.360792	0.0113411
0.361093	0.0113361
0.361863	0.0109356
0.362525	0.0107114
0.363277	0.0104327
0.363246	0.0109094
0.36339	0.0111548
0.363927	0.0109728
0.364717	0.010591
0.364596	0.0111438
0.365014	0.011075
0.364523	0.0117867
0.365708	0.0109214
0.364989	0.0118621
0.364904	0.012037
0.364421	0.0125502
0.364368	0.0125999
0.363656	0.0132138
0.363588	0.0130753
0.361437	0.0149503
0.362359	0.013573
0.36182	0.0137471
0.361057	0.0141726
0.359994	0.0147965
0.358234	0.0157929
0.356477	0.0166072
0.354439	0.0175064
0.353465	0.0172466
0.352169	0.0173269
0.349994	0.0181803
0.348849	0.0179883
0.348347	0.0172842
0.347221	0.0173158
0.347581	0.0160302
0.346346	0.0163564
0.343051	0.0184239
0.341038	0.0189282
0.339841	0.0186283
0.337218	0.0196349
0.335993	0.0192145
0.335221	0.0185686
0.333294	0.0190074
0.331202	0.0195081
0.329724	0.0192634
0.328019	0.0194101
0.325862	0.0198226
0.324988	0.0190108
0.324186	0.0183873
0.322565	0.0187293
0.321157	0.0188095
0.319467	0.019153
0.318869	0.0183432
0.319114	0.0170169
0.316906	0.0180914
0.316061	0.0177845
0.315821	0.0170002
0.316346	0.0157373
0.316903	0.0147584
0.317622	0.0137939
0.318404	0.012975
0.318135	0.0133567
0.318142	0.0133513
0.318867	0.0127427
0.320449	0.0114602
0.320471	0.0118709
0.321736	0.0110603
0.322432	0.0108794
0.32343	0.010512
0.323997	0.0106158
0.324984	0.0103023
0.326029	0.010041
0.326816	0.0100572
0.327397	0.0102658
0.327264	0.0110602
0.328122	0.0107813
0.329468	0.0101493
0.330244	0.0101961
0.331664	0.00960981
0.33264	0.00951742
0.333202	0.00976761
0.333952	0.0098286
0.334329	0.0102216
0.334119	0.0110533
0.333468	0.0121283
0.333136	0.0126016
0.333678	0.0122455
0.334411	0.0117651
0.334261	0.012127
0.334449	0.0121629
0.334821	0.0120294
0.335467	0.0116812
0.336119	0.0114112
0.336136	0.0117727
0.336858	0.011408
0.337099	0.011528
0.337239	0.0117023
0.338213	0.0111363
0.339013	0.0108257
0.338917	0.0114098
0.338241	0.0123759
0.337735	0.0129541
0.33823	0.0125151
0.337877	0.0128894
0.337723	0.0130396
0.338453	0.0123587
0.33897	0.012078
0.338496	0.0127225
0.337755	0.0134544
0.337244	0.0137688
0.336722	0.0140902
0.336763	0.0138497
0.335305	0.0148801
0.335373	0.0143845
0.334597	0.0147915
0.333948	0.0149214
0.33315	0.0151784
0.332181	0.0155553
0.332089	0.0150949
0.32995	0.016466
0.328452	0.0170409
0.328154	0.0164301
0.326825	0.0168743
0.326352	0.016395
0.326413	0.015629
0.32582	0.0155809
0.325388	0.0154631
0.324146	0.0160704
0.323084	0.016337
0.322354	0.0163673
0.322103	0.0158758
0.321901	0.0154471
0.321922	0.01498
0.322854	0.0138043
0.323707	0.012912
0.324518	0.0122966
0.32392	0.0130644
0.32338	0.0136169
0.323015	0.0138894
0.323048	0.0137162
0.3236	0.0131245
0.323279	0.0134726
0.322872	0.013846
0.322409	0.0141171
0.322479	0.0138733
0.32321	0.0130455
0.323511	0.0128063
0.323748	0.0127106
0.324231	0.0123702
0.324483	0.0123707
0.32549	0.0116576
0.325074	0.0124355
0.326414	0.0114805
0.326196	0.0120681
0.326353	0.0122518
0.327062	0.0118271
0.327732	0.0115236
0.326953	0.0126319
0.327257	0.0125073
0.326164	0.0136675
0.325828	0.0138833
0.327002	0.0126596
0.327554	0.0122573
0.328097	0.0119535
0.32836	0.0120154
0.328376	0.0122245
0.328778	0.0120469
0.328191	0.0128013
0.327985	0.0130348
0.327565	0.0134811
0.327284	0.0136495
0.326896	0.013886
0.327877	0.0128436
0.328129	0.0126841
0.328469	0.0124294
0.328263	0.0128235
0.328566	0.0126561
0.328914	0.0124815
0.329745	0.011876
0.330936	0.0110685
0.332002	0.0105707
0.33194	0.0112151
0.332647	0.0110396
0.332947	0.0112372
0.333389	0.0112572
0.33452	0.0106435
0.334656	0.01102
0.335025	0.011135
0.335204	0.0114724
0.335454	0.0115911
0.335113	0.0122201
0.334765	0.0126584
0.336237	0.0114447
0.336755	0.0113477
0.338228	0.0104101
0.338362	0.0108779
0.337951	0.0117796
0.338069	0.0119412
0.339032	0.0112779
0.339799	0.0109672
0.340542	0.0107833
0.340924	0.0108933
0.341394	0.0108993
0.342341	0.0105215
0.343297	0.0102124
0.344067	0.0101088
0.344885	0.00997153
0.34551	0.0100257
0.346241	0.00997988
0.346806	0.010112
0.346621	0.0108806
0.346893	0.0110715
0.347973	0.0104807
0.34806	0.010889
0.347757	0.0115521
0.347611	0.0120188
0.347756	0.0120963
0.347882	0.0121622
0.348225	0.0119769
0.348388	0.0120405
0.349041	0.011623
0.349292	0.011649
0.349235	0.0119569
0.35002	0.0114211
0.350069	0.0116978
0.350397	0.0116167
0.350271	0.0119503
0.350409	0.0119788
0.349522	0.0129069
0.349573	0.0128206
