0	0.99
1	0.980472
2	0.963983
3	0.942291
4	0.912577
5	0.838254
6	0.743168
7	0.628947
8	0.521379
9	0.410675
10	0.351348
11	0.265851
12	0.212796
13	0.176038
14	0.151209
15	0.130137
16	0.118814
17	0.107736
18	0.101332
19	0.0974814
20	0.0949266
21	0.0926032
22	0.0918973
23	0.0929911
24	0.0944636
25	0.0958493
26	0.0977785
27	0.100098
28	0.103289
29	0.106591
30	0.109787
31	0.113195
32	0.116699
33	0.120148
34	0.12379
35	0.12763
36	0.131367
37	0.135203
38	0.139031
39	0.142882
40	0.146815
41	0.150752
42	0.154689
43	0.158712
44	0.16272
45	0.166676
46	0.17065
47	0.174598
48	0.178589
49	0.182576
50	0.186548
51	0.190507
52	0.19445
53	0.198383
54	0.202317
55	0.206204
56	0.210082
57	0.213938
58	0.217794
59	0.221625
60	0.22546
61	0.229278
62	0.233068
63	0.23684
64	0.240601
65	0.244352
66	0.248077
67	0.251785
68	0.255486
69	0.259173
70	0.262829
71	0.26648
72	0.270114
73	0.273733
74	0.277331
75	0.280917
76	0.284482
77	0.288031
78	0.291563
79	0.295081
80	0.298582
81	0.302067
82	0.305532
83	0.308979
84	0.312413
85	0.315824
86	0.319223
87	0.322602
88	0.32597
89	0.329315
90	0.332639
91	0.335952
92	0.33925
93	0.342524
94	0.34579
95	0.34903
96	0.352262
97	0.355473
98	0.358667
99	0.361847
100	0.365006
101	0.368148
102	0.371277
103	0.374394
104	0.377496
105	0.380578
106	0.383647
107	0.386702
108	0.389737
109	0.392745
110	0.395742
111	0.398721
112	0.401681
113	0.404635
114	0.407578
115	0.410499
116	0.4134
117	0.416286
118	0.419154
119	0.422002
120	0.424838
121	0.42767
122	0.430471
123	0.433233
124	0.436004
125	0.438733
126	0.441469
127	0.444168
128	0.446836
129	0.449479
130	0.452129
131	0.454769
132	0.457379
133	0.459951
134	0.462503
135	0.46505
136	0.467556
137	0.469991
138	0.472397
139	0.474799
140	0.477218
141	0.479623
142	0.481925
143	0.484108
144	0.486153
145	0.488205
146	0.490366
147	0.492152
148	0.493847
149	0.495214
150	0.496658
151	0.497864
152	0.498725
153	0.499249
154	0.499702
155	0.499814
156	0.499281
157	0.498911
158	0.4964
159	0.494389
160	0.490514
161	0.486452
162	0.482115
163	0.478099
164	0.471086
165	0.464261
166	0.456106
167	0.443404
168	0.431922
169	0.420098
170	0.408536
171	0.390189
172	0.380185
173	0.371019
174	0.360569
175	0.346844
176	0.337285
177	0.32583
178	0.314232
179	0.298707
180	0.288922
181	0.280347
182	0.271497
183	0.264642
184	0.260889
185	0.257444
186	0.254308
187	0.249681
188	0.245964
189	0.245003
190	0.243007
191	0.242153
192	0.241638
193	0.240834
194	0.240887
195	0.242263
196	0.242057
197	0.243333
198	0.244376
199	0.245886
200	0.246922
201	0.248673
202	0.249344
203	0.250116
204	0.252274
205	0.25427
206	0.256325
207	0.258328
208	0.260453
209	0.262792
210	0.265024
211	0.267215
212	0.269651
213	0.272008
214	0.274486
215	0.276865
216	0.279345
217	0.28211
218	0.284893
219	0.287548
220	0.290346
221	0.293135
222	0.295774
223	0.298198
224	0.300786
225	0.303763
226	0.306209
227	0.309138
228	0.311976
229	0.314702
230	0.317567
231	0.320372
232	0.323081
233	0.325758
234	0.327971
235	0.33056
236	0.333239
237	0.335889
238	0.338374
239	0.34105
240	0.343329
241	0.345797
242	0.348192
243	0.35077
244	0.353134
245	0.355678
246	0.357828
247	0.36006
248	0.362444
249	0.364823
250	0.366784
251	0.368839
252	0.370442
253	0.372341
254	0.374394
255	0.376263
256	0.377815
257	0.380067
258	0.382222
259	0.384197
260	0.386174
261	0.388275
262	0.390398
263	0.392017
264	0.393748
265	0.395569
266	0.396926
267	0.398439
268	0.400225
269	0.401273
270	0.401836
271	0.402964
272	0.403793
273	0.404342
274	0.404331
275	0.403555
276	0.403616
277	0.403942
278	0.403881
279	0.40404
280	0.404001
281	0.403722
282	0.402088
283	0.401635
284	0.401229
285	0.399509
286	0.398792
287	0.398188
288	0.396873
289	0.396414
290	0.395075
291	0.392354
292	0.390574
293	0.387797
294	0.385321
295	0.384415
296	0.383083
297	0.38126
298	0.378929
299	0.376674
300	0.371651
301	0.367569
302	0.366559
303	0.360285
304	0.357337
305	0.353169
306	0.348901
307	0.343412
308	0.338168
309	0.330745
310	0.326876
311	0.321064
312	0.31568
313	0.310736
314	0.307186
315	0.302617
316	0.295878
317	0.291535
318	0.28611
319	0.282584
320	0.278563
321	0.27422
322	0.272164
323	0.270205
324	0.268207
325	0.266999
326	0.264631
327	0.264128
328	0.26335
329	0.263007
330	0.263521
331	0.26347
332	0.263071
333	0.26201
334	0.262688
335	0.263176
336	0.264274
337	0.265066
338	0.265883
339	0.266258
340	0.267597
341	0.268718
342	0.270344
343	0.272133
344	0.273831
345	0.275737
346	0.277318
347	0.279085
348	0.281415
349	0.28338
350	0.28542
351	0.287272
352	0.289275
353	0.291166
354	0.293517
355	0.295433
356	0.297433
357	0.299342
358	0.301402
359	0.3036
360	0.305927
361	0.308286
362	0.310364
363	0.312474
364	0.314453
365	0.316456
366	0.3183
367	0.320452
368	0.322608
369	0.324865
370	0.327125
371	0.329017
372	0.331028
373	0.332997
374	0.334303
375	0.336315
376	0.337801
377	0.340027
378	0.342066
379	0.344077
380	0.3458
381	0.347746
382	0.349348
383	0.350158
384	0.351328
385	0.351555
386	0.353359
387	0.354473
388	0.355049
389	0.355413
390	0.355563
391	0.355534
392	0.356447
393	0.356036
394	0.355763
395	0.356377
396	0.356226
397	0.356112
398	0.355349
399	0.354534
400	0.352849
401	0.35262
402	0.351301
403	0.350248
404	0.348891
405	0.347326
406	0.347867
407	0.347977
408	0.346564
409	0.345307
410	0.343557
411	0.342594
412	0.340053
413	0.339886
414	0.339634
415	0.338172
416	0.336925
417	0.336546
418	0.333847
419	0.330964
420	0.327997
421	0.326515
422	0.324459
423	0.323491
424	0.321962
425	0.319486
426	0.318181
427	0.315207
428	0.314021
429	0.313505
430	0.312496
431	0.311972
432	0.311931
433	0.311984
434	0.309609
435	0.308644
436	0.30897
437	0.30921
438	0.309177
439	0.308114
440	0.308302
441	0.307083
442	0.306634
443	0.304573
444	0.304494
445	0.303614
446	0.303022
447	0.30204
448	0.302519
449	0.301997
450	0.302309
451	0.301765
452	0.302076
453	0.303374
454	0.303706
455	0.304852
456	0.305535
457	0.306941
458	0.307779
459	0.30784
460	0.309118
461	0.310625
462	0.312043
463	0.312713
464	0.312346
465	0.312716
466	0.314307
467	0.31475
468	0.316009
469	0.316724
470	0.317848
471	0.318857
472	0.319617
473	0.320069
474	0.321202
475	0.322311
476	0.32307
477	0.32405
478	0.324956
479	0.326321
480	0.326763
481	0.326777
482	0.327801
483	0.329205
484	0.329993
485	0.330921
486	0.331807
487	0.332038
488	0.333212
489	0.333838
490	0.334936
491	0.335895
492	0.337292
493	0.338378
494	0.33881
495	0.339635
496	0.34055
497	0.341139
498	0.341058
499	0.34081
500	0.341825
501	0.342354
502	0.343118
503	0.343221
504	0.343436
505	0.34418
506	0.345011
507	0.345861
508	0.346469
509	0.347035
510	0.348068
511	0.348845
512	0.349646
513	0.348926
514	0.349671
515	0.349859
516	0.350336
517	0.349735
518	0.348982
519	0.348381
520	0.348474
521	0.347309
522	0.347328
523	0.347069
524	0.345762
525	0.344996
526	0.343943
527	0.343422
528	0.342832
529	0.342078
530	0.341828
531	0.342181
532	0.341267
533	0.339956
534	0.339289
535	0.339071
536	0.338757
537	0.338268
538	0.337347
539	0.336888
540	0.336969
541	0.336188
542	0.336207
543	0.334722
544	0.334804
545	0.33447
546	0.334368
547	0.333622
548	0.332229
549	0.331651
550	0.329929
551	0.329508
552	0.32927
553	0.328915
554	0.328968
555	0.32759
556	0.325184
557	0.324695
558	0.323303
559	0.320968
560	0.320654
561	0.321385
562	0.320201
563	0.319423
564	0.319209
565	0.318809
566	0.317287
567	0.315821
568	0.314882
569	0.313939
570	0.314358
571	0.315052
572	0.314238
573	0.313951
574	0.313476
575	0.31428
576	0.314579
577	0.315456
578	0.315999
579	0.316418
580	0.316895
581	0.317777
582	0.317954
583	0.318304
584	0.319142
585	0.318881
586	0.319297
587	0.319239
588	0.318984
589	0.319607
590	0.318833
591	0.317775
592	0.317921
593	0.318455
594	0.319224
595	0.319765
596	0.320108
597	0.320742
598	0.321525
599	0.322459
600	0.323792
601	0.323808
602	0.324331
603	0.324595
604	0.325167
605	0.326258
606	0.327387
607	0.328372
608	0.329147
609	0.331053
610	0.331633
611	0.332608
612	0.332591
613	0.331998
614	0.331724
615	0.332507
616	0.332119
617	0.332162
618	0.332554
619	0.332304
620	0.332875
621	0.332521
622	0.333183
623	0.332832
624	0.333436
625	0.333895
626	0.33411
627	0.334198
628	0.334641
629	0.33483
630	0.335145
631	0.335433
632	0.335472
633	0.335187
634	0.335842
635	0.336452
636	0.336279
637	0.336408
638	0.336832
639	0.336574
640	0.337136
641	0.337801
642	0.337255
643	0.337298
644	0.337299
645	0.337441
646	0.337965
647	0.337304
648	0.337363
649	0.338083
650	0.338478
651	0.339556
652	0.339573
653	0.340056
654	0.339816
655	0.339981
656	0.339969
657	0.33874
658	0.339245
659	0.339782
660	0.339385
661	0.339881
662	0.340409
663	0.341314
664	0.341893
665	0.342905
666	0.342603
667	0.341948
668	0.342362
669	0.342397
670	0.343142
671	0.34312
672	0.34367
673	0.343284
674	0.342072
675	0.340831
676	0.340979
677	0.340705
678	0.341736
679	0.342299
680	0.341825
681	0.341432
682	0.341364
683	0.342381
684	0.342876
685	0.342956
686	0.34354
687	0.343908
688	0.343954
689	0.343649
690	0.343524
691	0.343115
692	0.341495
693	0.339975
694	0.339769
695	0.339303
696	0.339957
697	0.340154
698	0.340722
699	0.339389
700	0.33973
701	0.33915
702	0.339002
703	0.337761
704	0.338239
705	0.337146
706	0.337712
707	0.336836
708	0.336679
709	0.336227
710	0.335123
711	0.333853
712	0.333449
713	0.332059
714	0.331108
715	0.329638
716	0.329251
717	0.328103
718	0.326406
719	0.324634
720	0.323911
721	0.323437
722	0.320894
723	0.319579
724	0.319003
725	0.319
726	0.318384
727	0.318484
728	0.31891
729	0.319026
730	0.318204
731	0.316812
732	0.317575
733	0.318083
734	0.318596
735	0.318785
736	0.318258
737	0.318964
738	0.319185
739	0.317829
740	0.317793
741	0.318156
742	0.317855
743	0.317268
744	0.317313
745	0.317301
746	0.317983
747	0.318219
748	0.319033
749	0.319801
750	0.319905
751	0.319952
752	0.31992
753	0.320931
754	0.321793
755	0.32171
756	0.321833
757	0.322574
758	0.323503
759	0.324017
760	0.325075
761	0.325038
762	0.326397
763	0.326982
764	0.326754
765	0.32649
766	0.326285
767	0.326672
768	0.327231
769	0.327324
770	0.327882
771	0.327505
772	0.328107
773	0.327916
774	0.328895
775	0.328809
776	0.329501
777	0.329499
778	0.330612
779	0.331371
780	0.332367
781	0.3331
782	0.333589
783	0.334534
784	0.335111
785	0.335225
786	0.335125
787	0.335785
788	0.335397
789	0.334348
790	0.334954
791	0.335122
792	0.334879
793	0.334068
794	0.333102
795	0.332046
796	0.331704
797	0.331817
798	0.332363
799	0.331925
800	0.331562
801	0.331665
802	0.330168
803	0.329973
804	0.329528
805	0.328124
806	0.327353
807	0.325466
808	0.324927
809	0.32221
810	0.321359
811	0.32097
812	0.319895
813	0.318322
814	0.316848
815	0.31672
816	0.316278
817	0.315665
818	0.314343
819	0.312741
820	0.311825
821	0.309958
822	0.307396
823	0.305643
824	0.303085
825	0.300322
826	0.298172
827	0.295632
828	0.294945
829	0.293282
830	0.291808
831	0.291246
832	0.289962
833	0.289518
834	0.2895
835	0.289015
836	0.289021
837	0.289359
838	0.289267
839	0.289099
840	0.288382
841	0.288684
842	0.288918
843	0.28994
844	0.29114
845	0.291902
846	0.293186
847	0.294398
848	0.296085
849	0.296825
850	0.297844
851	0.298828
852	0.300459
853	0.302028
854	0.303285
855	0.304473
856	0.305773
857	0.307107
858	0.309062
859	0.31043
860	0.312049
861	0.313766
862	0.314368
863	0.315675
864	0.317472
865	0.318598
866	0.319703
867	0.320903
868	0.322062
869	0.323206
870	0.324162
871	0.325356
872	0.32586
873	0.32709
874	0.327565
875	0.327297
876	0.328318
877	0.328319
878	0.328702
879	0.329021
880	0.329853
881	0.330688
882	0.33186
883	0.333158
884	0.334371
885	0.335493
886	0.336292
887	0.337851
888	0.338844
889	0.339405
890	0.339592
891	0.340736
892	0.341646
893	0.342369
894	0.343678
895	0.344501
896	0.345799
897	0.347313
898	0.348403
899	0.349016
900	0.349516
901	0.349767
902	0.349918
903	0.350757
904	0.351809
905	0.352791
906	0.353097
907	0.353346
908	0.354579
909	0.354927
910	0.355077
911	0.355643
912	0.356287
913	0.355952
914	0.355391
915	0.3557
916	0.356216
917	0.356679
918	0.357239
919	0.357269
920	0.358286
921	0.358411
922	0.357995
923	0.357719
924	0.357373
925	0.358376
926	0.35901
927	0.358118
928	0.35725
929	0.357855
930	0.358231
931	0.357995
932	0.358345
933	0.35753
934	0.356303
935	0.355019
936	0.354194
937	0.353794
938	0.35107
939	0.348384
940	0.348905
941	0.347567
942	0.347476
943	0.344941
944	0.344367
945	0.343056
946	0.341802
947	0.338446
948	0.33745
949	0.336925
950	0.33598
951	0.334323
952	0.333913
953	0.333588
954	0.331502
955	0.330632
956	0.330064
957	0.330338
958	0.330899
959	0.331214
960	0.330016
961	0.329907
962	0.33061
963	0.329855
964	0.32965
965	0.329784
966	0.330075
967	0.329936
968	0.329227
969	0.329517
970	0.329973
971	0.328718
972	0.327069
973	0.325755
974	0.324904
975	0.325385
976	0.325748
977	0.326128
978	0.32592
979	0.326217
980	0.325963
981	0.32616
982	0.324852
983	0.325637
984	0.326234
985	0.326062
986	0.326099
987	0.326185
988	0.327387
989	0.326883
990	0.326242
991	0.325494
992	0.325578
993	0.32587
994	0.326437
995	0.32622
996	0.326126
997	0.32694
998	0.326984
999	0.327364
1000	0.326754
1001	0.326845
1002	0.327626
1003	0.328347
1004	0.329102
1005	0.330163
1006	0.331216
1007	0.3323
1008	0.331588
1009	0.33092
1010	0.330705
1011	0.331239
1012	0.331293
1013	0.330146
1014	0.330453
1015	0.330998
1016	0.3313
1017	0.330269
1018	0.330182
1019	0.329917
1020	0.328605
1021	0.327711
1022	0.326117
1023	0.325932
1024	0.32619
1025	0.325484
1026	0.32568
1027	0.325339
1028	0.325058
1029	0.324888
1030	0.324617
1031	0.325605
1032	0.32474
1033	0.324722
1034	0.325193
1035	0.3259
1036	0.326418
1037	0.327173
1038	0.327422
1039	0.327852
1040	0.328546
1041	0.328643
1042	0.329901
1043	0.331339
1044	0.33259
1045	0.333437
1046	0.334822
1047	0.336197
1048	0.336266
1049	0.336828
1050	0.337324
1051	0.338126
1052	0.338814
1053	0.339258
1054	0.339672
1055	0.340298
1056	0.341266
1057	0.341337
1058	0.341359
1059	0.342883
1060	0.343985
1061	0.344534
1062	0.34487
1063	0.346039
1064	0.346567
1065	0.346927
1066	0.347467
1067	0.348083
1068	0.348247
1069	0.349351
1070	0.349995
1071	0.350534
1072	0.351726
1073	0.351776
1074	0.352587
1075	0.352486
1076	0.351655
1077	0.352485
1078	0.352558
1079	0.352608
1080	0.352862
1081	0.352759
1082	0.351792
1083	0.351528
1084	0.350863
1085	0.349536
1086	0.350005
1087	0.348585
1088	0.347106
1089	0.346906
1090	0.345642
1091	0.344576
1092	0.345113
1093	0.343468
1094	0.342068
1095	0.341924
1096	0.340576
1097	0.337666
1098	0.337636
1099	0.336674
1100	0.335626
1101	0.335702
1102	0.335045
1103	0.333891
1104	0.333787
1105	0.333395
1106	0.333813
1107	0.332885
1108	0.332731
1109	0.33215
1110	0.331695
1111	0.331488
1112	0.329841
1113	0.327689
1114	0.326521
1115	0.325073
1116	0.325345
1117	0.325143
1118	0.325889
1119	0.326536
1120	0.326081
1121	0.326687
1122	0.327355
1123	0.327956
1124	0.329069
1125	0.329523
1126	0.330343
1127	0.330666
1128	0.332065
1129	0.332221
1130	0.333437
1131	0.334673
1132	0.335519
1133	0.335701
1134	0.33613
1135	0.336783
1136	0.336808
1137	0.337575
1138	0.337854
1139	0.337952
1140	0.338599
1141	0.338626
1142	0.339337
1143	0.338545
1144	0.337859
1145	0.33676
1146	0.337271
1147	0.337368
1148	0.337995
1149	0.337999
1150	0.33815
1151	0.337664
1152	0.336267
1153	0.335475
1154	0.33489
1155	0.33333
1156	0.331786
1157	0.330899
1158	0.329573
1159	0.329491
1160	0.329441
1161	0.328987
1162	0.32798
1163	0.32739
1164	0.32729
1165	0.326824
1166	0.326298
1167	0.324672
1168	0.324833
1169	0.323603
1170	0.323523
1171	0.322502
1172	0.321178
1173	0.320904
1174	0.319237
1175	0.318784
1176	0.31709
1177	0.315741
1178	0.315278
1179	0.31594
1180	0.316394
1181	0.316522
1182	0.31609
1183	0.315729
1184	0.316154
1185	0.316268
1186	0.316973
1187	0.316192
1188	0.31499
1189	0.314915
1190	0.315517
1191	0.31537
1192	0.315962
1193	0.316446
1194	0.316818
1195	0.315166
1196	0.316056
1197	0.317254
1198	0.31833
1199	0.318469
1200	0.319233
1201	0.31966
1202	0.320455
1203	0.321109
1204	0.321865
1205	0.322576
1206	0.324021
1207	0.325273
1208	0.326879
1209	0.327523
1210	0.328951
1211	0.330914
1212	0.331241
1213	0.332989
1214	0.334192
1215	0.335504
1216	0.336769
1217	0.338373
1218	0.339406
1219	0.340164
1220	0.34111
1221	0.341765
1222	0.341926
1223	0.342653
1224	0.343283
1225	0.343425
1226	0.344475
1227	0.343852
1228	0.344429
1229	0.344142
1230	0.343988
1231	0.344503
1232	0.34495
1233	0.345144
1234	0.345503
1235	0.345542
1236	0.346051
1237	0.34653
1238	0.346816
1239	0.345872
1240	0.346418
1241	0.345439
1242	0.345169
1243	0.345853
1244	0.345784
1245	0.344776
1246	0.343461
1247	0.342758
1248	0.343135
1249	0.343348
1250	0.342914
1251	0.343357
1252	0.3434
1253	0.343277
1254	0.343137
1255	0.342768
1256	0.342635
1257	0.341482
1258	0.341672
1259	0.340009
1260	0.339324
1261	0.33902
1262	0.337549
1263	0.336506
1264	0.336069
1265	0.334956
1266	0.331351
1267	0.329918
1268	0.329279
1269	0.328262
1270	0.32601
1271	0.324979
1272	0.324115
1273	0.32247
1274	0.321043
1275	0.318802
1276	0.316628
1277	0.315575
1278	0.314328
1279	0.313601
1280	0.312356
1281	0.311895
1282	0.311374
1283	0.311495
1284	0.31109
1285	0.309834
1286	0.308684
1287	0.308294
1288	0.308342
1289	0.308362
1290	0.308193
1291	0.308811
1292	0.308729
1293	0.309132
1294	0.309642
1295	0.310106
1296	0.309659
1297	0.309786
1298	0.310004
1299	0.310868
1300	0.311746
1301	0.31199
1302	0.312158
1303	0.312387
1304	0.311646
1305	0.312097
1306	0.312751
1307	0.313504
1308	0.314676
1309	0.31482
1310	0.315173
1311	0.316385
1312	0.315968
1313	0.316551
1314	0.316825
1315	0.316725
1316	0.317125
1317	0.317978
1318	0.318117
1319	0.319003
1320	0.319747
1321	0.320337
1322	0.320772
1323	0.321403
1324	0.321845
1325	0.32264
1326	0.323937
1327	0.32485
1328	0.325584
1329	0.326492
1330	0.326892
1331	0.327521
1332	0.328113
1333	0.328452
1334	0.329087
1335	0.329971
1336	0.331068
1337	0.331862
1338	0.332548
1339	0.333504
1340	0.334389
1341	0.336194
1342	0.338265
1343	0.340091
1344	0.341953
1345	0.342736
1346	0.342864
1347	0.344117
1348	0.345191
1349	0.346366
1350	0.346643
1351	0.347524
1352	0.347635
1353	0.348404
1354	0.348656
1355	0.349359
1356	0.349807
1357	0.35092
1358	0.352006
1359	0.351987
1360	0.352441
1361	0.352411
1362	0.352488
1363	0.353295
1364	0.352792
1365	0.352925
1366	0.352807
1367	0.353416
1368	0.353067
1369	0.352206
1370	0.353166
1371	0.352321
1372	0.352189
1373	0.352636
1374	0.351049
1375	0.351309
1376	0.351464
1377	0.351624
1378	0.351015
1379	0.349963
1380	0.348914
1381	0.348444
1382	0.346914
1383	0.346222
1384	0.344802
1385	0.344233
1386	0.341074
1387	0.339449
1388	0.338536
1389	0.337198
1390	0.337274
1391	0.335072
1392	0.333382
1393	0.330114
1394	0.328678
1395	0.325468
1396	0.322922
1397	0.321928
1398	0.320121
1399	0.318903
1400	0.31754
1401	0.314829
1402	0.312845
1403	0.31234
1404	0.310928
1405	0.311295
1406	0.311146
1407	0.311128
1408	0.310527
1409	0.310611
1410	0.310301
1411	0.310285
1412	0.309512
1413	0.311009
1414	0.310252
1415	0.309626
1416	0.309702
1417	0.309963
1418	0.310491
1419	0.310936
1420	0.310924
1421	0.311162
1422	0.312171
1423	0.312934
1424	0.313319
1425	0.313019
1426	0.313162
1427	0.31361
1428	0.31482
1429	0.315161
1430	0.315463
1431	0.316885
1432	0.318017
1433	0.318768
1434	0.320173
1435	0.321159
1436	0.321888
1437	0.322954
1438	0.324052
1439	0.325478
1440	0.326534
1441	0.32757
1442	0.329181
1443	0.330606
1444	0.331891
1445	0.333296
1446	0.334924
1447	0.336096
1448	0.3379
1449	0.33956
1450	0.341
1451	0.341996
1452	0.343102
1453	0.344137
1454	0.344862
1455	0.346454
1456	0.348214
1457	0.349804
1458	0.350919
1459	0.35217
1460	0.352454
1461	0.352693
1462	0.35406
1463	0.355073
1464	0.355612
1465	0.35655
1466	0.357149
1467	0.358338
1468	0.359271
1469	0.360032
1470	0.36053
1471	0.361852
1472	0.362362
1473	0.362139
1474	0.36232
1475	0.362265
1476	0.362185
1477	0.361845
1478	0.361959
1479	0.362417
1480	0.362744
1481	0.363151
1482	0.362152
1483	0.361324
1484	0.360214
1485	0.35978
1486	0.358518
1487	0.356706
1488	0.355177
1489	0.354067
1490	0.353739
1491	0.35226
1492	0.350397
1493	0.349103
1494	0.347741
1495	0.34691
1496	0.343576
1497	0.341413
1498	0.340885
1499	0.340521
1500	0.338188
1501	0.336212
1502	0.334568
1503	0.332249
1504	0.330217
1505	0.32837
1506	0.324867
1507	0.319142
1508	0.316912
1509	0.315508
1510	0.313805
1511	0.312373
1512	0.310438
1513	0.307869
1514	0.305161
1515	0.303717
1516	0.299075
1517	0.298063
1518	0.297181
1519	0.295955
1520	0.294481
1521	0.292668
1522	0.291917
1523	0.292142
1524	0.292498
1525	0.292318
1526	0.29343
1527	0.294384
1528	0.294764
1529	0.294176
1530	0.294373
1531	0.293379
1532	0.293024
1533	0.292229
1534	0.293087
1535	0.293583
1536	0.294617
1537	0.29528
1538	0.296372
1539	0.297127
1540	0.29771
1541	0.298838
1542	0.300389
1543	0.30087
1544	0.301956
1545	0.303459
1546	0.304514
1547	0.305671
1548	0.307401
1549	0.308617
1550	0.309812
1551	0.310904
1552	0.311851
1553	0.313081
1554	0.314028
1555	0.315275
1556	0.317026
1557	0.317277
1558	0.318743
1559	0.320152
1560	0.321573
1561	0.322282
1562	0.323854
1563	0.325165
1564	0.326955
1565	0.327939
1566	0.32933
1567	0.330388
1568	0.331767
1569	0.332654
1570	0.333221
1571	0.334508
1572	0.33633
1573	0.33783
1574	0.338793
1575	0.340206
1576	0.341893
1577	0.343384
1578	0.344844
1579	0.345679
1580	0.347059
1581	0.348639
1582	0.349553
1583	0.35027
1584	0.351332
1585	0.352366
1586	0.353742
1587	0.353899
1588	0.354335
1589	0.354391
1590	0.355343
1591	0.35605
1592	0.356945
1593	0.357746
1594	0.358194
1595	0.358394
1596	0.358577
1597	0.35899
1598	0.359858
1599	0.360298
1600	0.36016
1601	0.360206
1602	0.359479
1603	0.359318
1604	0.359744
1605	0.359532
1606	0.359805
1607	0.359724
1608	0.357388
1609	0.355427
1610	0.353738
1611	0.351447
1612	0.350929
1613	0.348529
1614	0.348576
1615	0.34699
1616	0.346112
1617	0.345003
1618	0.343196
1619	0.342073
1620	0.339752
1621	0.336706
1622	0.333517
1623	0.331841
1624	0.329168
1625	0.328691
1626	0.325406
1627	0.32164
1628	0.319115
1629	0.315812
1630	0.31424
1631	0.313965
1632	0.312535
1633	0.311242
1634	0.309538
1635	0.307911
1636	0.306402
1637	0.305719
1638	0.303692
1639	0.301739
1640	0.299508
1641	0.298086
1642	0.296888
1643	0.296844
1644	0.296496
1645	0.296727
1646	0.297648
1647	0.298341
1648	0.298963
1649	0.298455
1650	0.298228
1651	0.298877
1652	0.299039
1653	0.299567
1654	0.299497
1655	0.30024
1656	0.300195
1657	0.300807
1658	0.300698
1659	0.300122
1660	0.30027
1661	0.301401
1662	0.301998
1663	0.302061
1664	0.302269
1665	0.303155
1666	0.303637
1667	0.305366
1668	0.30534
1669	0.305834
1670	0.306112
1671	0.30699
1672	0.30765
1673	0.308742
1674	0.308967
1675	0.309591
1676	0.310515
1677	0.310129
1678	0.31032
1679	0.310192
1680	0.31128
1681	0.312892
1682	0.314094
1683	0.31484
1684	0.315747
1685	0.316996
1686	0.317971
1687	0.317977
1688	0.318407
1689	0.319056
1690	0.319754
1691	0.320547
1692	0.321582
1693	0.323159
1694	0.323471
1695	0.324168
1696	0.324778
1697	0.325141
1698	0.326527
1699	0.327547
1700	0.329019
1701	0.329392
1702	0.330428
1703	0.330882
1704	0.332077
1705	0.33293
1706	0.334086
1707	0.334868
1708	0.335796
1709	0.337136
1710	0.337638
1711	0.338654
1712	0.339954
1713	0.340407
1714	0.340996
1715	0.341829
1716	0.342382
1717	0.343818
1718	0.345072
1719	0.346109
1720	0.347434
1721	0.348432
1722	0.350045
1723	0.351346
1724	0.352433
1725	0.354008
1726	0.354817
1727	0.356125
1728	0.356471
1729	0.356816
1730	0.35669
1731	0.357746
1732	0.359102
1733	0.358906
1734	0.359642
1735	0.361116
1736	0.361931
1737	0.362305
1738	0.362393
1739	0.3629
1740	0.363708
1741	0.364361
1742	0.364366
1743	0.365051
1744	0.365272
1745	0.365236
1746	0.364705
1747	0.365182
1748	0.364565
1749	0.363835
1750	0.363395
1751	0.362533
1752	0.361252
1753	0.359826
1754	0.359319
1755	0.358795
1756	0.358349
1757	0.357489
1758	0.357532
1759	0.355089
1760	0.35459
1761	0.353389
1762	0.352958
1763	0.352099
1764	0.351832
1765	0.350035
1766	0.347656
1767	0.345213
1768	0.341086
1769	0.3386
1770	0.337864
1771	0.334713
1772	0.332454
1773	0.330382
1774	0.328788
1775	0.327135
1776	0.325493
1777	0.325021
1778	0.323842
1779	0.322164
1780	0.320029
1781	0.319471
1782	0.317921
1783	0.317619
1784	0.317178
1785	0.316659
1786	0.315402
1787	0.315068
1788	0.314763
1789	0.31426
1790	0.313822
1791	0.313276
1792	0.313786
1793	0.312965
1794	0.313806
1795	0.313407
1796	0.312483
1797	0.309517
1798	0.307549
1799	0.306573
1800	0.307389
1801	0.307704
1802	0.306485
1803	0.30645
1804	0.306332
1805	0.306533
1806	0.306417
1807	0.307051
1808	0.307925
1809	0.308455
1810	0.309415
1811	0.309813
1812	0.310119
1813	0.309871
1814	0.310452
1815	0.311094
1816	0.312269
1817	0.31245
1818	0.312802
1819	0.313204
1820	0.314744
1821	0.315184
1822	0.316236
1823	0.31707
1824	0.317985
1825	0.319305
1826	0.31984
1827	0.321203
1828	0.321241
1829	0.321238
1830	0.322007
1831	0.323042
1832	0.323934
1833	0.325129
1834	0.325924
1835	0.326898
1836	0.327677
1837	0.328631
1838	0.329497
1839	0.329309
1840	0.329462
1841	0.330048
1842	0.329501
1843	0.328864
1844	0.329648
1845	0.330329
1846	0.331211
1847	0.330389
1848	0.330275
1849	0.330074
1850	0.330511
1851	0.330718
1852	0.33075
1853	0.330686
1854	0.330042
1855	0.330444
1856	0.329985
1857	0.329902
1858	0.330981
1859	0.330652
1860	0.329813
1861	0.329851
1862	0.330812
1863	0.330522
1864	0.330972
1865	0.331513
1866	0.331631
1867	0.332213
1868	0.33206
1869	0.332031
1870	0.332056
1871	0.332437
1872	0.33252
1873	0.332142
1874	0.33151
1875	0.332284
1876	0.332468
1877	0.333304
1878	0.334525
1879	0.335256
1880	0.335902
1881	0.337186
1882	0.338436
1883	0.339464
1884	0.340791
1885	0.341867
1886	0.342803
1887	0.343461
1888	0.344445
1889	0.344745
1890	0.344647
1891	0.344913
1892	0.344974
1893	0.344942
1894	0.345387
1895	0.346941
1896	0.348398
1897	0.349643
1898	0.351095
1899	0.351573
1900	0.352232
1901	0.351843
1902	0.352508
1903	0.353605
1904	0.353761
1905	0.353847
1906	0.354527
1907	0.354373
1908	0.355065
1909	0.355338
1910	0.35529
1911	0.355621
1912	0.355708
1913	0.354671
1914	0.353978
1915	0.35351
1916	0.353693
1917	0.354026
1918	0.353445
1919	0.352718
1920	0.351365
1921	0.350074
1922	0.349152
1923	0.347837
1924	0.346838
1925	0.345494
1926	0.343394
1927	0.343436
1928	0.34304
1929	0.341085
1930	0.3414
1931	0.341178
1932	0.340599
1933	0.340693
1934	0.340429
1935	0.338572
1936	0.337403
1937	0.336247
1938	0.335568
1939	0.334301
1940	0.334228
1941	0.331946
1942	0.332094
1943	0.332114
1944	0.330788
1945	0.32999
1946	0.329005
1947	0.326986
1948	0.324503
1949	0.32301
1950	0.322072
1951	0.319026
1952	0.31897
1953	0.317541
1954	0.316726
1955	0.316087
1956	0.314802
1957	0.313018
1958	0.312495
1959	0.311268
1960	0.30935
1961	0.308431
1962	0.309517
1963	0.310369
1964	0.309092
1965	0.308013
1966	0.30738
1967	0.306072
1968	0.305657
1969	0.305616
1970	0.30521
1971	0.305321
1972	0.306089
1973	0.306534
1974	0.305783
1975	0.306795
1976	0.307637
1977	0.308597
1978	0.309112
1979	0.309848
1980	0.310238
1981	0.310276
1982	0.311681
1983	0.312219
1984	0.311359
1985	0.311347
1986	0.311574
1987	0.312501
1988	0.312522
1989	0.313654
1990	0.314147
1991	0.314676
1992	0.315216
1993	0.316178
1994	0.317148
1995	0.317284
1996	0.317887
1997	0.318212
1998	0.31966
1999	0.320827
2000	0.322387
2001	0.322721
2002	0.323136
2003	0.324309
2004	0.325178
2005	0.326567
2006	0.327798
2007	0.328778
2008	0.329674
2009	0.330651
2010	0.331339
2011	0.332208
2012	0.332491
2013	0.333464
2014	0.333759
2015	0.334451
2016	0.33431
2017	0.33368
2018	0.334236
2019	0.33586
2020	0.337195
2021	0.338099
2022	0.338622
2023	0.33949
2024	0.339667
2025	0.338441
2026	0.339432
2027	0.340384
2028	0.341363
2029	0.341344
2030	0.342759
2031	0.3436
2032	0.344369
2033	0.344483
2034	0.345084
2035	0.345916
2036	0.346275
2037	0.346683
2038	0.347595
2039	0.348251
2040	0.348861
2041	0.348863
2042	0.3492
2043	0.348311
2044	0.348022
2045	0.347341
2046	0.346817
2047	0.346326
2048	0.345128
2049	0.344529
2050	0.344011
2051	0.34341
2052	0.343371
2053	0.342317
2054	0.342119
2055	0.341108
2056	0.340611
2057	0.341125
2058	0.340481
2059	0.339746
2060	0.337518
2061	0.336228
2062	0.334495
2063	0.333194
2064	0.33057
2065	0.329065
2066	0.32669
2067	0.324693
2068	0.321299
2069	0.319818
2070	0.317191
2071	0.315979
2072	0.315135
2073	0.312464
2074	0.311406
2075	0.31026
2076	0.310058
2077	0.309244
2078	0.309628
2079	0.310347
2080	0.309434
2081	0.309845
2082	0.309814
2083	0.310556
2084	0.311319
2085	0.312339
2086	0.31267
2087	0.313379
2088	0.313746
2089	0.313914
2090	0.315293
2091	0.316215
2092	0.316516
2093	0.31685
2094	0.317844
2095	0.318722
2096	0.319984
2097	0.319832
2098	0.320591
2099	0.320449
2100	0.321319
2101	0.321648
2102	0.322178
2103	0.322621
2104	0.32362
2105	0.323242
2106	0.323849
2107	0.324908
2108	0.325068
2109	0.324803
2110	0.324733
2111	0.325907
2112	0.326468
2113	0.327131
2114	0.327387
2115	0.328241
2116	0.32945
2117	0.330289
2118	0.330906
2119	0.331423
2120	0.332118
2121	0.332651
2122	0.333058
2123	0.333765
2124	0.333902
2125	0.334962
2126	0.335759
2127	0.334915
2128	0.334484
2129	0.333878
2130	0.333705
2131	0.332405
2132	0.332536
2133	0.332497
2134	0.331876
2135	0.330888
2136	0.330478
2137	0.330096
2138	0.329166
2139	0.328088
2140	0.327105
2141	0.326578
2142	0.325328
2143	0.325286
2144	0.325753
2145	0.325243
2146	0.324824
2147	0.324338
2148	0.325531
2149	0.324785
2150	0.324159
2151	0.322559
2152	0.320719
2153	0.319778
2154	0.318319
2155	0.317514
2156	0.316221
2157	0.316221
2158	0.315758
2159	0.31649
2160	0.316982
2161	0.317556
2162	0.316736
2163	0.315762
2164	0.315726
2165	0.313557
2166	0.313369
2167	0.312917
2168	0.312151
2169	0.311041
2170	0.310405
2171	0.310093
2172	0.307372
2173	0.306812
2174	0.305492
2175	0.303225
2176	0.302068
2177	0.299654
2178	0.299149
2179	0.297433
2180	0.296306
2181	0.295986
2182	0.295088
2183	0.294344
2184	0.294316
2185	0.294714
2186	0.295413
2187	0.296153
2188	0.29555
2189	0.296008
2190	0.296595
2191	0.296914
2192	0.296758
2193	0.296933
2194	0.297662
2195	0.299178
2196	0.300442
2197	0.301225
2198	0.301781
2199	0.302857
2200	0.303437
2201	0.304693
2202	0.305991
2203	0.307362
2204	0.30803
2205	0.309416
2206	0.310837
2207	0.312205
2208	0.314031
2209	0.315702
2210	0.31727
2211	0.318945
2212	0.320522
2213	0.321765
2214	0.322787
2215	0.323898
2216	0.325482
2217	0.327184
2218	0.328502
2219	0.329511
2220	0.330888
2221	0.331471
2222	0.332121
2223	0.333568
2224	0.334297
2225	0.335297
2226	0.336388
2227	0.337786
2228	0.339007
2229	0.34113
2230	0.342791
2231	0.343863
2232	0.344814
2233	0.344976
2234	0.345338
2235	0.346276
2236	0.346389
2237	0.346949
2238	0.34692
2239	0.347757
2240	0.348047
2241	0.348755
2242	0.348711
2243	0.349279
2244	0.349863
2245	0.350596
2246	0.351094
2247	0.350286
2248	0.349442
2249	0.349154
2250	0.348283
2251	0.348128
2252	0.348525
2253	0.347967
2254	0.346709
2255	0.346168
2256	0.345829
2257	0.344195
2258	0.34311
2259	0.342375
2260	0.340348
2261	0.339227
2262	0.337149
2263	0.335695
2264	0.333492
2265	0.331168
2266	0.329077
2267	0.327461
2268	0.327367
2269	0.326106
2270	0.325742
2271	0.324896
2272	0.32334
2273	0.322505
2274	0.321857
2275	0.320651
2276	0.319538
2277	0.318707
2278	0.317863
2279	0.316092
2280	0.316212
2281	0.3154
2282	0.315526
2283	0.315333
2284	0.315604
2285	0.315211
2286	0.315113
2287	0.315319
2288	0.314884
2289	0.315122
2290	0.315411
2291	0.316062
2292	0.316788
2293	0.316352
2294	0.31722
2295	0.317832
2296	0.317713
2297	0.317916
2298	0.318305
2299	0.318053
2300	0.318666
2301	0.318593
2302	0.319218
2303	0.320272
2304	0.319812
2305	0.320402
2306	0.32021
2307	0.320751
2308	0.32058
2309	0.320568
2310	0.321263
2311	0.321355
2312	0.321034
2313	0.321132
2314	0.321386
2315	0.319542
2316	0.318741
2317	0.318532
2318	0.318753
2319	0.318746
2320	0.317784
2321	0.318548
2322	0.318717
2323	0.318697
2324	0.319401
2325	0.319663
2326	0.320708
2327	0.321248
2328	0.322909
2329	0.324085
2330	0.325039
2331	0.32583
2332	0.326811
2333	0.327721
2334	0.328895
2335	0.33001
2336	0.330387
2337	0.331235
2338	0.332843
2339	0.334007
2340	0.334582
2341	0.334964
2342	0.335549
2343	0.335935
2344	0.335222
2345	0.334532
2346	0.335069
2347	0.335191
2348	0.334819
2349	0.335552
2350	0.335573
2351	0.33569
2352	0.335335
2353	0.33538
2354	0.334841
2355	0.334763
2356	0.333143
2357	0.332747
2358	0.331866
2359	0.33173
2360	0.331579
2361	0.330526
2362	0.331387
2363	0.331861
2364	0.331182
2365	0.330467
2366	0.329124
2367	0.327735
2368	0.326342
2369	0.325583
2370	0.324638
2371	0.324586
2372	0.322841
2373	0.321871
2374	0.322098
2375	0.321319
2376	0.320719
2377	0.321283
2378	0.32054
2379	0.319725
2380	0.319365
2381	0.320175
2382	0.319523
2383	0.320058
2384	0.320226
2385	0.319509
2386	0.318428
2387	0.316705
2388	0.316341
2389	0.316581
2390	0.316511
2391	0.317541
2392	0.317227
2393	0.316513
2394	0.316712
2395	0.316113
2396	0.316196
2397	0.314167
2398	0.314163
2399	0.313668
2400	0.312457
2401	0.309501
2402	0.307998
2403	0.30625
2404	0.305388
2405	0.305062
2406	0.305193
2407	0.304556
2408	0.305088
2409	0.304445
2410	0.303359
2411	0.303429
2412	0.303634
2413	0.303538
2414	0.304229
2415	0.305159
2416	0.305637
2417	0.305009
2418	0.304751
2419	0.304608
2420	0.304387
2421	0.304507
2422	0.30553
2423	0.305486
2424	0.305797
2425	0.306334
2426	0.30638
2427	0.307676
2428	0.307955
2429	0.308637
2430	0.309135
2431	0.309851
2432	0.310565
2433	0.31159
2434	0.312552
2435	0.312764
2436	0.313589
2437	0.314743
2438	0.316153
2439	0.317188
2440	0.318861
2441	0.320181
2442	0.321733
2443	0.323164
2444	0.324561
2445	0.325692
2446	0.326739
2447	0.328022
2448	0.329035
2449	0.331031
2450	0.33281
2451	0.334249
2452	0.335885
2453	0.33659
2454	0.338487
2455	0.33978
2456	0.340815
2457	0.341618
2458	0.342559
2459	0.343183
2460	0.344657
2461	0.345188
2462	0.346256
2463	0.347013
2464	0.347589
2465	0.34845
2466	0.348113
2467	0.348513
2468	0.347787
2469	0.347129
2470	0.347072
2471	0.347618
2472	0.347671
2473	0.347523
2474	0.347925
2475	0.347812
2476	0.347539
2477	0.348061
2478	0.34698
2479	0.346664
2480	0.346629
2481	0.346353
2482	0.345822
2483	0.34364
2484	0.342584
2485	0.341726
2486	0.340293
2487	0.339528
2488	0.338822
2489	0.339079
2490	0.339169
2491	0.339174
2492	0.338504
2493	0.338722
2494	0.338556
2495	0.338239
2496	0.338378
2497	0.339129
2498	0.339993
2499	0.340212
2500	0.339891
2501	0.340275
2502	0.340128
2503	0.339604
2504	0.339566
2505	0.339756
2506	0.339209
2507	0.33741
2508	0.337475
2509	0.336031
2510	0.3356
2511	0.335026
2512	0.33475
2513	0.334135
2514	0.332695
2515	0.330852
2516	0.330966
2517	0.330382
2518	0.331131
2519	0.331172
2520	0.330746
2521	0.33094
2522	0.330223
2523	0.329557
2524	0.329191
2525	0.32961
2526	0.330514
2527	0.329528
2528	0.329373
2529	0.329649
2530	0.329634
2531	0.32926
2532	0.328678
2533	0.328486
2534	0.328703
2535	0.32909
2536	0.328827
2537	0.329335
2538	0.329878
2539	0.329514
2540	0.329881
2541	0.330249
2542	0.330447
2543	0.330996
2544	0.331344
2545	0.331466
2546	0.331823
2547	0.331344
2548	0.331497
2549	0.331998
2550	0.331185
2551	0.331476
2552	0.331522
2553	0.332056
2554	0.333322
2555	0.333734
2556	0.333603
2557	0.333558
2558	0.33379
2559	0.333816
2560	0.333699
2561	0.334107
2562	0.334007
2563	0.333616
2564	0.332579
2565	0.331858
2566	0.330879
2567	0.330223
2568	0.329674
2569	0.328895
2570	0.327934
2571	0.326147
2572	0.325888
2573	0.325295
2574	0.323559
2575	0.322536
2576	0.320547
2577	0.318805
2578	0.31723
2579	0.316567
2580	0.31506
2581	0.313316
2582	0.312794
2583	0.311433
2584	0.309835
2585	0.309227
2586	0.308564
2587	0.306623
2588	0.306489
2589	0.306117
2590	0.305732
2591	0.305347
2592	0.306573
2593	0.307109
2594	0.30746
2595	0.307661
2596	0.308413
2597	0.30842
2598	0.308948
2599	0.308818
2600	0.308915
2601	0.310434
2602	0.31132
2603	0.312512
2604	0.312943
2605	0.31323
2606	0.314383
2607	0.315171
2608	0.315468
2609	0.316319
2610	0.316882
2611	0.317417
2612	0.318104
2613	0.319253
2614	0.319476
2615	0.319237
2616	0.319356
2617	0.319977
2618	0.319708
2619	0.318896
2620	0.319077
2621	0.3194
2622	0.318967
2623	0.318784
2624	0.319642
2625	0.320448
2626	0.32115
2627	0.320909
2628	0.320873
2629	0.321261
2630	0.321548
2631	0.322134
2632	0.323074
2633	0.323937
2634	0.324628
2635	0.325263
2636	0.325086
2637	0.326095
2638	0.327354
2639	0.3286
2640	0.329093
2641	0.329881
2642	0.330918
2643	0.331624
2644	0.331978
2645	0.333152
2646	0.333557
2647	0.334217
2648	0.335108
2649	0.33551
2650	0.335828
2651	0.337086
2652	0.33785
2653	0.338475
2654	0.339008
2655	0.338991
2656	0.339194
2657	0.339753
2658	0.340406
2659	0.340671
2660	0.340814
2661	0.342086
2662	0.340708
2663	0.340816
2664	0.340483
2665	0.340735
2666	0.341145
2667	0.341814
2668	0.342332
2669	0.342187
2670	0.342346
2671	0.342547
2672	0.341554
2673	0.340381
2674	0.340133
2675	0.339366
2676	0.340124
2677	0.340181
2678	0.340491
2679	0.340141
2680	0.340403
2681	0.341025
2682	0.341359
2683	0.341524
2684	0.341396
2685	0.340661
2686	0.340905
2687	0.340938
2688	0.340906
2689	0.341019
2690	0.340538
2691	0.339263
2692	0.338791
2693	0.339091
2694	0.339167
2695	0.339858
2696	0.339058
2697	0.338383
2698	0.337287
2699	0.337
2700	0.335671
2701	0.334057
2702	0.333782
2703	0.332486
2704	0.329973
2705	0.326721
2706	0.326158
2707	0.325451
2708	0.324499
2709	0.323204
2710	0.323003
2711	0.321525
2712	0.321873
2713	0.321958
2714	0.321735
2715	0.320719
2716	0.321387
2717	0.321474
2718	0.321157
2719	0.320954
2720	0.319892
2721	0.31939
2722	0.318455
2723	0.318233
2724	0.317498
2725	0.317245
2726	0.317084
2727	0.317465
2728	0.318315
2729	0.317607
2730	0.319029
2731	0.318173
2732	0.318392
2733	0.319236
2734	0.320049
2735	0.320723
2736	0.320081
2737	0.321209
2738	0.321615
2739	0.322415
2740	0.322002
2741	0.32342
2742	0.32443
2743	0.325088
2744	0.327007
2745	0.327185
2746	0.327332
2747	0.328297
2748	0.329224
2749	0.329867
2750	0.33051
2751	0.331077
2752	0.332346
2753	0.333388
2754	0.334411
2755	0.334725
2756	0.33561
2757	0.336453
2758	0.337437
2759	0.337847
2760	0.338577
2761	0.339426
2762	0.339881
2763	0.340403
2764	0.340779
2765	0.341673
2766	0.342225
2767	0.34239
2768	0.342709
2769	0.342863
2770	0.343393
2771	0.344035
2772	0.344366
2773	0.343953
2774	0.344317
2775	0.344351
2776	0.344816
2777	0.345945
2778	0.346532
2779	0.3464
2780	0.346266
2781	0.346633
2782	0.346632
2783	0.347204
2784	0.347992
2785	0.347643
2786	0.34753
2787	0.347785
2788	0.348407
2789	0.348741
2790	0.349352
2791	0.349516
2792	0.350362
2793	0.350952
2794	0.352093
2795	0.352922
2796	0.354208
2797	0.355248
2798	0.354804
2799	0.355392
2800	0.355432
2801	0.355095
2802	0.354741
2803	0.354086
2804	0.352696
2805	0.352633
2806	0.350763
2807	0.350537
2808	0.350251
2809	0.349809
2810	0.349618
2811	0.34958
2812	0.348545
2813	0.347562
2814	0.346317
2815	0.345147
2816	0.344562
2817	0.343887
2818	0.341817
2819	0.339854
2820	0.33944
2821	0.338817
2822	0.338023
2823	0.336255
2824	0.33547
2825	0.333835
2826	0.333088
2827	0.332147
2828	0.331426
2829	0.331584
2830	0.330115
2831	0.32872
2832	0.328058
2833	0.327756
2834	0.326229
2835	0.326385
2836	0.325747
2837	0.326796
2838	0.326296
2839	0.325847
2840	0.324842
2841	0.323278
2842	0.321816
2843	0.32014
2844	0.319877
2845	0.320271
2846	0.320219
2847	0.320525
2848	0.319671
2849	0.319919
2850	0.319653
2851	0.319842
2852	0.319668
2853	0.31985
2854	0.319323
2855	0.319365
2856	0.318011
2857	0.316771
2858	0.316413
2859	0.316677
2860	0.316022
2861	0.315273
2862	0.314203
2863	0.313458
2864	0.313404
2865	0.312861
2866	0.313457
2867	0.314043
2868	0.314141
2869	0.315043
2870	0.315712
2871	0.317279
2872	0.318066
2873	0.318904
2874	0.320506
2875	0.320931
2876	0.321919
2877	0.32255
2878	0.323704
2879	0.324734
2880	0.325962
2881	0.326826
2882	0.327809
2883	0.328202
2884	0.327633
2885	0.327529
2886	0.328594
2887	0.329894
2888	0.330258
2889	0.331051
2890	0.331305
2891	0.332391
2892	0.332933
2893	0.333368
2894	0.333711
2895	0.334152
2896	0.334785
2897	0.334781
2898	0.334771
2899	0.334531
2900	0.333874
2901	0.333807
2902	0.333466
2903	0.333347
2904	0.333195
2905	0.332768
2906	0.331511
2907	0.332522
2908	0.331441
2909	0.331787
2910	0.331344
2911	0.330863
2912	0.330329
2913	0.329813
2914	0.32973
2915	0.329579
2916	0.329747
2917	0.329949
2918	0.329892
2919	0.329899
2920	0.329111
2921	0.328531
2922	0.327807
2923	0.326585
2924	0.325961
2925	0.326259
2926	0.32541
2927	0.325186
2928	0.325253
2929	0.326083
2930	0.326359
2931	0.327155
2932	0.327968
2933	0.328083
2934	0.32941
2935	0.330105
2936	0.330692
2937	0.33045
2938	0.330592
2939	0.331326
2940	0.331666
2941	0.331526
2942	0.331335
2943	0.332041
2944	0.332521
2945	0.333103
2946	0.332761
2947	0.332923
2948	0.333148
2949	0.333783
2950	0.332479
2951	0.332069
2952	0.331676
2953	0.330856
2954	0.331359
2955	0.331664
2956	0.331933
2957	0.331543
2958	0.33061
2959	0.331015
2960	0.330795
2961	0.331091
2962	0.331924
2963	0.332133
2964	0.331909
2965	0.332087
2966	0.332538
2967	0.333098
2968	0.334072
2969	0.333396
2970	0.33242
2971	0.332542
2972	0.332395
2973	0.332963
2974	0.334397
2975	0.335185
2976	0.334433
2977	0.33486
2978	0.335107
2979	0.33533
2980	0.335212
2981	0.334908
2982	0.335091
2983	0.335081
2984	0.334643
2985	0.33342
2986	0.332656
2987	0.331922
2988	0.331772
2989	0.33207
2990	0.332822
2991	0.332582
2992	0.332193
2993	0.332529
2994	0.33237
2995	0.332476
2996	0.333138
2997	0.331815
2998	0.331752
2999	0.331124
3000	0.330919
3001	0.330426
3002	0.330351
3003	0.329447
3004	0.330026
3005	0.329128
3006	0.329058
3007	0.329043
3008	0.328823
3009	0.328428
3010	0.328247
3011	0.329175
3012	0.328959
3013	0.328407
3014	0.328931
3015	0.329704
3016	0.328697
3017	0.328088
3018	0.3284
3019	0.328844
3020	0.328141
3021	0.328066
3022	0.327788
3023	0.326763
3024	0.326015
3025	0.325845
3026	0.326086
3027	0.326855
3028	0.327687
3029	0.327986
3030	0.328404
3031	0.328528
3032	0.329071
3033	0.329185
3034	0.328961
3035	0.329812
3036	0.330702
3037	0.330976
3038	0.330608
3039	0.330773
3040	0.330659
3041	0.330921
3042	0.331181
3043	0.330485
3044	0.330966
3045	0.330617
3046	0.329859
3047	0.329854
3048	0.329851
3049	0.330082
3050	0.330348
3051	0.32987
3052	0.329136
3053	0.329232
3054	0.329336
3055	0.329752
3056	0.330314
3057	0.330492
3058	0.331033
3059	0.331812
3060	0.3326
3061	0.333219
3062	0.333211
3063	0.333968
3064	0.333882
3065	0.333912
3066	0.334505
3067	0.333725
3068	0.334348
3069	0.334685
3070	0.334691
3071	0.334196
3072	0.334804
3073	0.33511
3074	0.335431
3075	0.335159
3076	0.33522
3077	0.335531
3078	0.336231
3079	0.336938
3080	0.336995
3081	0.337219
3082	0.337982
3083	0.338073
3084	0.338188
3085	0.338972
3086	0.338606
3087	0.337588
3088	0.337733
3089	0.337942
3090	0.338557
3091	0.339542
3092	0.339532
3093	0.339952
3094	0.340169
3095	0.340549
3096	0.340279
3097	0.339988
3098	0.340963
3099	0.34061
3100	0.340813
3101	0.340545
3102	0.340353
3103	0.340963
3104	0.341004
3105	0.341143
3106	0.341331
3107	0.341337
3108	0.341034
3109	0.340871
3110	0.340988
3111	0.341145
3112	0.341098
3113	0.341131
3114	0.34066
3115	0.340019
3116	0.339351
3117	0.339146
3118	0.339218
3119	0.33851
3120	0.337765
3121	0.336772
3122	0.335798
3123	0.334469
3124	0.331957
3125	0.330696
3126	0.328735
3127	0.327041
3128	0.324988
3129	0.323243
3130	0.322309
3131	0.32006
3132	0.318341
3133	0.31689
3134	0.314432
3135	0.313368
3136	0.31193
3137	0.311487
3138	0.309685
3139	0.309259
3140	0.308472
3141	0.30763
3142	0.308009
3143	0.308239
3144	0.307831
3145	0.30879
3146	0.308541
3147	0.307754
3148	0.307041
3149	0.306039
3150	0.307452
3151	0.307803
3152	0.308107
3153	0.308483
3154	0.309749
3155	0.310638
3156	0.311116
3157	0.312538
3158	0.313497
3159	0.312691
3160	0.313759
3161	0.314561
3162	0.315907
3163	0.315951
3164	0.317152
3165	0.317438
3166	0.31869
3167	0.318988
3168	0.319932
3169	0.321378
3170	0.322538
3171	0.323633
3172	0.323902
3173	0.324944
3174	0.325746
3175	0.326329
3176	0.327187
3177	0.328141
3178	0.329835
3179	0.330771
3180	0.332296
3181	0.33317
3182	0.334086
3183	0.334773
3184	0.336119
3185	0.337155
3186	0.337986
3187	0.338062
3188	0.33894
3189	0.340106
3190	0.340584
3191	0.341285
3192	0.342035
3193	0.342565
3194	0.343424
3195	0.344345
3196	0.344875
3197	0.346026
3198	0.346861
3199	0.347484
3200	0.347631
3201	0.347759
3202	0.347883
3203	0.347679
3204	0.348182
3205	0.348836
3206	0.347746
3207	0.346005
3208	0.344361
3209	0.343716
3210	0.342939
3211	0.343286
3212	0.342987
3213	0.34271
3214	0.342629
3215	0.342392
3216	0.341789
3217	0.341846
3218	0.341312
3219	0.341095
3220	0.339922
3221	0.339757
3222	0.339027
3223	0.337947
3224	0.336874
3225	0.334843
3226	0.333608
3227	0.332931
3228	0.331873
3229	0.33095
3230	0.329502
3231	0.328878
3232	0.327771
3233	0.326954
3234	0.325085
3235	0.324118
3236	0.324242
3237	0.324547
3238	0.322806
3239	0.322277
3240	0.323327
3241	0.323408
3242	0.323668
3243	0.323436
3244	0.321966
3245	0.320688
3246	0.320788
3247	0.321566
3248	0.321424
3249	0.320748
3250	0.320561
3251	0.319814
3252	0.319637
3253	0.320366
3254	0.319742
3255	0.318998
3256	0.318305
3257	0.318363
3258	0.317071
3259	0.317133
3260	0.317682
3261	0.317383
3262	0.31629
3263	0.316663
3264	0.316496
3265	0.315935
3266	0.315535
3267	0.316615
3268	0.317411
3269	0.317625
3270	0.316956
3271	0.316959
3272	0.316561
3273	0.315146
3274	0.314643
3275	0.31393
3276	0.314061
3277	0.313755
3278	0.312312
3279	0.312342
3280	0.313605
3281	0.314695
3282	0.315017
3283	0.315258
3284	0.315779
3285	0.316939
3286	0.316284
3287	0.316001
3288	0.315998
3289	0.316797
3290	0.318456
3291	0.318971
3292	0.318717
3293	0.319774
3294	0.319871
3295	0.319268
3296	0.319407
3297	0.319702
3298	0.319796
3299	0.320458
3300	0.321193
3301	0.32232
3302	0.322627
3303	0.323073
3304	0.32383
3305	0.324144
3306	0.325258
3307	0.326058
3308	0.327235
3309	0.327979
3310	0.329043
3311	0.3292
3312	0.329425
3313	0.329742
3314	0.330233
3315	0.330362
3316	0.331316
3317	0.331666
3318	0.331064
3319	0.331159
3320	0.330925
3321	0.330615
3322	0.329168
3323	0.328081
3324	0.328916
3325	0.327872
3326	0.327352
3327	0.325862
3328	0.324399
3329	0.323633
3330	0.322851
3331	0.321948
3332	0.321125
3333	0.320353
3334	0.319303
3335	0.319985
3336	0.319409
3337	0.318924
3338	0.317959
3339	0.316545
3340	0.317506
3341	0.317733
3342	0.317884
3343	0.317906
3344	0.317582
3345	0.316507
3346	0.316447
3347	0.316734
3348	0.317101
3349	0.317543
3350	0.318469
3351	0.318998
3352	0.320358
3353	0.320101
3354	0.321224
3355	0.322634
3356	0.322139
3357	0.323051
3358	0.324413
3359	0.32384
3360	0.323974
3361	0.323882
3362	0.32455
3363	0.325222
3364	0.325796
3365	0.326185
3366	0.327257
3367	0.327361
3368	0.327475
3369	0.327521
3370	0.327325
3371	0.32845
3372	0.329027
3373	0.33053
3374	0.33147
3375	0.332346
3376	0.333684
3377	0.334854
3378	0.335811
3379	0.337077
3380	0.338275
3381	0.339732
3382	0.340816
3383	0.341571
3384	0.341437
3385	0.341569
3386	0.342385
3387	0.343143
3388	0.344089
3389	0.345709
3390	0.347271
3391	0.347431
3392	0.347703
3393	0.348009
3394	0.349196
3395	0.350154
3396	0.351861
3397	0.352405
3398	0.353138
3399	0.353645
3400	0.353963
3401	0.354378
3402	0.354552
3403	0.354654
3404	0.355355
3405	0.355504
3406	0.356317
3407	0.356758
3408	0.357146
3409	0.356989
3410	0.357321
3411	0.35786
3412	0.357863
3413	0.358562
3414	0.359268
3415	0.359691
3416	0.360489
3417	0.361376
3418	0.361318
3419	0.362346
3420	0.363004
3421	0.361914
3422	0.360879
3423	0.360456
3424	0.35937
3425	0.358395
3426	0.356382
3427	0.35598
3428	0.355078
3429	0.355088
3430	0.353374
3431	0.351932
3432	0.349275
3433	0.34746
3434	0.344361
3435	0.342985
3436	0.339502
3437	0.338644
3438	0.338515
3439	0.336492
3440	0.335152
3441	0.334924
3442	0.333043
3443	0.332027
3444	0.329096
3445	0.328099
3446	0.327686
3447	0.327864
3448	0.326302
3449	0.32501
3450	0.324291
3451	0.323421
3452	0.321837
3453	0.32124
3454	0.32069
3455	0.319563
3456	0.320262
3457	0.321118
3458	0.320912
3459	0.320332
3460	0.320782
3461	0.320617
3462	0.320982
3463	0.319739
3464	0.319592
3465	0.320511
3466	0.321731
3467	0.322209
3468	0.32161
3469	0.321357
3470	0.322487
3471	0.323055
3472	0.324517
3473	0.325068
3474	0.326273
3475	0.327302
3476	0.327795
3477	0.328366
3478	0.329587
3479	0.330142
3480	0.330128
3481	0.33062
3482	0.331663
3483	0.333084
3484	0.334189
3485	0.335372
3486	0.336312
3487	0.337285
3488	0.33872
3489	0.340115
3490	0.34213
3491	0.343385
3492	0.343563
3493	0.345212
3494	0.346028
3495	0.346891
3496	0.347243
3497	0.348432
3498	0.349307
3499	0.349895
3500	0.350109
3501	0.350682
3502	0.351253
3503	0.351411
3504	0.352384
3505	0.353079
3506	0.353466
3507	0.354708
3508	0.354237
3509	0.354138
3510	0.35465
3511	0.354943
3512	0.356103
3513	0.356307
3514	0.35756
3515	0.3566
3516	0.356136
3517	0.35581
3518	0.355074
3519	0.354256
3520	0.353456
3521	0.353805
3522	0.352889
3523	0.351231
3524	0.349869
3525	0.348366
3526	0.348536
3527	0.347693
3528	0.345537
3529	0.344628
3530	0.343395
3531	0.343132
3532	0.340764
3533	0.339386
3534	0.337671
3535	0.335477
3536	0.333532
3537	0.33225
3538	0.329628
3539	0.32744
3540	0.327118
3541	0.326863
3542	0.326658
3543	0.325846
3544	0.323737
3545	0.323285
3546	0.321691
3547	0.321571
3548	0.321387
3549	0.320827
3550	0.320898
3551	0.320315
3552	0.320738
3553	0.32115
3554	0.321714
3555	0.321083
3556	0.320348
3557	0.320757
3558	0.320336
3559	0.319927
3560	0.320273
3561	0.320802
3562	0.320608
3563	0.320449
3564	0.320003
3565	0.319352
3566	0.319464
3567	0.320317
3568	0.319297
3569	0.318999
3570	0.318193
3571	0.318756
3572	0.317539
3573	0.316286
3574	0.315681
3575	0.314437
3576	0.311266
3577	0.31122
3578	0.31044
3579	0.309269
3580	0.30843
3581	0.308119
3582	0.307225
3583	0.307518
3584	0.307407
3585	0.308384
3586	0.30894
3587	0.310064
3588	0.31157
3589	0.313185
3590	0.314213
3591	0.31371
3592	0.313732
3593	0.315058
3594	0.316011
3595	0.31677
3596	0.317498
3597	0.318499
3598	0.320008
3599	0.320294
3600	0.320778
3601	0.321217
3602	0.321625
3603	0.32245
3604	0.323327
3605	0.323489
3606	0.324356
3607	0.324859
3608	0.325376
3609	0.325234
3610	0.3259
3611	0.3261
3612	0.326613
3613	0.326137
3614	0.326227
3615	0.326096
3616	0.327066
3617	0.327458
3618	0.328242
3619	0.329063
3620	0.329218
3621	0.329893
3622	0.330245
3623	0.330833
3624	0.330954
3625	0.330498
3626	0.331283
3627	0.332471
3628	0.331671
3629	0.332127
3630	0.331667
3631	0.331895
3632	0.331118
3633	0.33072
3634	0.330526
3635	0.331498
3636	0.330237
3637	0.329625
3638	0.329489
3639	0.330569
3640	0.330556
3641	0.331551
3642	0.331516
3643	0.332366
3644	0.332711
3645	0.333812
3646	0.334145
3647	0.334377
3648	0.335024
3649	0.333701
3650	0.333
3651	0.333667
3652	0.333979
3653	0.334215
3654	0.334953
3655	0.334615
3656	0.335709
3657	0.337099
3658	0.336844
3659	0.337552
3660	0.337285
3661	0.337801
3662	0.337334
3663	0.337578
3664	0.337172
3665	0.337466
3666	0.338116
3667	0.339099
3668	0.338979
3669	0.338454
3670	0.339571
3671	0.340176
3672	0.34012
3673	0.340756
3674	0.340816
3675	0.340896
3676	0.340669
3677	0.341493
3678	0.341107
3679	0.341394
3680	0.34144
3681	0.342197
3682	0.342176
3683	0.341432
3684	0.340637
3685	0.341011
3686	0.341318
3687	0.339898
3688	0.337395
3689	0.337175
3690	0.336493
3691	0.335877
3692	0.334912
3693	0.333523
3694	0.332332
3695	0.33095
3696	0.330031
3697	0.328283
3698	0.329277
3699	0.327039
3700	0.324218
3701	0.324098
3702	0.323978
3703	0.321863
3704	0.319691
3705	0.316588
3706	0.314873
3707	0.314474
3708	0.315056
3709	0.313039
3710	0.312241
3711	0.311107
3712	0.310569
3713	0.310921
3714	0.310564
3715	0.31053
3716	0.310391
3717	0.309988
3718	0.31091
3719	0.312507
3720	0.314113
3721	0.31451
3722	0.315284
3723	0.316458
3724	0.317075
3725	0.317821
3726	0.318949
3727	0.319893
3728	0.321336
3729	0.321918
3730	0.32294
3731	0.323558
3732	0.324326
3733	0.325373
3734	0.326809
3735	0.327448
3736	0.32764
3737	0.329042
3738	0.330263
3739	0.33072
3740	0.331584
3741	0.332553
3742	0.333803
3743	0.334398
3744	0.33531
3745	0.336205
3746	0.336585
3747	0.337357
3748	0.337174
3749	0.337897
3750	0.338076
3751	0.338476
3752	0.339687
3753	0.340916
3754	0.34173
3755	0.342502
3756	0.342951
3757	0.344474
3758	0.345315
3759	0.346362
3760	0.347997
3761	0.349677
3762	0.350955
3763	0.351478
3764	0.352646
3765	0.353464
3766	0.353766
3767	0.354558
3768	0.35454
3769	0.356214
3770	0.357297
3771	0.358261
3772	0.358802
3773	0.358628
3774	0.358998
3775	0.358704
3776	0.35966
3777	0.360356
3778	0.360305
3779	0.361098
3780	0.360161
3781	0.361401
3782	0.362372
3783	0.362406
3784	0.362611
3785	0.361555
3786	0.361152
3787	0.360469
3788	0.358997
3789	0.35923
3790	0.359657
3791	0.359752
3792	0.359759
3793	0.359624
3794	0.358005
3795	0.356778
3796	0.356061
3797	0.356173
3798	0.353822
3799	0.352146
3800	0.350851
3801	0.350157
3802	0.349028
3803	0.346729
3804	0.344583
3805	0.341982
3806	0.339869
3807	0.338832
3808	0.337183
3809	0.33706
3810	0.333549
3811	0.332151
3812	0.329455
3813	0.328522
3814	0.325196
3815	0.321171
3816	0.319037
3817	0.3184
3818	0.318077
3819	0.317362
3820	0.315376
3821	0.313404
3822	0.311773
3823	0.311222
3824	0.310683
3825	0.311013
3826	0.308573
3827	0.309129
3828	0.306838
3829	0.306529
3830	0.30508
3831	0.30424
3832	0.304499
3833	0.303772
3834	0.303663
3835	0.301935
3836	0.3014
3837	0.300841
3838	0.298812
3839	0.298483
3840	0.296793
3841	0.295448
3842	0.294879
3843	0.292919
3844	0.292586
3845	0.29283
3846	0.292018
3847	0.291064
3848	0.29115
3849	0.291165
3850	0.291768
3851	0.292392
3852	0.293091
3853	0.294078
3854	0.29522
3855	0.295484
3856	0.296155
3857	0.296935
3858	0.297671
3859	0.298232
3860	0.299001
3861	0.300245
3862	0.300659
3863	0.301871
3864	0.302343
3865	0.3034
3866	0.304174
3867	0.30523
3868	0.306126
3869	0.30734
3870	0.308713
3871	0.309516
3872	0.310478
3873	0.312128
3874	0.313372
3875	0.314859
3876	0.315939
3877	0.31801
3878	0.319802
3879	0.321243
3880	0.322152
3881	0.323098
3882	0.323996
3883	0.325409
3884	0.326589
3885	0.327416
3886	0.327777
3887	0.32922
3888	0.329707
3889	0.331083
3890	0.332584
3891	0.334207
3892	0.335966
3893	0.337274
3894	0.338353
3895	0.33921
3896	0.340354
3897	0.341729
3898	0.342392
3899	0.343664
3900	0.344587
3901	0.345367
3902	0.346085
3903	0.346604
3904	0.347224
3905	0.347976
3906	0.349394
3907	0.349999
3908	0.350874
3909	0.352267
3910	0.352657
3911	0.353478
3912	0.354359
3913	0.354912
3914	0.355794
3915	0.356891
3916	0.357022
3917	0.357479
3918	0.356729
3919	0.356836
3920	0.357359
3921	0.357765
3922	0.358171
3923	0.35801
3924	0.357982
3925	0.357107
3926	0.357148
3927	0.357739
3928	0.357808
3929	0.357947
3930	0.358073
3931	0.358318
3932	0.357417
3933	0.357119
3934	0.357633
3935	0.356673
3936	0.356008
3937	0.354118
3938	0.352543
3939	0.352774
3940	0.350773
3941	0.349745
3942	0.349201
3943	0.347246
3944	0.346497
3945	0.345787
3946	0.343539
3947	0.344403
3948	0.344771
3949	0.344472
3950	0.342195
3951	0.340933
3952	0.337272
3953	0.337095
3954	0.335581
3955	0.334415
3956	0.333008
3957	0.331342
3958	0.329912
3959	0.329221
3960	0.328325
3961	0.326119
3962	0.323681
3963	0.322236
3964	0.319851
3965	0.318115
3966	0.316028
3967	0.315914
3968	0.315787
3969	0.314352
3970	0.313813
3971	0.313018
3972	0.312494
3973	0.312108
3974	0.312141
3975	0.313453
3976	0.312994
3977	0.313206
3978	0.312297
3979	0.313026
3980	0.313399
3981	0.313127
3982	0.31317
3983	0.313849
3984	0.313919
3985	0.313916
3986	0.313858
3987	0.315041
3988	0.316048
3989	0.316734
3990	0.317722
3991	0.318492
3992	0.319829
3993	0.3203
3994	0.320516
3995	0.321113
3996	0.322896
3997	0.324159
3998	0.325572
3999	0.327383
4000	0.329055
4001	0.330696
4002	0.332456
4003	0.3339
4004	0.33493
4005	0.335684
4006	0.337233
4007	0.338558
4008	0.33989
4009	0.341735
4010	0.342543
4011	0.34403
4012	0.344211
4013	0.345423
4014	0.345692
4015	0.346144
4016	0.346895
4017	0.347276
4018	0.347687
4019	0.348394
4020	0.349111
4021	0.35008
4022	0.350427
4023	0.350545
4024	0.351214
4025	0.350618
4026	0.350664
4027	0.349975
4028	0.350207
4029	0.350142
4030	0.349623
4031	0.349266
4032	0.3488
4033	0.348711
4034	0.347952
4035	0.347723
4036	0.346673
4037	0.346638
4038	0.346926
4039	0.344764
4040	0.345006
4041	0.345609
4042	0.344911
4043	0.344351
4044	0.344209
4045	0.343062
4046	0.342275
4047	0.34236
4048	0.341761
4049	0.339557
4050	0.338691
4051	0.336181
4052	0.335
4053	0.333436
4054	0.331282
4055	0.330735
4056	0.328753
4057	0.326271
4058	0.325616
4059	0.323741
4060	0.322342
4061	0.321125
4062	0.318718
4063	0.316303
4064	0.3143
4065	0.313566
4066	0.310362
4067	0.309382
4068	0.308165
4069	0.307805
4070	0.305718
4071	0.305266
4072	0.305083
4073	0.304925
4074	0.303278
4075	0.301603
4076	0.300086
4077	0.299127
4078	0.298013
4079	0.297923
4080	0.297066
4081	0.29722
4082	0.297487
4083	0.29759
4084	0.298335
4085	0.299622
4086	0.300689
4087	0.300448
4088	0.300353
4089	0.301251
4090	0.301926
4091	0.302283
4092	0.302903
4093	0.304368
4094	0.304855
4095	0.305436
4096	0.306229
4097	0.30666
4098	0.306957
4099	0.307369
4100	0.308131
4101	0.30962
4102	0.310836
4103	0.311533
4104	0.312659
4105	0.31376
4106	0.314904
4107	0.315406
4108	0.316376
4109	0.317379
4110	0.318291
4111	0.319684
4112	0.320268
4113	0.321747
4114	0.32295
4115	0.323979
4116	0.325387
4117	0.327192
4118	0.327903
4119	0.329737
4120	0.331207
4121	0.33287
4122	0.333576
4123	0.334345
4124	0.334959
4125	0.336258
4126	0.337495
4127	0.338579
4128	0.339726
4129	0.3407
4130	0.341009
4131	0.34184
4132	0.342679
4133	0.343519
4134	0.343401
4135	0.343921
4136	0.343991
4137	0.343711
4138	0.343936
4139	0.344086
4140	0.344185
4141	0.344062
4142	0.344249
4143	0.344769
4144	0.344108
4145	0.343682
4146	0.342457
4147	0.34091
4148	0.340051
4149	0.338732
4150	0.338617
4151	0.33776
4152	0.336481
4153	0.336147
4154	0.33611
4155	0.335914
4156	0.333655
4157	0.333738
4158	0.333677
4159	0.333321
4160	0.333454
4161	0.332096
4162	0.331513
4163	0.331024
4164	0.330532
4165	0.329375
4166	0.32851
4167	0.327344
4168	0.327474
4169	0.325696
4170	0.323701
4171	0.320426
4172	0.320646
4173	0.318663
4174	0.318798
4175	0.319664
4176	0.318782
4177	0.31865
4178	0.318299
4179	0.318055
4180	0.317946
4181	0.317569
4182	0.317163
4183	0.317246
4184	0.317288
4185	0.317415
4186	0.317508
4187	0.318884
4188	0.319714
4189	0.31981
4190	0.319115
4191	0.318206
4192	0.317436
4193	0.318495
4194	0.319348
4195	0.319907
4196	0.320643
4197	0.321745
4198	0.322094
4199	0.323274
4200	0.324858
4201	0.326164
4202	0.327722
4203	0.328681
4204	0.329588
4205	0.330539
4206	0.332297
4207	0.332905
4208	0.333963
4209	0.33476
4210	0.335584
4211	0.336352
4212	0.337028
4213	0.337099
4214	0.337825
4215	0.338758
4216	0.339666
4217	0.340368
4218	0.341459
4219	0.342408
4220	0.34354
4221	0.34439
4222	0.345296
4223	0.34556
4224	0.34586
4225	0.345693
4226	0.347361
4227	0.348238
4228	0.349208
4229	0.349329
4230	0.35027
4231	0.351389
4232	0.351635
4233	0.352367
4234	0.353187
4235	0.35335
4236	0.354711
4237	0.354515
4238	0.355519
4239	0.356238
4240	0.356033
4241	0.355488
4242	0.355343
4243	0.355461
4244	0.355837
4245	0.354966
4246	0.354323
4247	0.353113
4248	0.351875
4249	0.350947
4250	0.347684
4251	0.345951
4252	0.344477
4253	0.342706
4254	0.341555
4255	0.339455
4256	0.338173
4257	0.33688
4258	0.336992
4259	0.334814
4260	0.333495
4261	0.331144
4262	0.329584
4263	0.327024
4264	0.324251
4265	0.322097
4266	0.320748
4267	0.319415
4268	0.318772
4269	0.319004
4270	0.317101
4271	0.314543
4272	0.312522
4273	0.310328
4274	0.309084
4275	0.307101
4276	0.306883
4277	0.30633
4278	0.306213
4279	0.304013
4280	0.303834
4281	0.303696
4282	0.303654
4283	0.304371
4284	0.305416
4285	0.30605
4286	0.30641
4287	0.306375
4288	0.307539
4289	0.308074
4290	0.308938
4291	0.309756
4292	0.311329
4293	0.312788
4294	0.312925
4295	0.314275
4296	0.314967
4297	0.315983
4298	0.316913
4299	0.317893
4300	0.318282
4301	0.318995
4302	0.319843
4303	0.3212
4304	0.322453
4305	0.323259
4306	0.323686
4307	0.325104
4308	0.325775
4309	0.326911
4310	0.327464
4311	0.328355
4312	0.329879
4313	0.331154
4314	0.33309
4315	0.334305
4316	0.335659
4317	0.336487
4318	0.337572
4319	0.337734
4320	0.338425
4321	0.338813
4322	0.339748
4323	0.341147
4324	0.342043
4325	0.343021
4326	0.34342
4327	0.344083
4328	0.344976
4329	0.345731
4330	0.347096
4331	0.346763
4332	0.347145
4333	0.347679
4334	0.348837
4335	0.348919
4336	0.348846
4337	0.349311
4338	0.349607
4339	0.349554
4340	0.349587
4341	0.34733
4342	0.347154
4343	0.347264
4344	0.347726
4345	0.347351
4346	0.346658
4347	0.346064
4348	0.345309
4349	0.343923
4350	0.343827
4351	0.343363
4352	0.342466
4353	0.342385
4354	0.342434
4355	0.342668
4356	0.34256
4357	0.343819
4358	0.345222
4359	0.34645
4360	0.347228
4361	0.346821
4362	0.347614
4363	0.347306
4364	0.347022
4365	0.347072
4366	0.346819
4367	0.346898
4368	0.346759
4369	0.34646
4370	0.345045
4371	0.344917
4372	0.344021
4373	0.342583
4374	0.342595
4375	0.341812
4376	0.342533
4377	0.343158
4378	0.34285
4379	0.342031
4380	0.341618
4381	0.341401
4382	0.341148
4383	0.341509
4384	0.341275
4385	0.341081
4386	0.340724
4387	0.339562
4388	0.339356
4389	0.338076
4390	0.336708
4391	0.335299
4392	0.334062
4393	0.332602
4394	0.331133
4395	0.330181
4396	0.328824
4397	0.327977
4398	0.326167
4399	0.325094
4400	0.324007
4401	0.323386
4402	0.323052
4403	0.322131
4404	0.321114
4405	0.319499
4406	0.31807
4407	0.316652
4408	0.315759
4409	0.315763
4410	0.314409
4411	0.313691
4412	0.312852
4413	0.311595
4414	0.311871
4415	0.311758
4416	0.309896
4417	0.310109
4418	0.309854
4419	0.309053
4420	0.308525
4421	0.307773
4422	0.307662
4423	0.30633
4424	0.305424
4425	0.306559
4426	0.306568
4427	0.307342
4428	0.306723
4429	0.307016
4430	0.306005
4431	0.306274
4432	0.306264
4433	0.306009
4434	0.306912
4435	0.307622
4436	0.308136
4437	0.308499
4438	0.308252
4439	0.30883
4440	0.309076
4441	0.309384
4442	0.309825
4443	0.309918
4444	0.310753
4445	0.312357
4446	0.311954
4447	0.311763
4448	0.313009
4449	0.31392
4450	0.315686
4451	0.31684
4452	0.317971
4453	0.319121
4454	0.320001
4455	0.320939
4456	0.322175
4457	0.323619
4458	0.325634
4459	0.327128
4460	0.328993
4461	0.330691
4462	0.332591
4463	0.334121
4464	0.335813
4465	0.337433
4466	0.33913
4467	0.340914
4468	0.342438
4469	0.3441
4470	0.345401
4471	0.346536
4472	0.348175
4473	0.349249
4474	0.350412
4475	0.351502
4476	0.352801
4477	0.353841
4478	0.353597
4479	0.354404
4480	0.355414
4481	0.356304
4482	0.356821
4483	0.357447
4484	0.357636
4485	0.358372
4486	0.359454
4487	0.360569
4488	0.361246
4489	0.362015
4490	0.36296
4491	0.363822
4492	0.364486
4493	0.365111
4494	0.365768
4495	0.36604
4496	0.366671
4497	0.367096
4498	0.366252
4499	0.36487
4500	0.364579
4501	0.363774
4502	0.363801
4503	0.363033
4504	0.362429
4505	0.362121
4506	0.361405
4507	0.360464
4508	0.360131
4509	0.36062
4510	0.360476
4511	0.360055
4512	0.359249
4513	0.359828
4514	0.35834
4515	0.357659
4516	0.355375
4517	0.353359
4518	0.350528
4519	0.34859
4520	0.344493
4521	0.341316
4522	0.33831
4523	0.336419
4524	0.333692
4525	0.330842
4526	0.327774
4527	0.325454
4528	0.322612
4529	0.322221
4530	0.320857
4531	0.319286
4532	0.318252
4533	0.317179
4534	0.316495
4535	0.315085
4536	0.314854
4537	0.314226
4538	0.312739
4539	0.312534
4540	0.31246
4541	0.31218
4542	0.312072
4543	0.312023
4544	0.311734
4545	0.311907
4546	0.312256
4547	0.312221
4548	0.312998
4549	0.312176
4550	0.311767
4551	0.312439
4552	0.312498
4553	0.313016
4554	0.313222
4555	0.313523
4556	0.314162
4557	0.31393
4558	0.315657
4559	0.315929
4560	0.316153
4561	0.317427
4562	0.316923
4563	0.317764
4564	0.318806
4565	0.320007
4566	0.321497
4567	0.322009
4568	0.323068
4569	0.324031
4570	0.325027
4571	0.325259
4572	0.325494
4573	0.325762
4574	0.326708
4575	0.32799
4576	0.328617
4577	0.329971
4578	0.330796
4579	0.332004
4580	0.333246
4581	0.334131
4582	0.335014
4583	0.335922
4584	0.337319
4585	0.339092
4586	0.340506
4587	0.341414
4588	0.342617
4589	0.343699
4590	0.344908
4591	0.345495
4592	0.346363
4593	0.347287
4594	0.34811
4595	0.348807
4596	0.349759
4597	0.350546
4598	0.350435
4599	0.351392
4600	0.351979
4601	0.352224
4602	0.35252
4603	0.353256
4604	0.353855
4605	0.354995
4606	0.356456
4607	0.356685
4608	0.356813
4609	0.357293
4610	0.357859
4611	0.357542
4612	0.356119
4613	0.356377
4614	0.354754
4615	0.354357
4616	0.353921
4617	0.353621
4618	0.353707
4619	0.353396
4620	0.351724
4621	0.350216
4622	0.348484
4623	0.34664
4624	0.34369
4625	0.342883
4626	0.341493
4627	0.339208
4628	0.338794
4629	0.337258
4630	0.334921
4631	0.334425
4632	0.334143
4633	0.333531
4634	0.333701
4635	0.332577
4636	0.333855
4637	0.335182
4638	0.334035
4639	0.33351
4640	0.332673
4641	0.331627
4642	0.330648
4643	0.329633
4644	0.327836
4645	0.326865
4646	0.32499
4647	0.324479
4648	0.323295
4649	0.322227
4650	0.32176
4651	0.321329
4652	0.320825
4653	0.319909
4654	0.319993
4655	0.319295
4656	0.318388
4657	0.317513
4658	0.317877
4659	0.317713
4660	0.316735
4661	0.315479
4662	0.315727
4663	0.315964
4664	0.315344
4665	0.314686
4666	0.314108
4667	0.313355
4668	0.312982
4669	0.313026
4670	0.313393
4671	0.31381
4672	0.313124
4673	0.312252
4674	0.312
4675	0.311008
4676	0.309946
4677	0.310174
4678	0.309766
4679	0.308275
4680	0.306686
4681	0.305745
4682	0.305064
4683	0.304486
4684	0.302118
4685	0.300885
4686	0.300234
4687	0.299634
4688	0.29891
4689	0.298362
4690	0.298551
4691	0.29827
4692	0.298073
4693	0.298076
4694	0.298357
4695	0.298645
4696	0.299618
4697	0.300834
4698	0.301797
4699	0.302059
4700	0.302876
4701	0.303588
4702	0.304861
4703	0.305919
4704	0.306797
4705	0.308291
4706	0.309357
4707	0.309883
4708	0.311041
4709	0.31216
4710	0.313829
4711	0.314884
4712	0.315792
4713	0.316712
4714	0.317895
4715	0.319401
4716	0.320427
4717	0.321719
4718	0.322461
4719	0.324027
4720	0.325766
4721	0.326964
4722	0.327775
4723	0.328899
4724	0.330051
4725	0.331397
4726	0.332095
4727	0.333472
4728	0.334928
4729	0.335238
4730	0.336349
4731	0.336536
4732	0.337576
4733	0.338163
4734	0.33856
4735	0.338683
4736	0.339268
4737	0.339544
4738	0.33965
4739	0.340776
4740	0.341835
4741	0.342705
4742	0.343715
4743	0.345147
4744	0.345786
4745	0.34637
4746	0.347617
4747	0.347725
4748	0.349143
4749	0.349747
4750	0.350663
4751	0.351794
4752	0.352292
4753	0.352508
4754	0.353132
4755	0.35409
4756	0.355218
4757	0.356091
4758	0.357128
4759	0.357084
4760	0.357057
4761	0.358083
4762	0.358611
4763	0.35901
4764	0.358628
4765	0.358223
4766	0.358335
4767	0.35915
4768	0.359549
4769	0.360118
4770	0.360451
4771	0.360764
4772	0.360792
4773	0.361093
4774	0.361863
4775	0.362525
4776	0.363277
4777	0.363246
4778	0.36339
4779	0.363927
4780	0.364717
4781	0.364596
4782	0.365014
4783	0.364523
4784	0.365708
4785	0.364989
4786	0.364904
4787	0.364421
4788	0.364368
4789	0.363656
4790	0.363588
4791	0.361437
4792	0.362359
4793	0.36182
4794	0.361057
4795	0.359994
4796	0.358234
4797	0.356477
4798	0.354439
4799	0.353465
4800	0.352169
4801	0.349994
4802	0.348849
4803	0.348347
4804	0.347221
4805	0.347581
4806	0.346346
4807	0.343051
4808	0.341038
4809	0.339841
4810	0.337218
4811	0.335993
4812	0.335221
4813	0.333294
4814	0.331202
4815	0.329724
4816	0.328019
4817	0.325862
4818	0.324988
4819	0.324186
4820	0.322565
4821	0.321157
4822	0.319467
4823	0.318869
4824	0.319114
4825	0.316906
4826	0.316061
4827	0.315821
4828	0.316346
4829	0.316903
4830	0.317622
4831	0.318404
4832	0.318135
4833	0.318142
4834	0.318867
4835	0.320449
4836	0.320471
4837	0.321736
4838	0.322432
4839	0.32343
4840	0.323997
4841	0.324984
4842	0.326029
4843	0.326816
4844	0.327397
4845	0.327264
4846	0.328122
4847	0.329468
4848	0.330244
4849	0.331664
4850	0.33264
4851	0.333202
4852	0.333952
4853	0.334329
4854	0.334119
4855	0.333468
4856	0.333136
4857	0.333678
4858	0.334411
4859	0.334261
4860	0.334449
4861	0.334821
4862	0.335467
4863	0.336119
4864	0.336136
4865	0.336858
4866	0.337099
4867	0.337239
4868	0.338213
4869	0.339013
4870	0.338917
4871	0.338241
4872	0.337735
4873	0.33823
4874	0.337877
4875	0.337723
4876	0.338453
4877	0.33897
4878	0.338496
4879	0.337755
4880	0.337244
4881	0.336722
4882	0.336763
4883	0.335305
4884	0.335373
4885	0.334597
4886	0.333948
4887	0.33315
4888	0.332181
4889	0.332089
4890	0.32995
4891	0.328452
4892	0.328154
4893	0.326825
4894	0.326352
4895	0.326413
4896	0.32582
4897	0.325388
4898	0.324146
4899	0.323084
4900	0.322354
4901	0.322103
4902	0.321901
4903	0.321922
4904	0.322854
4905	0.323707
4906	0.324518
4907	0.32392
4908	0.32338
4909	0.323015
4910	0.323048
4911	0.3236
4912	0.323279
4913	0.322872
4914	0.322409
4915	0.322479
4916	0.32321
4917	0.323511
4918	0.323748
4919	0.324231
4920	0.324483
4921	0.32549
4922	0.325074
4923	0.326414
4924	0.326196
4925	0.326353
4926	0.327062
4927	0.327732
4928	0.326953
4929	0.327257
4930	0.326164
4931	0.325828
4932	0.327002
4933	0.327554
4934	0.328097
4935	0.32836
4936	0.328376
4937	0.328778
4938	0.328191
4939	0.327985
4940	0.327565
4941	0.327284
4942	0.326896
4943	0.327877
4944	0.328129
4945	0.328469
4946	0.328263
4947	0.328566
4948	0.328914
4949	0.329745
4950	0.330936
4951	0.332002
4952	0.33194
4953	0.332647
4954	0.332947
4955	0.333389
4956	0.33452
4957	0.334656
4958	0.335025
4959	0.335204
4960	0.335454
4961	0.335113
4962	0.334765
4963	0.336237
4964	0.336755
4965	0.338228
4966	0.338362
4967	0.337951
4968	0.338069
4969	0.339032
4970	0.339799
4971	0.340542
4972	0.340924
4973	0.341394
4974	0.342341
4975	0.343297
4976	0.344067
4977	0.344885
4978	0.34551
4979	0.346241
4980	0.346806
4981	0.346621
4982	0.346893
4983	0.347973
4984	0.34806
4985	0.347757
4986	0.347611
4987	0.347756
4988	0.347882
4989	0.348225
4990	0.348388
4991	0.349041
4992	0.349292
4993	0.349235
4994	0.35002
4995	0.350069
4996	0.350397
4997	0.350271
4998	0.350409
4999	0.349522
5000	0.349573
