#realizzazioni=200

0	0.99
1	0.980195
2	0.963585
3	0.937409
4	0.897205
5	0.837791
6	0.757163
7	0.659699
8	0.552858
9	0.450527
10	0.361496
11	0.288073
12	0.23318
13	0.192296
14	0.162887
15	0.140592
16	0.125498
17	0.114449
18	0.106788
19	0.101626
20	0.0982726
21	0.0964704
22	0.0956693
23	0.0958128
24	0.0966991
25	0.0980651
26	0.0999057
27	0.10207
28	0.104519
29	0.107275
30	0.110258
31	0.113404
32	0.116701
33	0.12014
34	0.123663
35	0.127282
36	0.130983
37	0.134734
38	0.138536
39	0.142362
40	0.146233
41	0.150127
42	0.154035
43	0.157959
44	0.161889
45	0.165826
46	0.169765
47	0.173711
48	0.177649
49	0.181583
50	0.185514
51	0.189439
52	0.193356
53	0.197261
54	0.201156
55	0.205042
56	0.208915
57	0.212773
58	0.216619
59	0.220452
60	0.224271
61	0.228072
62	0.231859
63	0.235631
64	0.239387
65	0.243129
66	0.246853
67	0.250561
68	0.254253
69	0.257927
70	0.261586
71	0.265228
72	0.268853
73	0.272461
74	0.276052
75	0.279626
76	0.283183
77	0.286723
78	0.290245
79	0.293751
80	0.29724
81	0.300712
82	0.304168
83	0.307607
84	0.311028
85	0.314433
86	0.31782
87	0.32119
88	0.324544
89	0.32788
90	0.331199
91	0.334502
92	0.337787
93	0.341055
94	0.344306
95	0.34754
96	0.350757
97	0.353957
98	0.35714
99	0.360305
100	0.363454
101	0.366585
102	0.369699
103	0.372796
104	0.375875
105	0.378936
106	0.38198
107	0.385005
108	0.388014
109	0.391002
110	0.393972
111	0.396925
112	0.399857
113	0.402771
114	0.405667
115	0.40854
116	0.41139
117	0.414222
118	0.417031
119	0.419818
120	0.422577
121	0.425318
122	0.428027
123	0.430714
124	0.433372
125	0.435999
126	0.438595
127	0.441157
128	0.443684
129	0.44618
130	0.448636
131	0.451035
132	0.453386
133	0.455678
134	0.457913
135	0.460086
136	0.462185
137	0.464222
138	0.466183
139	0.468034
140	0.469788
141	0.47142
142	0.472914
143	0.474259
144	0.475466
145	0.476522
146	0.477406
147	0.478084
148	0.4785
149	0.478631
150	0.47845
151	0.477949
152	0.477093
153	0.475903
154	0.474286
155	0.472252
156	0.469872
157	0.466832
158	0.463528
159	0.459582
160	0.455029
161	0.449751
162	0.444387
163	0.438519
164	0.431863
165	0.424466
166	0.416907
167	0.408755
168	0.400412
169	0.391962
170	0.383079
171	0.374212
172	0.365189
173	0.35628
174	0.347271
175	0.338645
176	0.330222
177	0.321877
178	0.313951
179	0.306601
180	0.299582
181	0.293178
182	0.287259
183	0.281917
184	0.276892
185	0.272436
186	0.268331
187	0.26476
188	0.261563
189	0.258722
190	0.256364
191	0.254382
192	0.252821
193	0.251473
194	0.250566
195	0.249871
196	0.249446
197	0.249358
198	0.249432
199	0.24969
200	0.250122
201	0.250787
202	0.251635
203	0.252632
204	0.253768
205	0.255061
206	0.256464
207	0.257981
208	0.259625
209	0.26135
210	0.26316
211	0.265014
212	0.266952
213	0.268936
214	0.270982
215	0.273064
216	0.275172
217	0.27736
218	0.279548
219	0.281728
220	0.283971
221	0.286263
222	0.288573
223	0.290909
224	0.293242
225	0.295579
226	0.297909
227	0.300274
228	0.302635
229	0.304985
230	0.307359
231	0.309731
232	0.312087
233	0.314423
234	0.316757
235	0.319103
236	0.321438
237	0.323755
238	0.326044
239	0.328291
240	0.330539
241	0.332776
242	0.334976
243	0.337141
244	0.339329
245	0.34148
246	0.343605
247	0.345663
248	0.347682
249	0.349693
250	0.351659
251	0.353592
252	0.355456
253	0.357309
254	0.359086
255	0.360835
256	0.362486
257	0.364113
258	0.365637
259	0.367165
260	0.368617
261	0.370002
262	0.371245
263	0.372452
264	0.373611
265	0.374644
266	0.375667
267	0.376535
268	0.377337
269	0.378092
270	0.378778
271	0.37935
272	0.379812
273	0.380222
274	0.380481
275	0.380571
276	0.380591
277	0.380567
278	0.38037
279	0.380013
280	0.379635
281	0.379102
282	0.378507
283	0.377762
284	0.376873
285	0.375906
286	0.374752
287	0.373441
288	0.37218
289	0.370651
290	0.369017
291	0.367319
292	0.365417
293	0.363531
294	0.361367
295	0.359289
296	0.357037
297	0.354731
298	0.352379
299	0.350047
300	0.347631
301	0.345143
302	0.342614
303	0.3401
304	0.337607
305	0.335053
306	0.332573
307	0.330208
308	0.32792
309	0.325621
310	0.323394
311	0.321292
312	0.319244
313	0.317387
314	0.315568
315	0.313832
316	0.312191
317	0.310644
318	0.30921
319	0.30779
320	0.306544
321	0.30546
322	0.30441
323	0.303526
324	0.302668
325	0.301996
326	0.301407
327	0.300976
328	0.300591
329	0.300272
330	0.300002
331	0.299865
332	0.299803
333	0.299795
334	0.300009
335	0.300117
336	0.300325
337	0.300715
338	0.30114
339	0.301612
340	0.302156
341	0.302739
342	0.303392
343	0.304057
344	0.30479
345	0.305565
346	0.306382
347	0.307216
348	0.308153
349	0.309096
350	0.31003
351	0.311008
352	0.311965
353	0.313006
354	0.314106
355	0.315169
356	0.316227
357	0.317335
358	0.318462
359	0.319604
360	0.32074
361	0.321799
362	0.322856
363	0.323971
364	0.325046
365	0.326121
366	0.327202
367	0.328242
368	0.329308
369	0.330357
370	0.331322
371	0.332308
372	0.333259
373	0.334232
374	0.335189
375	0.336103
376	0.33699
377	0.33792
378	0.338824
379	0.339642
380	0.3404
381	0.341142
382	0.341832
383	0.342471
384	0.343077
385	0.34366
386	0.34422
387	0.34474
388	0.34525
389	0.345738
390	0.346233
391	0.346651
392	0.34701
393	0.347347
394	0.347632
395	0.34793
396	0.348149
397	0.348422
398	0.34857
399	0.348682
400	0.348769
401	0.348722
402	0.348681
403	0.348564
404	0.348427
405	0.348312
406	0.348152
407	0.347867
408	0.347605
409	0.347255
410	0.346845
411	0.346493
412	0.346119
413	0.345755
414	0.345241
415	0.34474
416	0.344142
417	0.343583
418	0.342998
419	0.342379
420	0.341691
421	0.341048
422	0.340462
423	0.339823
424	0.339128
425	0.338396
426	0.337677
427	0.336886
428	0.336219
429	0.335462
430	0.334631
431	0.333833
432	0.333076
433	0.332357
434	0.331553
435	0.330782
436	0.330201
437	0.3295
438	0.328805
439	0.32814
440	0.327484
441	0.326805
442	0.32615
443	0.325516
444	0.324876
445	0.324311
446	0.323781
447	0.323343
448	0.322819
449	0.322338
450	0.32197
451	0.321651
452	0.321305
453	0.320913
454	0.320591
455	0.320321
456	0.320113
457	0.319947
458	0.319729
459	0.319632
460	0.319489
461	0.319438
462	0.319358
463	0.319243
464	0.319232
465	0.319285
466	0.319326
467	0.319437
468	0.319568
469	0.319686
470	0.319847
471	0.320038
472	0.320273
473	0.320441
474	0.320548
475	0.320737
476	0.320956
477	0.321178
478	0.321402
479	0.321739
480	0.322017
481	0.322316
482	0.322679
483	0.323036
484	0.323392
485	0.323797
486	0.324232
487	0.32471
488	0.325052
489	0.325516
490	0.326028
491	0.326481
492	0.326963
493	0.327464
494	0.327926
495	0.328357
496	0.328815
497	0.329297
498	0.329763
499	0.330261
500	0.330745
501	0.331187
502	0.33164
503	0.332005
504	0.332411
505	0.332814
506	0.333206
507	0.33358
508	0.333907
509	0.334308
510	0.334702
511	0.335004
512	0.335245
513	0.335496
514	0.335781
515	0.336055
516	0.336277
517	0.336439
518	0.336661
519	0.336821
520	0.336918
521	0.337071
522	0.337186
523	0.337285
524	0.337324
525	0.337357
526	0.337475
527	0.337458
528	0.337444
529	0.337438
530	0.337338
531	0.337291
532	0.337171
533	0.337134
534	0.337015
535	0.336944
536	0.336835
537	0.33675
538	0.33665
539	0.336567
540	0.336382
541	0.336192
542	0.335948
543	0.335673
544	0.33546
545	0.335164
546	0.334952
547	0.334659
548	0.334441
549	0.334264
550	0.334057
551	0.333829
552	0.333594
553	0.333395
554	0.333219
555	0.332949
556	0.33267
557	0.3324
558	0.332116
559	0.331858
560	0.331562
561	0.331326
562	0.33107
563	0.330749
564	0.3305
565	0.330243
566	0.3301
567	0.329866
568	0.329661
569	0.329382
570	0.329126
571	0.328875
572	0.328655
573	0.328378
574	0.328141
575	0.327907
576	0.327763
577	0.327601
578	0.327478
579	0.327352
580	0.327197
581	0.32711
582	0.327074
583	0.326969
584	0.326938
585	0.32681
586	0.326745
587	0.326565
588	0.326426
589	0.326354
590	0.326256
591	0.326141
592	0.326057
593	0.326058
594	0.326031
595	0.326013
596	0.326052
597	0.326086
598	0.326095
599	0.326172
600	0.32625
601	0.326323
602	0.326506
603	0.326591
604	0.32661
605	0.326725
606	0.326854
607	0.326958
608	0.32706
609	0.327148
610	0.327244
611	0.32735
612	0.327463
613	0.327663
614	0.327806
615	0.327926
616	0.328067
617	0.328257
618	0.328432
619	0.328502
620	0.328677
621	0.328711
622	0.328724
623	0.328773
624	0.328925
625	0.32903
626	0.329019
627	0.329054
628	0.329135
629	0.329208
630	0.32926
631	0.32945
632	0.32952
633	0.329631
634	0.329773
635	0.329888
636	0.329959
637	0.329938
638	0.329996
639	0.330036
640	0.330044
641	0.330037
642	0.330098
643	0.330113
644	0.330206
645	0.330265
646	0.330353
647	0.330468
648	0.330591
649	0.330667
650	0.330734
651	0.330788
652	0.330796
653	0.330829
654	0.330876
655	0.330934
656	0.330978
657	0.330995
658	0.331013
659	0.331011
660	0.33109
661	0.331121
662	0.331187
663	0.331189
664	0.331174
665	0.331131
666	0.33111
667	0.331046
668	0.331016
669	0.330957
670	0.330942
671	0.330863
672	0.330829
673	0.330798
674	0.330737
675	0.33069
676	0.330703
677	0.330654
678	0.33062
679	0.330614
680	0.330523
681	0.330546
682	0.330429
683	0.330333
684	0.330223
685	0.330137
686	0.329938
687	0.329853
688	0.329716
689	0.329629
690	0.329449
691	0.329458
692	0.329317
693	0.329278
694	0.329282
695	0.329262
696	0.329179
697	0.329115
698	0.329093
699	0.32913
700	0.329108
701	0.329173
702	0.329227
703	0.329216
704	0.329262
705	0.32916
706	0.329141
707	0.32913
708	0.32911
709	0.329081
710	0.329134
711	0.329156
712	0.329199
713	0.329221
714	0.32922
715	0.329287
716	0.329383
717	0.329371
718	0.329475
719	0.329595
720	0.329658
721	0.329775
722	0.329849
723	0.329917
724	0.329991
725	0.330116
726	0.330176
727	0.330216
728	0.330265
729	0.330356
730	0.330377
731	0.33039
732	0.330486
733	0.330543
734	0.330683
735	0.330807
736	0.330823
737	0.330891
738	0.331012
739	0.330991
740	0.331006
741	0.331033
742	0.331103
743	0.331117
744	0.331202
745	0.331209
746	0.331195
747	0.331131
748	0.331071
749	0.331026
750	0.331039
751	0.330985
752	0.330983
753	0.331015
754	0.330877
755	0.330939
756	0.330914
757	0.330894
758	0.330889
759	0.330884
760	0.330922
761	0.330925
762	0.330937
763	0.330986
764	0.330875
765	0.330889
766	0.330916
767	0.330916
768	0.330967
769	0.330929
770	0.330906
771	0.33085
772	0.330835
773	0.330839
774	0.330928
775	0.330871
776	0.330907
777	0.330825
778	0.330797
779	0.330692
780	0.330649
781	0.330561
782	0.330487
783	0.330457
784	0.330377
785	0.330372
786	0.330333
787	0.330291
788	0.330216
789	0.330096
790	0.330114
791	0.33013
792	0.330136
793	0.330071
794	0.33007
795	0.330002
796	0.330004
797	0.329934
798	0.329983
799	0.330021
800	0.329982
801	0.329996
802	0.329921
803	0.329902
804	0.329903
805	0.329903
806	0.329913
807	0.329813
808	0.32979
809	0.329719
810	0.329762
811	0.329837
812	0.329789
813	0.329754
814	0.329762
815	0.329745
816	0.329774
817	0.329744
818	0.329759
819	0.329768
820	0.329798
821	0.329824
822	0.329789
823	0.329795
824	0.329773
825	0.329779
826	0.329756
827	0.329768
828	0.329761
829	0.32973
830	0.329703
831	0.329661
832	0.329614
833	0.329629
834	0.329576
835	0.329582
836	0.329555
837	0.329518
838	0.329552
839	0.329592
840	0.329612
841	0.329671
842	0.329721
843	0.329716
844	0.329848
845	0.33004
846	0.33006
847	0.330042
848	0.330111
849	0.330157
850	0.33029
851	0.330346
852	0.33035
853	0.330403
854	0.330505
855	0.33051
856	0.330606
857	0.3307
858	0.330697
859	0.330683
860	0.330798
861	0.330911
862	0.330969
863	0.330957
864	0.330984
865	0.330999
866	0.331028
867	0.331103
868	0.331132
869	0.331181
870	0.331206
871	0.331264
872	0.331317
873	0.331425
874	0.331435
875	0.331387
876	0.331432
877	0.331393
878	0.331309
879	0.331353
880	0.331334
881	0.33131
882	0.331337
883	0.331305
884	0.331191
885	0.331216
886	0.331247
887	0.331126
888	0.331102
889	0.331193
890	0.331233
891	0.331298
892	0.331329
893	0.331384
894	0.331337
895	0.331355
896	0.33138
897	0.331415
898	0.331451
899	0.331425
900	0.331379
901	0.331372
902	0.331392
903	0.33135
904	0.331372
905	0.331404
906	0.331413
907	0.331497
908	0.331576
909	0.331576
910	0.331607
911	0.331646
912	0.3316
913	0.331671
914	0.331716
915	0.331776
916	0.331715
917	0.33168
918	0.331664
919	0.33159
920	0.331643
921	0.331542
922	0.331446
923	0.331414
924	0.331362
925	0.331278
926	0.331206
927	0.331156
928	0.331079
929	0.331013
930	0.330868
931	0.330737
932	0.330592
933	0.330491
934	0.330459
935	0.330347
936	0.330333
937	0.330388
938	0.330398
939	0.330309
940	0.330314
941	0.330239
942	0.330238
943	0.330155
944	0.330185
945	0.330216
946	0.330293
947	0.330316
948	0.330304
949	0.33025
950	0.330241
951	0.330297
952	0.33033
953	0.330316
954	0.330391
955	0.330431
956	0.33047
957	0.330493
958	0.330568
959	0.330647
960	0.330685
961	0.330751
962	0.330791
963	0.330822
964	0.330852
965	0.330979
966	0.331047
967	0.33113
968	0.331193
969	0.331277
970	0.331278
971	0.331227
972	0.331199
973	0.331241
974	0.33127
975	0.331363
976	0.331379
977	0.331328
978	0.331363
979	0.331432
980	0.331461
981	0.331417
982	0.331472
983	0.331515
984	0.331545
985	0.331456
986	0.331478
987	0.331405
988	0.331443
989	0.331416
990	0.331391
991	0.331308
992	0.331299
993	0.331229
994	0.331172
995	0.331103
996	0.331094
997	0.33104
998	0.330988
999	0.331003
1000	0.330976
1001	0.330973
1002	0.330957
1003	0.330961
1004	0.33087
1005	0.33089
1006	0.330875
1007	0.330837
1008	0.330803
1009	0.330691
1010	0.330511
1011	0.330462
1012	0.330354
1013	0.330253
1014	0.330239
1015	0.330242
1016	0.330225
1017	0.330231
1018	0.330215
1019	0.33024
1020	0.330311
1021	0.330314
1022	0.330281
1023	0.330271
1024	0.330297
1025	0.330324
1026	0.330311
1027	0.330292
1028	0.330282
1029	0.330241
1030	0.330242
1031	0.3302
1032	0.330208
1033	0.330196
1034	0.330214
1035	0.33024
1036	0.330232
1037	0.33027
1038	0.330192
1039	0.330203
1040	0.330228
1041	0.330186
1042	0.330138
1043	0.330135
1044	0.330113
1045	0.329978
1046	0.33003
1047	0.330081
1048	0.330016
1049	0.330126
1050	0.330163
1051	0.330216
1052	0.33024
1053	0.330183
1054	0.330216
1055	0.330231
1056	0.330233
1057	0.330217
1058	0.330194
1059	0.330316
1060	0.33029
1061	0.33024
1062	0.330366
1063	0.330366
1064	0.33044
1065	0.330483
1066	0.330475
1067	0.330509
1068	0.330553
1069	0.330575
1070	0.330604
1071	0.330707
1072	0.330774
1073	0.330917
1074	0.331016
1075	0.331143
1076	0.331235
1077	0.33128
1078	0.331323
1079	0.331477
1080	0.331595
1081	0.331669
1082	0.331656
1083	0.331727
1084	0.331788
1085	0.33187
1086	0.331977
1087	0.332037
1088	0.332086
1089	0.332147
1090	0.332125
1091	0.332099
1092	0.332019
1093	0.332015
1094	0.331969
1095	0.331999
1096	0.331984
1097	0.331893
1098	0.33177
1099	0.331749
1100	0.331649
1101	0.33162
1102	0.331565
1103	0.331518
1104	0.331454
1105	0.331358
1106	0.331263
1107	0.331204
1108	0.331082
1109	0.331049
1110	0.330962
1111	0.330877
1112	0.330795
1113	0.330634
1114	0.330557
1115	0.330469
1116	0.330326
1117	0.330251
1118	0.330173
1119	0.330042
1120	0.329955
1121	0.329893
1122	0.329804
1123	0.329664
1124	0.329548
1125	0.329436
1126	0.329357
1127	0.329287
1128	0.32922
1129	0.329173
1130	0.329141
1131	0.329111
1132	0.32912
1133	0.329047
1134	0.3291
1135	0.329023
1136	0.328966
1137	0.328899
1138	0.328852
1139	0.32884
1140	0.328814
1141	0.328795
1142	0.328814
1143	0.328823
1144	0.328838
1145	0.328755
1146	0.328712
1147	0.328713
1148	0.328723
1149	0.32865
1150	0.328666
1151	0.328646
1152	0.328593
1153	0.328629
1154	0.328589
1155	0.32859
1156	0.328599
1157	0.328554
1158	0.328576
1159	0.32857
1160	0.328526
1161	0.328605
1162	0.328644
1163	0.328653
1164	0.328749
1165	0.328819
1166	0.328844
1167	0.328831
1168	0.328865
1169	0.328911
1170	0.328956
1171	0.328927
1172	0.328956
1173	0.328976
1174	0.329037
1175	0.329086
1176	0.329203
1177	0.329206
1178	0.329207
1179	0.329219
1180	0.329255
1181	0.32937
1182	0.329314
1183	0.329338
1184	0.329302
1185	0.329345
1186	0.329391
1187	0.32934
1188	0.329358
1189	0.32941
1190	0.329441
1191	0.329487
1192	0.329537
1193	0.329547
1194	0.329565
1195	0.329592
1196	0.32961
1197	0.329572
1198	0.329636
1199	0.32966
1200	0.329663
1201	0.329659
1202	0.329594
1203	0.329535
1204	0.329508
1205	0.329512
1206	0.329529
1207	0.329571
1208	0.329596
1209	0.329648
1210	0.329703
1211	0.329743
1212	0.329759
1213	0.329826
1214	0.329852
1215	0.329871
1216	0.329925
1217	0.329991
1218	0.330082
1219	0.330168
1220	0.330229
1221	0.330247
1222	0.330279
1223	0.33034
1224	0.330403
1225	0.330405
1226	0.330434
1227	0.330517
1228	0.330475
1229	0.330484
1230	0.330497
1231	0.330573
1232	0.330546
1233	0.33057
1234	0.330624
1235	0.330681
1236	0.330586
1237	0.330504
1238	0.330532
1239	0.330536
1240	0.330533
1241	0.330506
1242	0.330477
1243	0.330485
1244	0.330483
1245	0.330522
1246	0.330523
1247	0.33056
1248	0.330464
1249	0.330362
1250	0.330401
1251	0.330367
1252	0.330422
1253	0.330407
1254	0.330403
1255	0.330404
1256	0.330382
1257	0.330407
1258	0.330456
1259	0.330394
1260	0.330358
1261	0.330329
1262	0.33031
1263	0.330242
1264	0.330224
1265	0.330143
1266	0.330023
1267	0.329966
1268	0.329928
1269	0.329814
1270	0.329737
1271	0.329626
1272	0.329541
1273	0.329428
1274	0.329326
1275	0.329195
1276	0.329012
1277	0.32892
1278	0.328762
1279	0.328595
1280	0.328515
1281	0.328482
1282	0.328505
1283	0.328448
1284	0.328351
1285	0.328204
1286	0.328141
1287	0.328081
1288	0.328003
1289	0.327895
1290	0.327874
1291	0.327781
1292	0.327586
1293	0.327498
1294	0.32736
1295	0.327267
1296	0.327135
1297	0.326936
1298	0.32683
1299	0.326752
1300	0.326705
1301	0.326686
1302	0.326737
1303	0.326731
1304	0.326739
1305	0.326828
1306	0.326782
1307	0.32682
1308	0.326904
1309	0.327018
1310	0.327137
1311	0.32717
1312	0.327273
1313	0.327372
1314	0.327421
1315	0.327449
1316	0.327564
1317	0.327727
1318	0.327784
1319	0.327889
1320	0.32802
1321	0.328038
1322	0.328155
1323	0.328245
1324	0.328373
1325	0.328547
1326	0.328714
1327	0.328842
1328	0.328977
1329	0.329079
1330	0.329226
1331	0.329357
1332	0.329489
1333	0.32956
1334	0.329676
1335	0.329849
1336	0.330002
1337	0.330092
1338	0.330193
1339	0.330318
1340	0.330412
1341	0.330563
1342	0.330693
1343	0.330855
1344	0.33097
1345	0.331115
1346	0.331257
1347	0.331396
1348	0.331585
1349	0.331773
1350	0.331992
1351	0.332199
1352	0.332372
1353	0.332568
1354	0.332724
1355	0.332952
1356	0.33314
1357	0.333272
1358	0.333511
1359	0.333712
1360	0.333842
1361	0.334007
1362	0.334095
1363	0.334231
1364	0.334357
1365	0.334499
1366	0.334588
1367	0.334681
1368	0.334706
1369	0.33462
1370	0.334597
1371	0.334498
1372	0.334415
1373	0.33438
1374	0.334313
1375	0.334246
1376	0.334217
1377	0.334144
1378	0.334066
1379	0.333993
1380	0.333828
1381	0.333648
1382	0.333514
1383	0.333382
1384	0.333169
1385	0.333027
1386	0.332922
1387	0.332731
1388	0.332672
1389	0.332495
1390	0.332327
1391	0.332104
1392	0.331993
1393	0.331799
1394	0.331653
1395	0.331419
1396	0.331208
1397	0.331051
1398	0.330777
1399	0.33054
1400	0.330281
1401	0.330114
1402	0.329878
1403	0.329688
1404	0.32952
1405	0.329315
1406	0.329073
1407	0.328771
1408	0.328625
1409	0.328384
1410	0.328183
1411	0.328067
1412	0.327963
1413	0.327845
1414	0.327728
1415	0.32757
1416	0.327532
1417	0.327412
1418	0.327344
1419	0.32725
1420	0.327136
1421	0.327019
1422	0.326982
1423	0.326916
1424	0.326858
1425	0.326852
1426	0.326811
1427	0.326863
1428	0.326949
1429	0.326951
1430	0.326942
1431	0.326915
1432	0.326963
1433	0.32693
1434	0.32701
1435	0.327112
1436	0.327159
1437	0.327243
1438	0.327251
1439	0.327266
1440	0.327327
1441	0.327445
1442	0.327556
1443	0.327677
1444	0.327821
1445	0.32794
1446	0.328094
1447	0.32827
1448	0.328386
1449	0.328472
1450	0.328588
1451	0.32871
1452	0.32889
1453	0.328988
1454	0.329159
1455	0.329297
1456	0.329404
1457	0.329522
1458	0.329647
1459	0.329683
1460	0.329754
1461	0.329866
1462	0.33005
1463	0.330192
1464	0.330224
1465	0.330246
1466	0.330354
1467	0.330448
1468	0.330504
1469	0.33055
1470	0.330532
1471	0.330572
1472	0.330638
1473	0.330715
1474	0.330755
1475	0.330813
1476	0.330848
1477	0.330901
1478	0.330866
1479	0.330884
1480	0.330915
1481	0.330968
1482	0.331069
1483	0.331131
1484	0.331107
1485	0.33115
1486	0.331171
1487	0.33116
1488	0.331107
1489	0.331063
1490	0.331169
1491	0.331126
1492	0.331108
1493	0.331128
1494	0.331135
1495	0.331169
1496	0.33114
1497	0.331064
1498	0.331033
1499	0.330992
1500	0.330932
1501	0.330928
1502	0.330961
1503	0.331031
1504	0.331085
1505	0.331106
1506	0.331099
1507	0.331082
1508	0.331065
1509	0.331114
1510	0.331054
1511	0.331171
1512	0.331179
1513	0.331176
1514	0.331285
1515	0.331263
1516	0.331335
1517	0.33133
1518	0.331374
1519	0.33132
1520	0.331308
1521	0.331287
1522	0.331305
1523	0.331279
1524	0.331319
1525	0.33134
1526	0.331219
1527	0.331209
1528	0.331119
1529	0.331145
1530	0.331073
1531	0.331009
1532	0.330964
1533	0.330923
1534	0.330919
1535	0.330856
1536	0.330841
1537	0.330759
1538	0.330695
1539	0.330695
1540	0.330682
1541	0.330614
1542	0.330521
1543	0.330527
1544	0.33043
1545	0.3304
1546	0.330394
1547	0.330243
1548	0.330206
1549	0.330231
1550	0.330179
1551	0.330147
1552	0.330125
1553	0.330151
1554	0.330064
1555	0.330047
1556	0.330014
1557	0.330017
1558	0.330005
1559	0.329988
1560	0.330009
1561	0.330006
1562	0.329977
1563	0.329982
1564	0.329973
1565	0.329912
1566	0.329962
1567	0.330012
1568	0.32997
1569	0.329979
1570	0.329896
1571	0.329879
1572	0.329881
1573	0.329901
1574	0.329888
1575	0.329917
1576	0.329935
1577	0.329902
1578	0.329865
1579	0.329892
1580	0.329834
1581	0.329864
1582	0.329842
1583	0.329832
1584	0.329687
1585	0.32967
1586	0.329736
1587	0.329698
1588	0.329666
1589	0.329682
1590	0.329696
1591	0.329648
1592	0.329616
1593	0.329596
1594	0.329535
1595	0.329503
1596	0.329389
1597	0.329323
1598	0.329246
1599	0.329206
1600	0.329089
1601	0.329047
1602	0.329013
1603	0.328998
1604	0.328988
1605	0.328971
1606	0.328999
1607	0.32899
1608	0.328957
1609	0.328889
1610	0.328927
1611	0.328817
1612	0.328874
1613	0.328871
1614	0.328838
1615	0.328817
1616	0.32877
1617	0.328685
1618	0.328676
1619	0.32878
1620	0.328817
1621	0.328947
1622	0.329035
1623	0.32921
1624	0.32929
1625	0.329279
1626	0.329374
1627	0.32942
1628	0.329471
1629	0.329514
1630	0.329486
1631	0.329542
1632	0.329676
1633	0.329715
1634	0.329801
1635	0.329866
1636	0.329956
1637	0.329958
1638	0.330025
1639	0.330026
1640	0.330109
1641	0.330115
1642	0.330116
1643	0.330109
1644	0.330162
1645	0.330258
1646	0.330321
1647	0.330305
1648	0.330305
1649	0.330364
1650	0.330319
1651	0.33033
1652	0.330413
1653	0.330419
1654	0.330413
1655	0.330413
1656	0.330445
1657	0.330433
1658	0.330393
1659	0.330444
1660	0.330419
1661	0.330467
1662	0.330492
1663	0.330489
1664	0.330554
1665	0.330618
1666	0.330629
1667	0.330624
1668	0.330646
1669	0.33075
1670	0.330839
1671	0.330893
1672	0.330965
1673	0.331007
1674	0.330997
1675	0.33105
1676	0.331078
1677	0.331212
1678	0.331341
1679	0.331321
1680	0.331375
1681	0.331405
1682	0.331492
1683	0.331557
1684	0.331506
1685	0.331516
1686	0.331503
1687	0.331497
1688	0.331513
1689	0.331596
1690	0.331644
1691	0.331629
1692	0.331581
1693	0.33162
1694	0.331638
1695	0.331618
1696	0.331556
1697	0.331517
1698	0.331441
1699	0.331467
1700	0.331451
1701	0.331348
1702	0.331251
1703	0.331167
1704	0.33111
1705	0.33107
1706	0.331018
1707	0.330961
1708	0.330916
1709	0.330809
1710	0.33082
1711	0.330688
1712	0.330524
1713	0.330483
1714	0.330393
1715	0.330281
1716	0.330117
1717	0.330073
1718	0.330029
1719	0.329935
1720	0.32982
1721	0.329772
1722	0.329732
1723	0.329695
1724	0.329679
1725	0.32967
1726	0.329655
1727	0.329547
1728	0.329484
1729	0.329356
1730	0.329381
1731	0.329338
1732	0.329362
1733	0.329369
1734	0.329335
1735	0.329288
1736	0.329227
1737	0.329221
1738	0.32924
1739	0.329271
1740	0.32929
1741	0.32939
1742	0.329418
1743	0.329472
1744	0.329498
1745	0.329559
1746	0.329587
1747	0.329589
1748	0.329534
1749	0.32954
1750	0.3296
1751	0.329664
1752	0.329621
1753	0.329628
1754	0.32962
1755	0.329584
1756	0.329558
1757	0.329568
1758	0.329595
1759	0.329689
1760	0.329723
1761	0.329783
1762	0.329794
1763	0.329808
1764	0.329777
1765	0.329825
1766	0.329761
1767	0.329732
1768	0.329692
1769	0.329733
1770	0.329717
1771	0.329665
1772	0.329644
1773	0.329644
1774	0.329583
1775	0.329613
1776	0.329533
1777	0.32952
1778	0.329471
1779	0.329501
1780	0.329463
1781	0.329445
1782	0.329431
1783	0.329362
1784	0.329349
1785	0.329358
1786	0.329248
1787	0.329228
1788	0.329182
1789	0.329204
1790	0.329211
1791	0.329176
1792	0.329067
1793	0.32896
1794	0.329007
1795	0.329026
1796	0.329036
1797	0.329107
1798	0.329223
1799	0.329305
1800	0.329396
1801	0.329466
1802	0.329538
1803	0.329601
1804	0.329609
1805	0.32972
1806	0.329717
1807	0.329819
1808	0.329849
1809	0.329875
1810	0.329916
1811	0.329962
1812	0.329989
1813	0.330055
1814	0.330181
1815	0.330199
1816	0.330276
1817	0.330255
1818	0.330298
1819	0.330304
1820	0.330267
1821	0.330251
1822	0.330271
1823	0.330275
1824	0.330381
1825	0.330316
1826	0.330296
1827	0.330249
1828	0.33024
1829	0.330183
1830	0.330152
1831	0.330089
1832	0.330076
1833	0.330012
1834	0.329964
1835	0.329938
1836	0.329891
1837	0.329867
1838	0.329896
1839	0.329848
1840	0.329747
1841	0.329748
1842	0.329749
1843	0.329647
1844	0.329641
1845	0.329592
1846	0.329569
1847	0.329591
1848	0.329516
1849	0.3295
1850	0.329547
1851	0.329473
1852	0.329429
1853	0.32941
1854	0.329441
1855	0.329439
1856	0.329465
1857	0.329408
1858	0.329382
1859	0.329425
1860	0.329423
1861	0.329413
1862	0.329395
1863	0.329353
1864	0.329367
1865	0.329326
1866	0.329343
1867	0.329368
1868	0.329369
1869	0.329369
1870	0.329415
1871	0.329443
1872	0.329468
1873	0.329522
1874	0.329518
1875	0.329532
1876	0.329543
1877	0.329578
1878	0.329576
1879	0.329591
1880	0.329547
1881	0.329539
1882	0.329474
1883	0.329468
1884	0.329433
1885	0.329456
1886	0.329443
1887	0.32938
1888	0.329382
1889	0.329372
1890	0.329356
1891	0.329347
1892	0.32935
1893	0.329307
1894	0.32922
1895	0.329233
1896	0.329189
1897	0.329214
1898	0.329229
1899	0.329192
1900	0.329253
1901	0.329233
1902	0.329133
1903	0.329149
1904	0.329213
1905	0.329212
1906	0.32917
1907	0.329142
1908	0.329045
1909	0.328963
1910	0.328993
1911	0.329009
1912	0.328929
1913	0.328796
1914	0.328818
1915	0.328816
1916	0.328724
1917	0.328691
1918	0.328706
1919	0.328685
1920	0.328645
1921	0.32866
1922	0.328621
1923	0.32862
1924	0.328623
1925	0.328617
1926	0.328628
1927	0.328656
1928	0.328655
1929	0.328625
1930	0.328644
1931	0.32869
1932	0.328627
1933	0.32871
1934	0.328796
1935	0.328873
1936	0.328943
1937	0.329
1938	0.329063
1939	0.32908
1940	0.329109
1941	0.329128
1942	0.329229
1943	0.32927
1944	0.329277
1945	0.329311
1946	0.32935
1947	0.329352
1948	0.329353
1949	0.329429
1950	0.329543
1951	0.32955
1952	0.329542
1953	0.329551
1954	0.329537
1955	0.329569
1956	0.329528
1957	0.329532
1958	0.329504
1959	0.329484
1960	0.32943
1961	0.329438
1962	0.329412
1963	0.32936
1964	0.329387
1965	0.329353
1966	0.32934
1967	0.329389
1968	0.329368
1969	0.329352
1970	0.329425
1971	0.329422
1972	0.329475
1973	0.329457
1974	0.329436
1975	0.329482
1976	0.329465
1977	0.329517
1978	0.329552
1979	0.329639
1980	0.329656
1981	0.329634
1982	0.32966
1983	0.329722
1984	0.32977
1985	0.3298
1986	0.329911
1987	0.329919
1988	0.329962
1989	0.33001
1990	0.330076
1991	0.330188
1992	0.330283
1993	0.330267
1994	0.330293
1995	0.330295
1996	0.330375
1997	0.330465
1998	0.330515
1999	0.330573
2000	0.330666
2001	0.330756
2002	0.330829
2003	0.330844
2004	0.330897
2005	0.330948
2006	0.330983
2007	0.331062
2008	0.331118
2009	0.331106
2010	0.331172
2011	0.331212
2012	0.331282
2013	0.331255
2014	0.331301
2015	0.331332
2016	0.331322
2017	0.331353
2018	0.33132
2019	0.331311
2020	0.331293
2021	0.331354
2022	0.331408
2023	0.331456
2024	0.331543
2025	0.331563
2026	0.331573
2027	0.331594
2028	0.331617
2029	0.331641
2030	0.331573
2031	0.331605
2032	0.331491
2033	0.331494
2034	0.331507
2035	0.331513
2036	0.331518
2037	0.331536
2038	0.33154
2039	0.331552
2040	0.331563
2041	0.331532
2042	0.331472
2043	0.331457
2044	0.331391
2045	0.331324
2046	0.331243
2047	0.331284
2048	0.33126
2049	0.331191
2050	0.331136
2051	0.331068
2052	0.331061
2053	0.330957
2054	0.330875
2055	0.330864
2056	0.330743
2057	0.33064
2058	0.330602
2059	0.330452
2060	0.33031
2061	0.330175
2062	0.330023
2063	0.329928
2064	0.329848
2065	0.329706
2066	0.329595
2067	0.329496
2068	0.329334
2069	0.329194
2070	0.329024
2071	0.328934
2072	0.328861
2073	0.328795
2074	0.328742
2075	0.328689
2076	0.32872
2077	0.328657
2078	0.328615
2079	0.328583
2080	0.328522
2081	0.328531
2082	0.328605
2083	0.328627
2084	0.328617
2085	0.328641
2086	0.328645
2087	0.328584
2088	0.328684
2089	0.328659
2090	0.32869
2091	0.328773
2092	0.328762
2093	0.328846
2094	0.328941
2095	0.329055
2096	0.329133
2097	0.329207
2098	0.329313
2099	0.329296
2100	0.329343
2101	0.329396
2102	0.329476
2103	0.329525
2104	0.329633
2105	0.329754
2106	0.329937
2107	0.330062
2108	0.330146
2109	0.330237
2110	0.330347
2111	0.330476
2112	0.330568
2113	0.330765
2114	0.330784
2115	0.330953
2116	0.331079
2117	0.331173
2118	0.331175
2119	0.331278
2120	0.331285
2121	0.331339
2122	0.331414
2123	0.331501
2124	0.331546
2125	0.331545
2126	0.33163
2127	0.33165
2128	0.331628
2129	0.331607
2130	0.33163
2131	0.331609
2132	0.331678
2133	0.331639
2134	0.3316
2135	0.331539
2136	0.331556
2137	0.331466
2138	0.331435
2139	0.331356
2140	0.331336
2141	0.331205
2142	0.331113
2143	0.33105
2144	0.330962
2145	0.330837
2146	0.330839
2147	0.33074
2148	0.330652
2149	0.330561
2150	0.330369
2151	0.330262
2152	0.330177
2153	0.329938
2154	0.329798
2155	0.329698
2156	0.329482
2157	0.329383
2158	0.329254
2159	0.329119
2160	0.329016
2161	0.328946
2162	0.328796
2163	0.328599
2164	0.328438
2165	0.328339
2166	0.328259
2167	0.328163
2168	0.328097
2169	0.328017
2170	0.327965
2171	0.327921
2172	0.327826
2173	0.327789
2174	0.327817
2175	0.327796
2176	0.327736
2177	0.327738
2178	0.327762
2179	0.327777
2180	0.327827
2181	0.3279
2182	0.327868
2183	0.32793
2184	0.328093
2185	0.32819
2186	0.328256
2187	0.328322
2188	0.328454
2189	0.328547
2190	0.328609
2191	0.328718
2192	0.328869
2193	0.329004
2194	0.32915
2195	0.329261
2196	0.329451
2197	0.329622
2198	0.329708
2199	0.329788
2200	0.329934
2201	0.330088
2202	0.33033
2203	0.33046
2204	0.330631
2205	0.330809
2206	0.330996
2207	0.331086
2208	0.331306
2209	0.331466
2210	0.331578
2211	0.331669
2212	0.331746
2213	0.331889
2214	0.331996
2215	0.332153
2216	0.332181
2217	0.332393
2218	0.332507
2219	0.332641
2220	0.332767
2221	0.332824
2222	0.332874
2223	0.3329
2224	0.332944
2225	0.333058
2226	0.333098
2227	0.333073
2228	0.333135
2229	0.333182
2230	0.333139
2231	0.333187
2232	0.333212
2233	0.333237
2234	0.333225
2235	0.333237
2236	0.333261
2237	0.333135
2238	0.333151
2239	0.333073
2240	0.33307
2241	0.333063
2242	0.332981
2243	0.332921
2244	0.332807
2245	0.332755
2246	0.332635
2247	0.33247
2248	0.332244
2249	0.332127
2250	0.331975
2251	0.331868
2252	0.331767
2253	0.331549
2254	0.331446
2255	0.331286
2256	0.331128
2257	0.330988
2258	0.330824
2259	0.330675
2260	0.330552
2261	0.330399
2262	0.330217
2263	0.330027
2264	0.329848
2265	0.329694
2266	0.329486
2267	0.329382
2268	0.329255
2269	0.329151
2270	0.328909
2271	0.328801
2272	0.328725
2273	0.328626
2274	0.32861
2275	0.328525
2276	0.328466
2277	0.328351
2278	0.328315
2279	0.328234
2280	0.328116
2281	0.328071
2282	0.328046
2283	0.327967
2284	0.327962
2285	0.327876
2286	0.327817
2287	0.327686
2288	0.327659
2289	0.327656
2290	0.327642
2291	0.327634
2292	0.327605
2293	0.327584
2294	0.327646
2295	0.327629
2296	0.327665
2297	0.32767
2298	0.32767
2299	0.327604
2300	0.327513
2301	0.3275
2302	0.32748
2303	0.327411
2304	0.327443
2305	0.327536
2306	0.327532
2307	0.327569
2308	0.327626
2309	0.327666
2310	0.327682
2311	0.327723
2312	0.327836
2313	0.327886
2314	0.327983
2315	0.328072
2316	0.32813
2317	0.328213
2318	0.328284
2319	0.32831
2320	0.328407
2321	0.328412
2322	0.328541
2323	0.328608
2324	0.328695
2325	0.328801
2326	0.328831
2327	0.329009
2328	0.329195
2329	0.329379
2330	0.329449
2331	0.329566
2332	0.329716
2333	0.32982
2334	0.32989
2335	0.329957
2336	0.330067
2337	0.330221
2338	0.330375
2339	0.330449
2340	0.330587
2341	0.330687
2342	0.330731
2343	0.330853
2344	0.330992
2345	0.331051
2346	0.331133
2347	0.331163
2348	0.331213
2349	0.331319
2350	0.33136
2351	0.331409
2352	0.331423
2353	0.331459
2354	0.331451
2355	0.331496
2356	0.331511
2357	0.331441
2358	0.331388
2359	0.331386
2360	0.331351
2361	0.331341
2362	0.331284
2363	0.331252
2364	0.331266
2365	0.331244
2366	0.331163
2367	0.331091
2368	0.331051
2369	0.331055
2370	0.330981
2371	0.330961
2372	0.330867
2373	0.330786
2374	0.330686
2375	0.330673
2376	0.330683
2377	0.330642
2378	0.330529
2379	0.330541
2380	0.330563
2381	0.330511
2382	0.330523
2383	0.33054
2384	0.330499
2385	0.330521
2386	0.330526
2387	0.33051
2388	0.330494
2389	0.330502
2390	0.330518
2391	0.330529
2392	0.330519
2393	0.330599
2394	0.330576
2395	0.330589
2396	0.330554
2397	0.330558
2398	0.330506
2399	0.330484
2400	0.330501
2401	0.330463
2402	0.330417
2403	0.330404
2404	0.330435
2405	0.330472
2406	0.330506
2407	0.330543
2408	0.330511
2409	0.330564
2410	0.330623
2411	0.330644
2412	0.330618
2413	0.330657
2414	0.33069
2415	0.330704
2416	0.330723
2417	0.330702
2418	0.330645
2419	0.330623
2420	0.330608
2421	0.33057
2422	0.330461
2423	0.33033
2424	0.330343
2425	0.330279
2426	0.330218
2427	0.33022
2428	0.330207
2429	0.330177
2430	0.330166
2431	0.330108
2432	0.330106
2433	0.330024
2434	0.330036
2435	0.330016
2436	0.330095
2437	0.330078
2438	0.330048
2439	0.330034
2440	0.330013
2441	0.329991
2442	0.330038
2443	0.330004
2444	0.329903
2445	0.329843
2446	0.329806
2447	0.329806
2448	0.329814
2449	0.329789
2450	0.329803
2451	0.329795
2452	0.329815
2453	0.329719
2454	0.329681
2455	0.329643
2456	0.329611
2457	0.329646
2458	0.329533
2459	0.329511
2460	0.329495
2461	0.329446
2462	0.329468
2463	0.329439
2464	0.329413
2465	0.329336
2466	0.329277
2467	0.329201
2468	0.329195
2469	0.329181
2470	0.329206
2471	0.329267
2472	0.329294
2473	0.329277
2474	0.329189
2475	0.329196
2476	0.329172
2477	0.329128
2478	0.329145
2479	0.329174
2480	0.329199
2481	0.329223
2482	0.329261
2483	0.329284
2484	0.329371
2485	0.329439
2486	0.329441
2487	0.329438
2488	0.329526
2489	0.329573
2490	0.329546
2491	0.32961
2492	0.329507
2493	0.329613
2494	0.329609
2495	0.329584
2496	0.32959
2497	0.329593
2498	0.329576
2499	0.329536
2500	0.329591
2501	0.329666
2502	0.32969
2503	0.32969
2504	0.329707
2505	0.329751
2506	0.329739
2507	0.329702
2508	0.329776
2509	0.329826
2510	0.329836
2511	0.329862
2512	0.329933
2513	0.329871
2514	0.329939
2515	0.329955
2516	0.329962
2517	0.330013
2518	0.330053
2519	0.330162
2520	0.330261
2521	0.330395
2522	0.33043
2523	0.33052
2524	0.330559
2525	0.330598
2526	0.330642
2527	0.330665
2528	0.330657
2529	0.330656
2530	0.330654
2531	0.330789
2532	0.330845
2533	0.330852
2534	0.330877
2535	0.330883
2536	0.330885
2537	0.330883
2538	0.330825
2539	0.330759
2540	0.330674
2541	0.330628
2542	0.330609
2543	0.330579
2544	0.330558
2545	0.330586
2546	0.330601
2547	0.330594
2548	0.33064
2549	0.330605
2550	0.330506
2551	0.330503
2552	0.33054
2553	0.330487
2554	0.330438
2555	0.330354
2556	0.330286
2557	0.330258
2558	0.330206
2559	0.330135
2560	0.330081
2561	0.329983
2562	0.32997
2563	0.329906
2564	0.329833
2565	0.329826
2566	0.329833
2567	0.329822
2568	0.329878
2569	0.329871
2570	0.329878
2571	0.32987
2572	0.329857
2573	0.329844
2574	0.329842
2575	0.32983
2576	0.329856
2577	0.329829
2578	0.329784
2579	0.329705
2580	0.329638
2581	0.329705
2582	0.32967
2583	0.329619
2584	0.329604
2585	0.32949
2586	0.32946
2587	0.329354
2588	0.329396
2589	0.329358
2590	0.329248
2591	0.329204
2592	0.32914
2593	0.329098
2594	0.329033
2595	0.328996
2596	0.328914
2597	0.328822
2598	0.328787
2599	0.328748
2600	0.328651
2601	0.328604
2602	0.328533
2603	0.328515
2604	0.328545
2605	0.328563
2606	0.328512
2607	0.32847
2608	0.328394
2609	0.328418
2610	0.328411
2611	0.328407
2612	0.328403
2613	0.32837
2614	0.328363
2615	0.328325
2616	0.328377
2617	0.328335
2618	0.328311
2619	0.328336
2620	0.328344
2621	0.328399
2622	0.328496
2623	0.328505
2624	0.328582
2625	0.32866
2626	0.328666
2627	0.328703
2628	0.328799
2629	0.328906
2630	0.328959
2631	0.329003
2632	0.329037
2633	0.329063
2634	0.3291
2635	0.329118
2636	0.329121
2637	0.329223
2638	0.329292
2639	0.329339
2640	0.329406
2641	0.329472
2642	0.329454
2643	0.329469
2644	0.329559
2645	0.329554
2646	0.329515
2647	0.329548
2648	0.329639
2649	0.329708
2650	0.329771
2651	0.329856
2652	0.329939
2653	0.330014
2654	0.330093
2655	0.330137
2656	0.330215
2657	0.330184
2658	0.330292
2659	0.330405
2660	0.330462
2661	0.330443
2662	0.330483
2663	0.33048
2664	0.33051
2665	0.330538
2666	0.330498
2667	0.330531
2668	0.330592
2669	0.3307
2670	0.330733
2671	0.330736
2672	0.330774
2673	0.330866
2674	0.330946
2675	0.33098
2676	0.331025
2677	0.331061
2678	0.331003
2679	0.331075
2680	0.33112
2681	0.33112
2682	0.331106
2683	0.331154
2684	0.331134
2685	0.331096
2686	0.331095
2687	0.331108
2688	0.33101
2689	0.330997
2690	0.330926
2691	0.330928
2692	0.330861
2693	0.33082
2694	0.330724
2695	0.330728
2696	0.330738
2697	0.330737
2698	0.330665
2699	0.330605
2700	0.330558
2701	0.330499
2702	0.330458
2703	0.330419
2704	0.330363
2705	0.330386
2706	0.330332
2707	0.330303
2708	0.330288
2709	0.330226
2710	0.330206
2711	0.330108
2712	0.330082
2713	0.330161
2714	0.330172
2715	0.330172
2716	0.330223
2717	0.330192
2718	0.330213
2719	0.330183
2720	0.33004
2721	0.329869
2722	0.329846
2723	0.329738
2724	0.329548
2725	0.329438
2726	0.329372
2727	0.329351
2728	0.329242
2729	0.32914
2730	0.32911
2731	0.328997
2732	0.328815
2733	0.328723
2734	0.328548
2735	0.328489
2736	0.328441
2737	0.328355
2738	0.328341
2739	0.328275
2740	0.328233
2741	0.328202
2742	0.328163
2743	0.328184
2744	0.328231
2745	0.328235
2746	0.328262
2747	0.328345
2748	0.328404
2749	0.328406
2750	0.328449
2751	0.32847
2752	0.328465
2753	0.328492
2754	0.328539
2755	0.328589
2756	0.328714
2757	0.328654
2758	0.328783
2759	0.328829
2760	0.328902
2761	0.329001
2762	0.329088
2763	0.329194
2764	0.329308
2765	0.329379
2766	0.329483
2767	0.329567
2768	0.329636
2769	0.329717
2770	0.329821
2771	0.329918
2772	0.329975
2773	0.330093
2774	0.33023
2775	0.330297
2776	0.330307
2777	0.330468
2778	0.330679
2779	0.330704
2780	0.3308
2781	0.330923
2782	0.330963
2783	0.331067
2784	0.331119
2785	0.331231
2786	0.331274
2787	0.331394
2788	0.331453
2789	0.331441
2790	0.33151
2791	0.331516
2792	0.331529
2793	0.331561
2794	0.331619
2795	0.331652
2796	0.331729
2797	0.331728
2798	0.331751
2799	0.331747
2800	0.331813
2801	0.331857
2802	0.3319
2803	0.331884
2804	0.331895
2805	0.331921
2806	0.331915
2807	0.331864
2808	0.331864
2809	0.331727
2810	0.331698
2811	0.331604
2812	0.331611
2813	0.331597
2814	0.331623
2815	0.331572
2816	0.331455
2817	0.331385
2818	0.331349
2819	0.331249
2820	0.33122
2821	0.331234
2822	0.331188
2823	0.331168
2824	0.331106
2825	0.33105
2826	0.330916
2827	0.330811
2828	0.330685
2829	0.33061
2830	0.330547
2831	0.330487
2832	0.330354
2833	0.330247
2834	0.330111
2835	0.329998
2836	0.329911
2837	0.32982
2838	0.329737
2839	0.329676
2840	0.32959
2841	0.329482
2842	0.329399
2843	0.329265
2844	0.329232
2845	0.329163
2846	0.329092
2847	0.329038
2848	0.329007
2849	0.329022
2850	0.328995
2851	0.328979
2852	0.328938
2853	0.328895
2854	0.328845
2855	0.328757
2856	0.328717
2857	0.328691
2858	0.328674
2859	0.328635
2860	0.32858
2861	0.328578
2862	0.32858
2863	0.328588
2864	0.328554
2865	0.328652
2866	0.328678
2867	0.328687
2868	0.328775
2869	0.328787
2870	0.328835
2871	0.328882
2872	0.328864
2873	0.328818
2874	0.328859
2875	0.328899
2876	0.328902
2877	0.328951
2878	0.328927
2879	0.329008
2880	0.329071
2881	0.329223
2882	0.329269
2883	0.329301
2884	0.329409
2885	0.32943
2886	0.329539
2887	0.329548
2888	0.329594
2889	0.329646
2890	0.329763
2891	0.329878
2892	0.329937
2893	0.33004
2894	0.330082
2895	0.330161
2896	0.330252
2897	0.330333
2898	0.330426
2899	0.330532
2900	0.330595
2901	0.330687
2902	0.330743
2903	0.330857
2904	0.330972
2905	0.331075
2906	0.33119
2907	0.331246
2908	0.33132
2909	0.331433
2910	0.331527
2911	0.331545
2912	0.331621
2913	0.331693
2914	0.331781
2915	0.331824
2916	0.331894
2917	0.332003
2918	0.332004
2919	0.331938
2920	0.332017
2921	0.33207
2922	0.332071
2923	0.332098
2924	0.332068
2925	0.332012
2926	0.331977
2927	0.331915
2928	0.331837
2929	0.331831
2930	0.331842
2931	0.331844
2932	0.331756
2933	0.33169
2934	0.331651
2935	0.331524
2936	0.331491
2937	0.331421
2938	0.331322
2939	0.331266
2940	0.331194
2941	0.331126
2942	0.331019
2943	0.330911
2944	0.330783
2945	0.330675
2946	0.330617
2947	0.330551
2948	0.330448
2949	0.330315
2950	0.330247
2951	0.330082
2952	0.329991
2953	0.329933
2954	0.329897
2955	0.329798
2956	0.329763
2957	0.329709
2958	0.329626
2959	0.329586
2960	0.329553
2961	0.329511
2962	0.329486
2963	0.329383
2964	0.329362
2965	0.329315
2966	0.329234
2967	0.329256
2968	0.329183
2969	0.329126
2970	0.329083
2971	0.329076
2972	0.329037
2973	0.329015
2974	0.328997
2975	0.328998
2976	0.32894
2977	0.328913
2978	0.32891
2979	0.328912
2980	0.328836
2981	0.328831
2982	0.328829
2983	0.328809
2984	0.328736
2985	0.328743
2986	0.328633
2987	0.328662
2988	0.328641
2989	0.328494
2990	0.328593
2991	0.328634
2992	0.328661
2993	0.328681
2994	0.328677
2995	0.328743
2996	0.328743
2997	0.328712
2998	0.32876
2999	0.32886
3000	0.329012
3001	0.329112
3002	0.32916
3003	0.329202
3004	0.329183
3005	0.329267
3006	0.329256
3007	0.329261
3008	0.329342
3009	0.329375
3010	0.329458
3011	0.329517
3012	0.329509
3013	0.329487
3014	0.329354
3015	0.329316
3016	0.329343
3017	0.329305
3018	0.32929
3019	0.329273
3020	0.32923
3021	0.329207
3022	0.329229
3023	0.329178
3024	0.329166
3025	0.329158
3026	0.329158
3027	0.329169
3028	0.329142
3029	0.329054
3030	0.328997
3031	0.329061
3032	0.329107
3033	0.329107
3034	0.329247
3035	0.329223
3036	0.329224
3037	0.329206
3038	0.329238
3039	0.329346
3040	0.32941
3041	0.329518
3042	0.329594
3043	0.329668
3044	0.329759
3045	0.329914
3046	0.329993
3047	0.330059
3048	0.330205
3049	0.330322
3050	0.330454
3051	0.330489
3052	0.330636
3053	0.330722
3054	0.330827
3055	0.330947
3056	0.330991
3057	0.331107
3058	0.331213
3059	0.331305
3060	0.331389
3061	0.331419
3062	0.331483
3063	0.331499
3064	0.331544
3065	0.331626
3066	0.331616
3067	0.331645
3068	0.331649
3069	0.331699
3070	0.331667
3071	0.331732
3072	0.331718
3073	0.331738
3074	0.331691
3075	0.331687
3076	0.331727
3077	0.331771
3078	0.331799
3079	0.331776
3080	0.331817
3081	0.331947
3082	0.332051
3083	0.332163
3084	0.332213
3085	0.332223
3086	0.332372
3087	0.332457
3088	0.332585
3089	0.332686
3090	0.332831
3091	0.332944
3092	0.332962
3093	0.333062
3094	0.333083
3095	0.333194
3096	0.33325
3097	0.333257
3098	0.333324
3099	0.333304
3100	0.333364
3101	0.333348
3102	0.333346
3103	0.333368
3104	0.333404
3105	0.333433
3106	0.333425
3107	0.333465
3108	0.333498
3109	0.333452
3110	0.3334
3111	0.333339
3112	0.333344
3113	0.333355
3114	0.333331
3115	0.333231
3116	0.333156
3117	0.333119
3118	0.333046
3119	0.332912
3120	0.332722
3121	0.332609
3122	0.33244
3123	0.332318
3124	0.332219
3125	0.332128
3126	0.331906
3127	0.331738
3128	0.331582
3129	0.331366
3130	0.331205
3131	0.330983
3132	0.33079
3133	0.330586
3134	0.330407
3135	0.330216
3136	0.33006
3137	0.329811
3138	0.329643
3139	0.329588
3140	0.329428
3141	0.329237
3142	0.329211
3143	0.329078
3144	0.329011
3145	0.328889
3146	0.328745
3147	0.328649
3148	0.328581
3149	0.328394
3150	0.328323
3151	0.328318
3152	0.328277
3153	0.328231
3154	0.328202
3155	0.328211
3156	0.328173
3157	0.328166
3158	0.328127
3159	0.328104
3160	0.328084
3161	0.328063
3162	0.328074
3163	0.328049
3164	0.328056
3165	0.328038
3166	0.328141
3167	0.328216
3168	0.328239
3169	0.328262
3170	0.328294
3171	0.328306
3172	0.328299
3173	0.328324
3174	0.328325
3175	0.328404
3176	0.32837
3177	0.328422
3178	0.32851
3179	0.328589
3180	0.328675
3181	0.328719
3182	0.328833
3183	0.328937
3184	0.328932
3185	0.328965
3186	0.328977
3187	0.329009
3188	0.328996
3189	0.329051
3190	0.329121
3191	0.329245
3192	0.329347
3193	0.329457
3194	0.329584
3195	0.329771
3196	0.32985
3197	0.329942
3198	0.329976
3199	0.33006
3200	0.330176
3201	0.330286
3202	0.330418
3203	0.330486
3204	0.330626
3205	0.330744
3206	0.330834
3207	0.330956
3208	0.331008
3209	0.331083
3210	0.331137
3211	0.331237
3212	0.331269
3213	0.331375
3214	0.331358
3215	0.331407
3216	0.331514
3217	0.331566
3218	0.331611
3219	0.331699
3220	0.331738
3221	0.331761
3222	0.331801
3223	0.331793
3224	0.331786
3225	0.331758
3226	0.331749
3227	0.331732
3228	0.331655
3229	0.331557
3230	0.331474
3231	0.331455
3232	0.331385
3233	0.331307
3234	0.331273
3235	0.331252
3236	0.33114
3237	0.331032
3238	0.330875
3239	0.330773
3240	0.330685
3241	0.33057
3242	0.33054
3243	0.330457
3244	0.330368
3245	0.330362
3246	0.330218
3247	0.330067
3248	0.329931
3249	0.329781
3250	0.329664
3251	0.329556
3252	0.329467
3253	0.329292
3254	0.329062
3255	0.328886
3256	0.328721
3257	0.328568
3258	0.328455
3259	0.328339
3260	0.328199
3261	0.328034
3262	0.327869
3263	0.327739
3264	0.327579
3265	0.327449
3266	0.327319
3267	0.327239
3268	0.327107
3269	0.326982
3270	0.32685
3271	0.326732
3272	0.326544
3273	0.326478
3274	0.326349
3275	0.326415
3276	0.326377
3277	0.326227
3278	0.326165
3279	0.32612
3280	0.326063
3281	0.325975
3282	0.325879
3283	0.325855
3284	0.325858
3285	0.325831
3286	0.325795
3287	0.325793
3288	0.325879
3289	0.325954
3290	0.326029
3291	0.326153
3292	0.326312
3293	0.326384
3294	0.326471
3295	0.326562
3296	0.326682
3297	0.326726
3298	0.326727
3299	0.326793
3300	0.326862
3301	0.326949
3302	0.326933
3303	0.326999
3304	0.327102
3305	0.327205
3306	0.327223
3307	0.327268
3308	0.327359
3309	0.32743
3310	0.327574
3311	0.327693
3312	0.327795
3313	0.327895
3314	0.328136
3315	0.328326
3316	0.32843
3317	0.328548
3318	0.328642
3319	0.328758
3320	0.328888
3321	0.32903
3322	0.329197
3323	0.329295
3324	0.32941
3325	0.329535
3326	0.329682
3327	0.32975
3328	0.329868
3329	0.32998
3330	0.330091
3331	0.330286
3332	0.330431
3333	0.33056
3334	0.330689
3335	0.330809
3336	0.330934
3337	0.331073
3338	0.33128
3339	0.331467
3340	0.331576
3341	0.331723
3342	0.331841
3343	0.33201
3344	0.332186
3345	0.332358
3346	0.332531
3347	0.332691
3348	0.332778
3349	0.332828
3350	0.332836
3351	0.332923
3352	0.333027
3353	0.333053
3354	0.333118
3355	0.333089
3356	0.333122
3357	0.33315
3358	0.333085
3359	0.333002
3360	0.332965
3361	0.332896
3362	0.332863
3363	0.332871
3364	0.332772
3365	0.332749
3366	0.332699
3367	0.332633
3368	0.332534
3369	0.332503
3370	0.33241
3371	0.332306
3372	0.332212
3373	0.332154
3374	0.332
3375	0.331902
3376	0.331809
3377	0.331714
3378	0.331623
3379	0.331529
3380	0.331413
3381	0.331361
3382	0.331263
3383	0.331167
3384	0.331115
3385	0.330952
3386	0.330807
3387	0.330685
3388	0.330607
3389	0.33045
3390	0.330279
3391	0.330201
3392	0.330135
3393	0.330029
3394	0.329947
3395	0.329855
3396	0.329791
3397	0.329725
3398	0.329742
3399	0.329658
3400	0.329572
3401	0.329432
3402	0.329336
3403	0.329215
3404	0.329168
3405	0.329034
3406	0.32896
3407	0.328828
3408	0.328849
3409	0.328826
3410	0.328738
3411	0.328776
3412	0.328791
3413	0.328846
3414	0.328854
3415	0.328857
3416	0.328899
3417	0.328866
3418	0.328881
3419	0.328935
3420	0.329028
3421	0.329088
3422	0.329148
3423	0.329187
3424	0.329212
3425	0.329206
3426	0.329186
3427	0.329197
3428	0.329155
3429	0.329284
3430	0.329284
3431	0.329332
3432	0.329359
3433	0.329361
3434	0.329359
3435	0.329354
3436	0.329333
3437	0.329275
3438	0.329366
3439	0.329326
3440	0.329367
3441	0.329345
3442	0.329359
3443	0.329331
3444	0.329418
3445	0.329421
3446	0.329432
3447	0.329437
3448	0.329409
3449	0.329427
3450	0.329402
3451	0.329404
3452	0.329451
3453	0.329581
3454	0.329619
3455	0.329691
3456	0.329786
3457	0.329864
3458	0.329962
3459	0.330068
3460	0.33019
3461	0.330234
3462	0.330341
3463	0.330353
3464	0.330509
3465	0.330538
3466	0.330607
3467	0.330654
3468	0.330741
3469	0.330819
3470	0.330874
3471	0.330935
3472	0.330963
3473	0.330979
3474	0.331112
3475	0.331152
3476	0.33112
3477	0.33113
3478	0.33123
3479	0.331294
3480	0.331329
3481	0.331402
3482	0.331468
3483	0.331487
3484	0.331548
3485	0.331616
3486	0.331611
3487	0.331619
3488	0.331603
3489	0.331663
3490	0.331729
3491	0.33175
3492	0.331723
3493	0.331757
3494	0.331819
3495	0.331824
3496	0.331818
3497	0.331806
3498	0.331742
3499	0.331701
3500	0.331722
3501	0.331654
3502	0.331642
3503	0.331642
3504	0.331712
3505	0.331578
3506	0.331532
3507	0.331483
3508	0.331388
3509	0.331318
3510	0.331224
3511	0.331169
3512	0.33105
3513	0.33092
3514	0.330862
3515	0.330763
3516	0.330668
3517	0.330533
3518	0.330375
3519	0.330255
3520	0.330135
3521	0.330032
3522	0.329849
3523	0.329811
3524	0.329659
3525	0.329512
3526	0.329452
3527	0.329329
3528	0.329177
3529	0.329016
3530	0.328914
3531	0.328853
3532	0.328766
3533	0.328637
3534	0.328522
3535	0.328378
3536	0.328346
3537	0.328226
3538	0.328151
3539	0.328072
3540	0.328064
3541	0.327966
3542	0.327885
3543	0.327806
3544	0.327803
3545	0.327687
3546	0.327598
3547	0.327544
3548	0.327478
3549	0.327566
3550	0.327606
3551	0.327609
3552	0.327647
3553	0.327635
3554	0.327714
3555	0.327717
3556	0.327769
3557	0.32785
3558	0.327905
3559	0.327955
3560	0.328038
3561	0.328206
3562	0.328325
3563	0.328377
3564	0.328444
3565	0.328524
3566	0.328577
3567	0.328759
3568	0.328869
3569	0.329009
3570	0.329176
3571	0.329279
3572	0.32942
3573	0.329547
3574	0.329727
3575	0.329864
3576	0.329979
3577	0.33015
3578	0.330325
3579	0.330437
3580	0.330683
3581	0.330846
3582	0.331001
3583	0.331158
3584	0.33133
3585	0.331416
3586	0.331513
3587	0.331623
3588	0.331769
3589	0.331835
3590	0.331833
3591	0.331899
3592	0.331974
3593	0.331982
3594	0.3321
3595	0.332225
3596	0.332254
3597	0.332253
3598	0.332275
3599	0.332303
3600	0.332309
3601	0.332343
3602	0.332268
3603	0.332271
3604	0.332299
3605	0.332315
3606	0.33229
3607	0.332196
3608	0.332142
3609	0.332007
3610	0.331973
3611	0.331909
3612	0.331814
3613	0.331693
3614	0.331526
3615	0.33146
3616	0.331392
3617	0.331284
3618	0.33112
3619	0.330926
3620	0.330796
3621	0.330572
3622	0.330506
3623	0.33032
3624	0.330144
3625	0.32997
3626	0.329878
3627	0.32972
3628	0.329625
3629	0.329501
3630	0.329342
3631	0.32922
3632	0.329132
3633	0.328945
3634	0.328797
3635	0.328628
3636	0.328491
3637	0.328335
3638	0.328233
3639	0.328028
3640	0.327873
3641	0.327708
3642	0.32759
3643	0.327412
3644	0.327262
3645	0.327165
3646	0.326981
3647	0.326927
3648	0.326814
3649	0.326649
3650	0.326511
3651	0.32646
3652	0.326354
3653	0.326261
3654	0.326222
3655	0.326199
3656	0.326137
3657	0.326194
3658	0.326161
3659	0.326145
3660	0.326108
3661	0.326071
3662	0.326126
3663	0.326231
3664	0.32637
3665	0.326514
3666	0.326681
3667	0.326878
3668	0.327079
3669	0.327224
3670	0.327383
3671	0.327526
3672	0.327672
3673	0.327796
3674	0.327945
3675	0.328137
3676	0.328307
3677	0.328561
3678	0.328689
3679	0.328834
3680	0.328968
3681	0.329121
3682	0.329241
3683	0.329421
3684	0.329564
3685	0.329756
3686	0.329902
3687	0.329977
3688	0.33012
3689	0.330263
3690	0.330376
3691	0.330497
3692	0.330592
3693	0.330612
3694	0.330767
3695	0.330851
3696	0.330995
3697	0.331086
3698	0.33106
3699	0.331238
3700	0.331332
3701	0.331397
3702	0.331426
3703	0.331533
3704	0.33164
3705	0.331792
3706	0.331842
3707	0.331876
3708	0.331977
3709	0.332068
3710	0.3321
3711	0.332047
3712	0.332124
3713	0.332141
3714	0.332235
3715	0.33225
3716	0.332267
3717	0.33224
3718	0.332231
3719	0.332193
3720	0.332217
3721	0.332195
3722	0.332119
3723	0.332042
3724	0.331972
3725	0.331854
3726	0.33181
3727	0.331658
3728	0.331518
3729	0.331386
3730	0.331273
3731	0.33116
3732	0.331143
3733	0.331045
3734	0.330894
3735	0.330811
3736	0.330624
3737	0.330519
3738	0.330367
3739	0.330275
3740	0.330201
3741	0.330141
3742	0.330081
3743	0.330019
3744	0.32998
3745	0.329947
3746	0.329904
3747	0.329764
3748	0.329701
3749	0.329653
3750	0.329645
3751	0.329628
3752	0.329586
3753	0.329534
3754	0.329545
3755	0.32953
3756	0.329456
3757	0.329369
3758	0.329378
3759	0.329314
3760	0.329291
3761	0.329169
3762	0.329149
3763	0.329034
3764	0.328942
3765	0.328927
3766	0.328881
3767	0.32877
3768	0.328703
3769	0.328667
3770	0.328557
3771	0.328476
3772	0.328485
3773	0.328492
3774	0.328553
3775	0.328456
3776	0.328392
3777	0.328312
3778	0.328347
3779	0.32831
3780	0.328304
3781	0.328316
3782	0.328365
3783	0.328399
3784	0.32835
3785	0.328442
3786	0.328453
3787	0.328465
3788	0.328513
3789	0.328591
3790	0.3286
3791	0.328647
3792	0.328672
3793	0.328701
3794	0.328755
3795	0.328874
3796	0.328995
3797	0.329082
3798	0.329067
3799	0.329077
3800	0.329179
3801	0.329252
3802	0.329338
3803	0.329404
3804	0.329468
3805	0.329537
3806	0.329709
3807	0.329794
3808	0.329951
3809	0.330109
3810	0.330176
3811	0.330334
3812	0.330385
3813	0.330497
3814	0.330647
3815	0.330713
3816	0.330802
3817	0.330944
3818	0.331016
3819	0.331066
3820	0.331095
3821	0.331095
3822	0.331145
3823	0.331174
3824	0.331112
3825	0.331075
3826	0.331036
3827	0.331013
3828	0.330956
3829	0.330939
3830	0.330891
3831	0.330834
3832	0.330849
3833	0.330814
3834	0.33084
3835	0.330802
3836	0.33078
3837	0.330791
3838	0.330723
3839	0.330736
3840	0.330717
3841	0.33059
3842	0.330537
3843	0.330492
3844	0.33043
3845	0.330446
3846	0.330332
3847	0.330255
3848	0.330278
3849	0.330314
3850	0.330338
3851	0.3304
3852	0.33043
3853	0.33049
3854	0.330519
3855	0.330532
3856	0.330527
3857	0.33055
3858	0.330564
3859	0.330502
3860	0.330391
3861	0.330373
3862	0.330277
3863	0.330264
3864	0.330251
3865	0.330201
3866	0.330147
3867	0.33021
3868	0.330235
3869	0.330235
3870	0.330189
3871	0.330074
3872	0.330046
3873	0.330041
3874	0.329944
3875	0.329946
3876	0.32991
3877	0.329843
3878	0.329795
3879	0.329821
3880	0.329748
3881	0.329723
3882	0.329661
3883	0.329588
3884	0.329538
3885	0.329495
3886	0.329418
3887	0.329377
3888	0.329313
3889	0.329242
3890	0.329105
3891	0.329069
3892	0.328928
3893	0.328808
3894	0.328761
3895	0.328714
3896	0.328664
3897	0.328652
3898	0.328671
3899	0.328667
3900	0.328674
3901	0.328639
3902	0.328657
3903	0.32861
3904	0.328611
3905	0.328625
3906	0.328576
3907	0.328602
3908	0.328695
3909	0.3287
3910	0.328796
3911	0.328778
3912	0.328811
3913	0.328899
3914	0.328984
3915	0.329019
3916	0.329053
3917	0.329154
3918	0.329283
3919	0.329359
3920	0.329396
3921	0.329387
3922	0.329424
3923	0.329493
3924	0.329598
3925	0.329575
3926	0.329643
3927	0.329628
3928	0.329687
3929	0.329764
3930	0.329907
3931	0.330067
3932	0.330084
3933	0.33015
3934	0.330194
3935	0.330226
3936	0.330347
3937	0.330435
3938	0.330549
3939	0.330604
3940	0.330624
3941	0.330685
3942	0.330743
3943	0.330754
3944	0.330783
3945	0.330825
3946	0.330813
3947	0.330804
3948	0.330856
3949	0.330873
3950	0.330847
3951	0.3308
3952	0.330775
3953	0.330758
3954	0.330681
3955	0.330628
3956	0.3306
3957	0.330547
3958	0.330534
3959	0.330412
3960	0.330359
3961	0.330264
3962	0.330254
3963	0.330185
3964	0.330152
3965	0.330158
3966	0.330151
3967	0.330129
3968	0.33004
3969	0.330047
3970	0.330063
3971	0.330051
3972	0.33
3973	0.32998
3974	0.329931
3975	0.329924
3976	0.329906
3977	0.329883
3978	0.329893
3979	0.329851
3980	0.329773
3981	0.329751
3982	0.329759
3983	0.32978
3984	0.329735
3985	0.329847
3986	0.329873
3987	0.329929
3988	0.33004
3989	0.33
3990	0.330088
3991	0.330142
3992	0.33018
3993	0.330221
3994	0.330192
3995	0.330243
3996	0.330319
3997	0.330365
3998	0.330397
3999	0.330438
4000	0.330553
4001	0.330617
4002	0.330653
4003	0.330625
4004	0.330642
4005	0.33072
4006	0.330716
4007	0.330792
4008	0.330781
4009	0.330857
4010	0.330815
4011	0.33083
4012	0.330879
4013	0.330965
4014	0.331085
4015	0.331162
4016	0.33121
4017	0.331128
4018	0.331225
4019	0.33123
4020	0.331275
4021	0.331243
4022	0.331275
4023	0.331293
4024	0.331347
4025	0.331363
4026	0.331351
4027	0.33144
4028	0.331419
4029	0.331466
4030	0.331489
4031	0.331508
4032	0.331578
4033	0.331627
4034	0.331618
4035	0.331585
4036	0.331608
4037	0.33161
4038	0.331601
4039	0.331636
4040	0.331552
4041	0.331521
4042	0.331533
4043	0.331503
4044	0.3315
4045	0.331471
4046	0.331467
4047	0.331433
4048	0.331391
4049	0.331333
4050	0.331265
4051	0.331161
4052	0.331102
4053	0.331095
4054	0.331051
4055	0.330985
4056	0.330891
4057	0.330774
4058	0.330698
4059	0.33066
4060	0.33062
4061	0.330577
4062	0.330512
4063	0.330451
4064	0.330368
4065	0.330308
4066	0.330269
4067	0.330168
4068	0.330116
4069	0.330076
4070	0.330055
4071	0.330022
4072	0.329994
4073	0.329963
4074	0.329982
4075	0.329911
4076	0.329794
4077	0.32972
4078	0.329673
4079	0.329692
4080	0.329713
4081	0.329685
4082	0.329673
4083	0.329682
4084	0.329691
4085	0.329658
4086	0.329639
4087	0.329677
4088	0.329736
4089	0.329747
4090	0.329735
4091	0.329748
4092	0.329744
4093	0.329772
4094	0.329757
4095	0.329735
4096	0.329684
4097	0.329696
4098	0.32976
4099	0.329802
4100	0.329821
4101	0.329896
4102	0.330003
4103	0.330019
4104	0.33003
4105	0.33009
4106	0.330056
4107	0.330102
4108	0.330151
4109	0.330274
4110	0.330362
4111	0.330427
4112	0.330512
4113	0.330573
4114	0.330654
4115	0.330661
4116	0.330714
4117	0.330718
4118	0.330817
4119	0.330897
4120	0.33094
4121	0.330981
4122	0.330962
4123	0.331015
4124	0.331059
4125	0.331062
4126	0.331087
4127	0.331096
4128	0.331102
4129	0.331112
4130	0.331076
4131	0.331009
4132	0.330925
4133	0.330868
4134	0.330847
4135	0.330842
4136	0.330783
4137	0.330668
4138	0.330565
4139	0.330441
4140	0.330255
4141	0.330109
4142	0.330004
4143	0.329877
4144	0.329743
4145	0.32962
4146	0.329557
4147	0.329429
4148	0.329351
4149	0.329243
4150	0.329083
4151	0.329065
4152	0.329007
4153	0.328952
4154	0.32894
4155	0.328949
4156	0.32884
4157	0.328798
4158	0.328814
4159	0.328751
4160	0.328602
4161	0.328518
4162	0.328549
4163	0.328466
4164	0.328475
4165	0.328542
4166	0.328559
4167	0.328577
4168	0.328634
4169	0.328745
4170	0.32882
4171	0.328845
4172	0.328926
4173	0.32893
4174	0.328977
4175	0.329101
4176	0.329228
4177	0.329248
4178	0.329318
4179	0.32945
4180	0.329526
4181	0.329604
4182	0.329698
4183	0.329804
4184	0.329902
4185	0.329925
4186	0.330068
4187	0.330138
4188	0.330206
4189	0.330258
4190	0.330349
4191	0.330384
4192	0.330396
4193	0.330464
4194	0.330538
4195	0.330629
4196	0.330594
4197	0.330552
4198	0.330557
4199	0.330529
4200	0.330608
4201	0.330621
4202	0.330612
4203	0.330637
4204	0.330705
4205	0.330707
4206	0.330777
4207	0.330907
4208	0.331014
4209	0.331088
4210	0.331252
4211	0.331415
4212	0.331401
4213	0.33146
4214	0.331534
4215	0.331618
4216	0.331643
4217	0.3317
4218	0.331826
4219	0.331894
4220	0.331971
4221	0.332056
4222	0.332108
4223	0.332158
4224	0.33228
4225	0.332326
4226	0.332376
4227	0.33244
4228	0.332386
4229	0.332426
4230	0.332403
4231	0.33239
4232	0.332374
4233	0.332381
4234	0.332339
4235	0.332277
4236	0.332224
4237	0.332248
4238	0.332128
4239	0.332081
4240	0.332101
4241	0.332119
4242	0.332135
4243	0.33207
4244	0.332024
4245	0.331937
4246	0.331897
4247	0.331857
4248	0.331845
4249	0.331798
4250	0.331764
4251	0.331738
4252	0.331672
4253	0.331612
4254	0.3315
4255	0.331476
4256	0.331404
4257	0.331324
4258	0.331181
4259	0.331086
4260	0.330902
4261	0.330703
4262	0.330537
4263	0.330457
4264	0.330363
4265	0.330254
4266	0.330169
4267	0.330055
4268	0.330006
4269	0.330004
4270	0.329942
4271	0.329877
4272	0.329857
4273	0.329792
4274	0.329715
4275	0.329643
4276	0.329623
4277	0.329551
4278	0.329561
4279	0.32945
4280	0.329355
4281	0.329264
4282	0.329272
4283	0.329221
4284	0.329192
4285	0.329219
4286	0.329227
4287	0.329155
4288	0.329146
4289	0.329229
4290	0.329285
4291	0.329383
4292	0.32936
4293	0.32941
4294	0.329476
4295	0.329565
4296	0.329536
4297	0.329497
4298	0.329528
4299	0.32957
4300	0.329502
4301	0.329544
4302	0.329589
4303	0.329593
4304	0.329623
4305	0.329596
4306	0.32958
4307	0.329664
4308	0.329745
4309	0.329711
4310	0.329782
4311	0.329831
4312	0.329835
4313	0.329855
4314	0.329957
4315	0.330018
4316	0.330092
4317	0.330199
4318	0.330139
4319	0.330209
4320	0.330203
4321	0.33026
4322	0.330301
4323	0.330336
4324	0.330339
4325	0.330346
4326	0.330378
4327	0.33043
4328	0.330579
4329	0.330667
4330	0.33079
4331	0.330805
4332	0.330824
4333	0.330837
4334	0.330873
4335	0.330863
4336	0.330844
4337	0.330826
4338	0.330848
4339	0.330883
4340	0.330882
4341	0.330941
4342	0.330947
4343	0.331003
4344	0.331026
4345	0.331038
4346	0.331048
4347	0.331145
4348	0.331059
4349	0.331087
4350	0.33115
4351	0.331125
4352	0.331133
4353	0.331179
4354	0.331258
4355	0.331242
4356	0.331239
4357	0.331273
4358	0.331198
4359	0.33125
4360	0.331235
4361	0.331235
4362	0.331279
4363	0.33116
4364	0.331088
4365	0.331071
4366	0.330968
4367	0.330952
4368	0.330823
4369	0.330732
4370	0.330601
4371	0.330514
4372	0.330424
4373	0.330357
4374	0.330259
4375	0.33018
4376	0.330158
4377	0.330057
4378	0.329903
4379	0.329744
4380	0.329694
4381	0.329611
4382	0.329549
4383	0.329439
4384	0.32926
4385	0.329129
4386	0.329083
4387	0.328986
4388	0.328834
4389	0.328708
4390	0.328611
4391	0.328448
4392	0.328403
4393	0.328334
4394	0.328272
4395	0.328083
4396	0.327989
4397	0.327924
4398	0.327816
4399	0.327726
4400	0.327691
4401	0.327669
4402	0.327682
4403	0.32757
4404	0.327564
4405	0.327633
4406	0.327579
4407	0.327567
4408	0.327603
4409	0.327502
4410	0.327569
4411	0.327501
4412	0.327517
4413	0.327551
4414	0.327601
4415	0.327684
4416	0.327706
4417	0.327807
4418	0.32786
4419	0.327976
4420	0.32807
4421	0.328182
4422	0.328255
4423	0.328406
4424	0.328501
4425	0.32859
4426	0.328724
4427	0.328903
4428	0.329063
4429	0.329211
4430	0.329411
4431	0.329527
4432	0.329728
4433	0.329873
4434	0.329914
4435	0.330086
4436	0.330168
4437	0.330305
4438	0.330279
4439	0.330395
4440	0.330531
4441	0.330593
4442	0.330629
4443	0.330734
4444	0.330847
4445	0.330899
4446	0.330938
4447	0.330961
4448	0.330999
4449	0.331
4450	0.330996
4451	0.33102
4452	0.331052
4453	0.331082
4454	0.331128
4455	0.331196
4456	0.331279
4457	0.331316
4458	0.331362
4459	0.33137
4460	0.331369
4461	0.331352
4462	0.331336
4463	0.33135
4464	0.331346
4465	0.331368
4466	0.331353
4467	0.331387
4468	0.331372
4469	0.331299
4470	0.331294
4471	0.331276
4472	0.331233
4473	0.331214
4474	0.331194
4475	0.331144
4476	0.331083
4477	0.331077
4478	0.331055
4479	0.331047
4480	0.331016
4481	0.330971
4482	0.330864
4483	0.330856
4484	0.330842
4485	0.330716
4486	0.330619
4487	0.330562
4488	0.330389
4489	0.330259
4490	0.330127
4491	0.330027
4492	0.329973
4493	0.32983
4494	0.329803
4495	0.329795
4496	0.32968
4497	0.329556
4498	0.329426
4499	0.329309
4500	0.329305
4501	0.32917
4502	0.329066
4503	0.329036
4504	0.32896
4505	0.328785
4506	0.328734
4507	0.328659
4508	0.328574
4509	0.328581
4510	0.32851
4511	0.328467
4512	0.328489
4513	0.328407
4514	0.32837
4515	0.328374
4516	0.328387
4517	0.328445
4518	0.328414
4519	0.328504
4520	0.328566
4521	0.328585
4522	0.328616
4523	0.328686
4524	0.328716
4525	0.328698
4526	0.328642
4527	0.328684
4528	0.328715
4529	0.328719
4530	0.328666
4531	0.328681
4532	0.328753
4533	0.328799
4534	0.328854
4535	0.328892
4536	0.329024
4537	0.329108
4538	0.329184
4539	0.329279
4540	0.329412
4541	0.329426
4542	0.329516
4543	0.329578
4544	0.329705
4545	0.329735
4546	0.329911
4547	0.330049
4548	0.330235
4549	0.330295
4550	0.330428
4551	0.330614
4552	0.330774
4553	0.330914
4554	0.331019
4555	0.331144
4556	0.331298
4557	0.331408
4558	0.331437
4559	0.331502
4560	0.331593
4561	0.33165
4562	0.331711
4563	0.331784
4564	0.33184
4565	0.331917
4566	0.331953
4567	0.331959
4568	0.332005
4569	0.332027
4570	0.33211
4571	0.332153
4572	0.332198
4573	0.332196
4574	0.332265
4575	0.332327
4576	0.332423
4577	0.332453
4578	0.33241
4579	0.332444
4580	0.332405
4581	0.332403
4582	0.332471
4583	0.332497
4584	0.332482
4585	0.332457
4586	0.332374
4587	0.332312
4588	0.332303
4589	0.332276
4590	0.332198
4591	0.332076
4592	0.332013
4593	0.332034
4594	0.332061
4595	0.332015
4596	0.331909
4597	0.331893
4598	0.331813
4599	0.3318
4600	0.331759
4601	0.331779
4602	0.331719
4603	0.331633
4604	0.331596
4605	0.331518
4606	0.331445
4607	0.3313
4608	0.331147
4609	0.331062
4610	0.330976
4611	0.330822
4612	0.330713
4613	0.330633
4614	0.330506
4615	0.33037
4616	0.33023
4617	0.330144
4618	0.329983
4619	0.329972
4620	0.329884
4621	0.329913
4622	0.329843
4623	0.329818
4624	0.329823
4625	0.329785
4626	0.329718
4627	0.329575
4628	0.329549
4629	0.32948
4630	0.329449
4631	0.329408
4632	0.329388
4633	0.329387
4634	0.329402
4635	0.329412
4636	0.329391
4637	0.329456
4638	0.329469
4639	0.329466
4640	0.329528
4641	0.329534
4642	0.329604
4643	0.32963
4644	0.329611
4645	0.329667
4646	0.329655
4647	0.329641
4648	0.329654
4649	0.329631
4650	0.32957
4651	0.329584
4652	0.329634
4653	0.329594
4654	0.329566
4655	0.32948
4656	0.329468
4657	0.329503
4658	0.329513
4659	0.329553
4660	0.329564
4661	0.329557
4662	0.329549
4663	0.32949
4664	0.329569
4665	0.329607
4666	0.329627
4667	0.329584
4668	0.329576
4669	0.329571
4670	0.32954
4671	0.329519
4672	0.329433
4673	0.329422
4674	0.329354
4675	0.329339
4676	0.329233
4677	0.329135
4678	0.32914
4679	0.329117
4680	0.328982
4681	0.328993
4682	0.32898
4683	0.328927
4684	0.328928
4685	0.328962
4686	0.329024
4687	0.329005
4688	0.329094
4689	0.329095
4690	0.329077
4691	0.32903
4692	0.329027
4693	0.329072
4694	0.329025
4695	0.328989
4696	0.329036
4697	0.328999
4698	0.328987
4699	0.329025
4700	0.329018
4701	0.32897
4702	0.329025
4703	0.328989
4704	0.328937
4705	0.328907
4706	0.328901
4707	0.328884
4708	0.328862
4709	0.328925
4710	0.328938
4711	0.328995
4712	0.328966
4713	0.329021
4714	0.329094
4715	0.329094
4716	0.329212
4717	0.329368
4718	0.329436
4719	0.329581
4720	0.329711
4721	0.329779
4722	0.329903
4723	0.33002
4724	0.330077
4725	0.330225
4726	0.330408
4727	0.330581
4728	0.330635
4729	0.330722
4730	0.330913
4731	0.331069
4732	0.331257
4733	0.331349
4734	0.331517
4735	0.331577
4736	0.331702
4737	0.331845
4738	0.331939
4739	0.332025
4740	0.332168
4741	0.3322
4742	0.332215
4743	0.332224
4744	0.332321
4745	0.332366
4746	0.332375
4747	0.332332
4748	0.332335
4749	0.332361
4750	0.332358
4751	0.332373
4752	0.332408
4753	0.332348
4754	0.33232
4755	0.332335
4756	0.332299
4757	0.332249
4758	0.332238
4759	0.332149
4760	0.332138
4761	0.332145
4762	0.332064
4763	0.332007
4764	0.331903
4765	0.331872
4766	0.331783
4767	0.331734
4768	0.331707
4769	0.33161
4770	0.331597
4771	0.331613
4772	0.331599
4773	0.331535
4774	0.331439
4775	0.331388
4776	0.331359
4777	0.331325
4778	0.331289
4779	0.331303
4780	0.33136
4781	0.331336
4782	0.331395
4783	0.331427
4784	0.331431
4785	0.331419
4786	0.331371
4787	0.331387
4788	0.331411
4789	0.331409
4790	0.331346
4791	0.331326
4792	0.331346
4793	0.331399
4794	0.331471
4795	0.331494
4796	0.331547
4797	0.331542
4798	0.331661
4799	0.331713
4800	0.331657
4801	0.331658
4802	0.331611
4803	0.331609
4804	0.331662
4805	0.331638
4806	0.331624
4807	0.331637
4808	0.331574
4809	0.331504
4810	0.331428
4811	0.331373
4812	0.33122
4813	0.331204
4814	0.331201
4815	0.331205
4816	0.331257
4817	0.331127
4818	0.331074
4819	0.331037
4820	0.330921
4821	0.330806
4822	0.330714
4823	0.330586
4824	0.330498
4825	0.330495
4826	0.330482
4827	0.330439
4828	0.330388
4829	0.330412
4830	0.33035
4831	0.330344
4832	0.330315
4833	0.330317
4834	0.330298
4835	0.330261
4836	0.330276
4837	0.330264
4838	0.330258
4839	0.330192
4840	0.330157
4841	0.330099
4842	0.329991
4843	0.330025
4844	0.329953
4845	0.329947
4846	0.329939
4847	0.329962
4848	0.329959
4849	0.330041
4850	0.330063
4851	0.330074
4852	0.330031
4853	0.330061
4854	0.330071
4855	0.330095
4856	0.330114
4857	0.330061
4858	0.330004
4859	0.329992
4860	0.330052
4861	0.33001
4862	0.330051
4863	0.330081
4864	0.330058
4865	0.33004
4866	0.330049
4867	0.330048
4868	0.33002
4869	0.329989
4870	0.330024
4871	0.329975
4872	0.330049
4873	0.330032
4874	0.329925
4875	0.329842
4876	0.329815
4877	0.32982
4878	0.329847
4879	0.329847
4880	0.329876
4881	0.329849
4882	0.329756
4883	0.329695
4884	0.329681
4885	0.329684
4886	0.329635
4887	0.329553
4888	0.329552
4889	0.329564
4890	0.329543
4891	0.329561
4892	0.329494
4893	0.32945
4894	0.329464
4895	0.32946
4896	0.329472
4897	0.329535
4898	0.329546
4899	0.329583
4900	0.329623
4901	0.329623
4902	0.329665
4903	0.329655
4904	0.329725
4905	0.329822
4906	0.329826
4907	0.329869
4908	0.329909
4909	0.329887
4910	0.32993
4911	0.329992
4912	0.330034
4913	0.330035
4914	0.330131
4915	0.330178
4916	0.330167
4917	0.33023
4918	0.330228
4919	0.330218
4920	0.330272
4921	0.330321
4922	0.330295
4923	0.330332
4924	0.330315
4925	0.330433
4926	0.33046
4927	0.330527
4928	0.330519
4929	0.330595
4930	0.330558
4931	0.330487
4932	0.330458
4933	0.330376
4934	0.330314
4935	0.330198
4936	0.330122
4937	0.330062
4938	0.329997
4939	0.329945
4940	0.329831
4941	0.329759
4942	0.329658
4943	0.329612
4944	0.329591
4945	0.329516
4946	0.329422
4947	0.329441
4948	0.329453
4949	0.329457
4950	0.329445
4951	0.329462
4952	0.329528
4953	0.329514
4954	0.329495
4955	0.329463
4956	0.329492
4957	0.329487
4958	0.329479
4959	0.329578
4960	0.329646
4961	0.329624
4962	0.329582
4963	0.329556
4964	0.329483
4965	0.32947
4966	0.329484
4967	0.32947
4968	0.329462
4969	0.329518
4970	0.329579
4971	0.329633
4972	0.329675
4973	0.329771
4974	0.329745
4975	0.329746
4976	0.329719
4977	0.329766
4978	0.329766
4979	0.329809
4980	0.329806
4981	0.329886
4982	0.329872
4983	0.329841
4984	0.329848
4985	0.329815
4986	0.329824
4987	0.32984
4988	0.329872
4989	0.329888
4990	0.32989
4991	0.329965
4992	0.33002
4993	0.33002
4994	0.329948
4995	0.329988
4996	0.330074
4997	0.33009
4998	0.330013
4999	0.32999
5000	0.330031
