#realizzazioni=200

0.99	0.01
0.980195	0.0165778
0.963585	0.0277733
0.937409	0.0450592
0.897205	0.0711387
0.837791	0.108549
0.757163	0.156573
0.659699	0.209011
0.552858	0.258055
0.450527	0.292284
0.361496	0.307442
0.288073	0.305804
0.23318	0.288353
0.192296	0.262753
0.162887	0.233025
0.140592	0.203887
0.125498	0.175067
0.114449	0.149225
0.106788	0.126264
0.101626	0.106321
0.0982726	0.0893037
0.0964704	0.0747524
0.0956693	0.062602
0.0958128	0.052362
0.0966991	0.0437735
0.0980651	0.0366929
0.0999057	0.0307754
0.10207	0.0259006
0.104519	0.02186
0.107275	0.0184469
0.110258	0.0155881
0.113404	0.0132206
0.116701	0.0112367
0.12014	0.00956198
0.123663	0.0081739
0.127282	0.00699699
0.130983	0.00599749
0.134734	0.0051616
0.138536	0.00445261
0.142362	0.00386682
0.146233	0.0033552
0.150127	0.00292119
0.154035	0.00255612
0.157959	0.00224099
0.161889	0.00197461
0.165826	0.00174496
0.169765	0.00154782
0.173711	0.00137177
0.177649	0.00122463
0.181583	0.0010965
0.185514	0.000982878
0.189439	0.000882915
0.193356	0.000795517
0.197261	0.000720883
0.201156	0.000654297
0.205042	0.000594125
0.208915	0.000541604
0.212773	0.000496473
0.216619	0.000455744
0.220452	0.000418813
0.224271	0.000386051
0.228072	0.000359269
0.231859	0.000333462
0.235631	0.000310712
0.239387	0.000290322
0.243129	0.000270504
0.246853	0.000254893
0.250561	0.000240368
0.254253	0.00022719
0.257927	0.000215649
0.261586	0.000204484
0.265228	0.000194718
0.268853	0.000185749
0.272461	0.000178007
0.276052	0.000171326
0.279626	0.000165657
0.283183	0.000160141
0.286723	0.000155124
0.290245	0.000151571
0.293751	0.000147412
0.29724	0.000143293
0.300712	0.000140269
0.304168	0.000136772
0.307607	0.000134486
0.311028	0.000132344
0.314433	0.000130703
0.31782	0.00012973
0.32119	0.000128946
0.324544	0.000128027
0.32788	0.000128206
0.331199	0.000128396
0.334502	0.000128984
0.337787	0.000129587
0.341055	0.000131642
0.344306	0.000133503
0.34754	0.00013536
0.350757	0.00013751
0.353957	0.000141026
0.35714	0.000143995
0.360305	0.00014732
0.363454	0.0001515
0.366585	0.000156263
0.369699	0.000160409
0.372796	0.000166027
0.375875	0.000172006
0.378936	0.000178933
0.38198	0.00018694
0.385005	0.000195107
0.388014	0.000203336
0.391002	0.000213885
0.393972	0.000225437
0.396925	0.000236839
0.399857	0.00025047
0.402771	0.000264171
0.405667	0.000277959
0.40854	0.000296714
0.41139	0.000318483
0.414222	0.000338772
0.417031	0.000361916
0.419818	0.000387364
0.422577	0.000419125
0.425318	0.000448105
0.428027	0.000486328
0.430714	0.000523176
0.433372	0.000566585
0.435999	0.000615332
0.438595	0.000669779
0.441157	0.000729843
0.443684	0.000796592
0.44618	0.000864301
0.448636	0.000941318
0.451035	0.00104062
0.453386	0.00114931
0.455678	0.00127536
0.457913	0.00141351
0.460086	0.00156533
0.462185	0.00174016
0.464222	0.00192036
0.466183	0.00211902
0.468034	0.00236168
0.469788	0.00262599
0.47142	0.00293294
0.472914	0.00328552
0.474259	0.00368233
0.475466	0.00410874
0.476522	0.00456313
0.477406	0.00506836
0.478084	0.00563689
0.4785	0.00631142
0.478631	0.00708045
0.47845	0.00795758
0.477949	0.0089164
0.477093	0.00997806
0.475903	0.0110955
0.474286	0.0123519
0.472252	0.0136922
0.469872	0.0150672
0.466832	0.0167243
0.463528	0.0182508
0.459582	0.0200134
0.455029	0.0219257
0.449751	0.0240685
0.444387	0.0258391
0.438519	0.0276805
0.431863	0.0298259
0.424466	0.0321745
0.416907	0.0341736
0.408755	0.0362681
0.400412	0.0380845
0.391962	0.0396411
0.383079	0.0412643
0.374212	0.0425439
0.365189	0.0437152
0.35628	0.0445537
0.347271	0.045327
0.338645	0.0456273
0.330222	0.0457442
0.321877	0.0457918
0.313951	0.0454798
0.306601	0.0447622
0.299582	0.0439449
0.293178	0.0428083
0.287259	0.0415135
0.281917	0.0400346
0.276892	0.0386381
0.272436	0.037064
0.268331	0.0355495
0.26476	0.0339266
0.261563	0.0323475
0.258722	0.0308334
0.256364	0.0292436
0.254382	0.0276858
0.252821	0.0261241
0.251473	0.0247265
0.250566	0.0232654
0.249871	0.0219457
0.249446	0.0206867
0.249358	0.0194164
0.249432	0.0182855
0.24969	0.0172488
0.250122	0.0162924
0.250787	0.0153476
0.251635	0.0144462
0.252632	0.0136128
0.253768	0.0128429
0.255061	0.0120975
0.256464	0.0114201
0.257981	0.0107867
0.259625	0.010178
0.26135	0.00962525
0.26316	0.00911541
0.265014	0.00866969
0.266952	0.00824658
0.268936	0.00786977
0.270982	0.00751326
0.273064	0.00719591
0.275172	0.00691976
0.27736	0.00662459
0.279548	0.00638662
0.281728	0.00619795
0.283971	0.00598686
0.286263	0.00577125
0.288573	0.00557716
0.290909	0.00539438
0.293242	0.00524653
0.295579	0.0051164
0.297909	0.00501204
0.300274	0.00489079
0.302635	0.00478736
0.304985	0.00470669
0.307359	0.00461272
0.309731	0.00453341
0.312087	0.00447508
0.314423	0.00443869
0.316757	0.0043997
0.319103	0.00434885
0.321438	0.00430886
0.323755	0.00428423
0.326044	0.00427817
0.328291	0.00430045
0.330539	0.00430848
0.332776	0.0043151
0.334976	0.00434113
0.337141	0.00438398
0.339329	0.00438615
0.34148	0.00441142
0.343605	0.00444364
0.345663	0.00452071
0.347682	0.00460668
0.349693	0.00466766
0.351659	0.0047475
0.353592	0.00482945
0.355456	0.00494612
0.357309	0.00503721
0.359086	0.00516896
0.360835	0.00528822
0.362486	0.00546182
0.364113	0.0056058
0.365637	0.00580219
0.367165	0.00594432
0.368617	0.00611907
0.370002	0.00630298
0.371245	0.00656587
0.372452	0.00679584
0.373611	0.00701378
0.374644	0.00728776
0.375667	0.00750641
0.376535	0.00780665
0.377337	0.00809408
0.378092	0.00835615
0.378778	0.00861414
0.37935	0.00891068
0.379812	0.00923707
0.380222	0.00953499
0.380481	0.00989617
0.380571	0.0103224
0.380591	0.0107184
0.380567	0.0110619
0.38037	0.0114879
0.380013	0.0119524
0.379635	0.0123357
0.379102	0.0127727
0.378507	0.0131681
0.377762	0.0136056
0.376873	0.0140763
0.375906	0.0145182
0.374752	0.0150295
0.373441	0.0155734
0.37218	0.0159537
0.370651	0.016491
0.369017	0.0169981
0.367319	0.0174605
0.365417	0.0180068
0.363531	0.0184275
0.361367	0.018998
0.359289	0.019375
0.357037	0.0198392
0.354731	0.0202541
0.352379	0.0206285
0.350047	0.0209166
0.347631	0.0212108
0.345143	0.0215213
0.342614	0.0218104
0.3401	0.022021
0.337607	0.0221759
0.335053	0.0223618
0.332573	0.0224568
0.330208	0.0224307
0.32792	0.0223708
0.325621	0.0223376
0.323394	0.0222547
0.321292	0.0220971
0.319244	0.0219268
0.317387	0.02164
0.315568	0.0213953
0.313832	0.0211243
0.312191	0.0208491
0.310644	0.0205569
0.30921	0.0202455
0.30779	0.0199871
0.306544	0.0196435
0.30546	0.0192414
0.30441	0.0188983
0.303526	0.018499
0.302668	0.0181662
0.301996	0.0177429
0.301407	0.0173543
0.300976	0.0169055
0.300591	0.0165265
0.300272	0.0161776
0.300002	0.0158658
0.299865	0.0155022
0.299803	0.0151544
0.299795	0.0148344
0.300009	0.0143985
0.300117	0.014147
0.300325	0.0138678
0.300715	0.0134907
0.30114	0.0131637
0.301612	0.0128701
0.302156	0.0125775
0.302739	0.0123102
0.303392	0.0120328
0.304057	0.0118109
0.30479	0.0115759
0.305565	0.0113509
0.306382	0.0111349
0.307216	0.01095
0.308153	0.0107147
0.309096	0.0105221
0.31003	0.0103805
0.311008	0.0102258
0.311965	0.0101159
0.313006	0.00995234
0.314106	0.00977116
0.315169	0.00965683
0.316227	0.00957085
0.317335	0.00945615
0.318462	0.00934131
0.319604	0.00923774
0.32074	0.00916044
0.321799	0.00915886
0.322856	0.00915669
0.323971	0.00909734
0.325046	0.009081
0.326121	0.00906398
0.327202	0.00904245
0.328242	0.00905521
0.329308	0.00904023
0.330357	0.00903662
0.331322	0.00910539
0.332308	0.00913409
0.333259	0.00918484
0.334232	0.00919906
0.335189	0.00921922
0.336103	0.00926698
0.33699	0.0093259
0.33792	0.0093318
0.338824	0.00935284
0.339642	0.0094408
0.3404	0.00956254
0.341142	0.00966519
0.341832	0.00978771
0.342471	0.00992612
0.343077	0.0100563
0.34366	0.0101758
0.34422	0.0102937
0.34474	0.0104162
0.34525	0.0105136
0.345738	0.0106075
0.346233	0.0106703
0.346651	0.0107862
0.34701	0.0109238
0.347347	0.0110501
0.347632	0.0111901
0.34793	0.0112892
0.348149	0.011432
0.348422	0.0114959
0.34857	0.0116514
0.348682	0.0118045
0.348769	0.0119457
0.348722	0.0121722
0.348681	0.0123463
0.348564	0.012546
0.348427	0.0127206
0.348312	0.0128393
0.348152	0.0129685
0.347867	0.0131773
0.347605	0.0133243
0.347255	0.0135119
0.346845	0.0137155
0.346493	0.0138194
0.346119	0.0139259
0.345755	0.0139994
0.345241	0.0141896
0.34474	0.0143294
0.344142	0.0145236
0.343583	0.0146428
0.342998	0.014762
0.342379	0.014885
0.341691	0.0150465
0.341048	0.0151346
0.340462	0.0151621
0.339823	0.015227
0.339128	0.0153311
0.338396	0.015445
0.337677	0.0155282
0.336886	0.0156537
0.336219	0.0156485
0.335462	0.0157218
0.334631	0.015856
0.333833	0.015929
0.333076	0.0159575
0.332357	0.015948
0.331553	0.0160127
0.330782	0.0160451
0.330201	0.0159072
0.3295	0.0159087
0.328805	0.0159025
0.32814	0.0158827
0.327484	0.0158523
0.326805	0.0158512
0.32615	0.0158328
0.325516	0.0158021
0.324876	0.0157863
0.324311	0.0157186
0.323781	0.0156302
0.323343	0.0154887
0.322819	0.0154577
0.322338	0.0153923
0.32197	0.0152392
0.321651	0.0150813
0.321305	0.0149854
0.320913	0.0149576
0.320591	0.0148724
0.320321	0.0147599
0.320113	0.0146223
0.319947	0.0144828
0.319729	0.014414
0.319632	0.0142615
0.319489	0.0141821
0.319438	0.0140357
0.319358	0.0139576
0.319243	0.0139192
0.319232	0.0138032
0.319285	0.0136534
0.319326	0.0135498
0.319437	0.0134036
0.319568	0.0132693
0.319686	0.0131789
0.319847	0.0130708
0.320038	0.0129624
0.320273	0.0128354
0.320441	0.0127947
0.320548	0.0128195
0.320737	0.0127677
0.320956	0.0126946
0.321178	0.0126442
0.321402	0.0125963
0.321739	0.0124547
0.322017	0.0123906
0.322316	0.0123296
0.322679	0.0122263
0.323036	0.0121451
0.323392	0.0120898
0.323797	0.011997
0.324232	0.0118957
0.32471	0.0117779
0.325052	0.0118076
0.325516	0.0117155
0.326028	0.0116002
0.326481	0.0115607
0.326963	0.0115051
0.327464	0.011445
0.327926	0.0114293
0.328357	0.0114414
0.328815	0.0114254
0.329297	0.011388
0.329763	0.0113701
0.330261	0.0113282
0.330745	0.011299
0.331187	0.0113187
0.33164	0.011324
0.332005	0.011401
0.332411	0.011424
0.332814	0.0114408
0.333206	0.0114614
0.33358	0.0114914
0.333907	0.0115568
0.334308	0.0115397
0.334702	0.0115302
0.335004	0.0116024
0.335245	0.0117098
0.335496	0.0117834
0.335781	0.0118145
0.336055	0.0118399
0.336277	0.0119079
0.336439	0.0120124
0.336661	0.012041
0.336821	0.012117
0.336918	0.0122275
0.337071	0.0122654
0.337186	0.0123301
0.337285	0.0123898
0.337324	0.0124905
0.337357	0.0125769
0.337475	0.0125667
0.337458	0.0126788
0.337444	0.0127572
0.337438	0.0128165
0.337338	0.0129477
0.337291	0.013003
0.337171	0.0131081
0.337134	0.0131154
0.337015	0.0131971
0.336944	0.0132166
0.336835	0.0132672
0.33675	0.0132855
0.33665	0.013311
0.336567	0.0133139
0.336382	0.0134094
0.336192	0.0134881
0.335948	0.0136001
0.335673	0.013717
0.33546	0.0137482
0.335164	0.0138432
0.334952	0.0138434
0.334659	0.0139232
0.334441	0.0139205
0.334264	0.0138779
0.334057	0.0138691
0.333829	0.013889
0.333594	0.0139169
0.333395	0.0139033
0.333219	0.0138741
0.332949	0.0139306
0.33267	0.0139876
0.3324	0.0140264
0.332116	0.0140686
0.331858	0.0140752
0.331562	0.0141123
0.331326	0.0140924
0.33107	0.0141001
0.330749	0.014157
0.3305	0.014142
0.330243	0.0141427
0.3301	0.0140432
0.329866	0.0140468
0.329661	0.0140256
0.329382	0.0140699
0.329126	0.014092
0.328875	0.0141015
0.328655	0.0140849
0.328378	0.0141236
0.328141	0.0141194
0.327907	0.0141141
0.327763	0.0140255
0.327601	0.0139841
0.327478	0.0139125
0.327352	0.0138622
0.327197	0.0138466
0.32711	0.0137779
0.327074	0.0136812
0.326969	0.0136611
0.326938	0.0135867
0.32681	0.0136126
0.326745	0.0135775
0.326565	0.0136528
0.326426	0.0136715
0.326354	0.0136299
0.326256	0.0136227
0.326141	0.0136274
0.326057	0.0136104
0.326058	0.0135205
0.326031	0.0134766
0.326013	0.0134328
0.326052	0.0133527
0.326086	0.0132886
0.326095	0.0132654
0.326172	0.0131802
0.32625	0.0131211
0.326323	0.0130738
0.326506	0.0129417
0.326591	0.0129256
0.32661	0.0129675
0.326725	0.012926
0.326854	0.0128739
0.326958	0.0128553
0.32706	0.0128447
0.327148	0.0128453
0.327244	0.0128388
0.32735	0.0128263
0.327463	0.0128114
0.327663	0.0127165
0.327806	0.0127
0.327926	0.0127032
0.328067	0.0126838
0.328257	0.0126239
0.328432	0.012592
0.328502	0.0126594
0.328677	0.0126155
0.328711	0.0127123
0.328724	0.0128002
0.328773	0.0128388
0.328925	0.0127776
0.32903	0.0127694
0.329019	0.0128697
0.329054	0.0128991
0.329135	0.0128839
0.329208	0.0128787
0.32926	0.0128962
0.32945	0.0127868
0.32952	0.0128089
0.329631	0.0127927
0.329773	0.0127488
0.329888	0.0127335
0.329959	0.0127561
0.329938	0.0128617
0.329996	0.0128716
0.330036	0.0128978
0.330044	0.0129448
0.330037	0.0129903
0.330098	0.0129754
0.330113	0.0130002
0.330206	0.0129473
0.330265	0.0129362
0.330353	0.0129024
0.330468	0.0128472
0.330591	0.0128049
0.330667	0.0128107
0.330734	0.0128258
0.330788	0.0128446
0.330796	0.0128983
0.330829	0.012919
0.330876	0.0129239
0.330934	0.0129134
0.330978	0.0129169
0.330995	0.0129472
0.331013	0.012969
0.331011	0.013008
0.33109	0.0129672
0.331121	0.0129718
0.331187	0.0129487
0.331189	0.0129829
0.331174	0.0130294
0.331131	0.0130875
0.33111	0.0131116
0.331046	0.0131723
0.331016	0.0131843
0.330957	0.0132216
0.330942	0.0132102
0.330863	0.0132619
0.330829	0.0132578
0.330798	0.0132534
0.330737	0.0132824
0.33069	0.0132863
0.330703	0.0132437
0.330654	0.0132622
0.33062	0.0132586
0.330614	0.0132276
0.330523	0.0132835
0.330546	0.0132268
0.330429	0.0133095
0.330333	0.0133563
0.330223	0.0134036
0.330137	0.0134182
0.329938	0.0135323
0.329853	0.0135143
0.329716	0.0135531
0.329629	0.013541
0.329449	0.013616
0.329458	0.0135024
0.329317	0.0135449
0.329278	0.0134942
0.329282	0.0134124
0.329262	0.0133738
0.329179	0.0134013
0.329115	0.0134007
0.329093	0.0133649
0.32913	0.0132823
0.329108	0.0132659
0.329173	0.0131834
0.329227	0.0131337
0.329216	0.013144
0.329262	0.0131063
0.32916	0.0132104
0.329141	0.0132175
0.32913	0.0132158
0.32911	0.0132204
0.329081	0.0132309
0.329134	0.013166
0.329156	0.0131405
0.329199	0.0131069
0.329221	0.0131049
0.32922	0.0131166
0.329287	0.0130672
0.329383	0.0130001
0.329371	0.013043
0.329475	0.0129745
0.329595	0.0129098
0.329658	0.0129075
0.329775	0.0128546
0.329849	0.0128507
0.329917	0.0128559
0.329991	0.0128566
0.330116	0.0128078
0.330176	0.0128293
0.330216	0.0128592
0.330265	0.0128764
0.330356	0.0128521
0.330377	0.0128994
0.33039	0.0129316
0.330486	0.0128905
0.330543	0.0128908
0.330683	0.0128215
0.330807	0.0127777
0.330823	0.0128401
0.330891	0.0128415
0.331012	0.0127989
0.330991	0.0128868
0.331006	0.0129221
0.331033	0.0129429
0.331103	0.0129235
0.331117	0.0129531
0.331202	0.0129173
0.331209	0.0129562
0.331195	0.0130079
0.331131	0.0130876
0.331071	0.0131478
0.331026	0.0131798
0.331039	0.013153
0.330985	0.0131927
0.330983	0.013174
0.331015	0.0131328
0.330877	0.0132531
0.330939	0.0131685
0.330914	0.0131827
0.330894	0.0131853
0.330889	0.0131732
0.330884	0.0131641
0.330922	0.013124
0.330925	0.0131214
0.330937	0.0131039
0.330986	0.0130637
0.330875	0.0131728
0.330889	0.0131509
0.330916	0.0131243
0.330916	0.0131211
0.330967	0.0130794
0.330929	0.0131263
0.330906	0.0131443
0.33085	0.0131849
0.330835	0.0131832
0.330839	0.0131635
0.330928	0.0130743
0.330871	0.0131325
0.330907	0.0130936
0.330825	0.013174
0.330797	0.0131897
0.330692	0.013266
0.330649	0.013273
0.330561	0.0133185
0.330487	0.0133378
0.330457	0.0133118
0.330377	0.0133381
0.330372	0.0132995
0.330333	0.0132936
0.330291	0.0132951
0.330216	0.0133279
0.330096	0.0133842
0.330114	0.0133141
0.33013	0.0132612
0.330136	0.0132275
0.330071	0.0132592
0.33007	0.0132321
0.330002	0.0132674
0.330004	0.0132318
0.329934	0.0132682
0.329983	0.0131936
0.330021	0.0131466
0.329982	0.0131782
0.329996	0.0131575
0.329921	0.01322
0.329902	0.0132156
0.329903	0.0132003
0.329903	0.0131873
0.329913	0.0131674
0.329813	0.0132539
0.32979	0.0132537
0.329719	0.0132892
0.329762	0.0132227
0.329837	0.0131389
0.329789	0.0131866
0.329754	0.0132086
0.329762	0.0131896
0.329745	0.0131945
0.329774	0.0131616
0.329744	0.0131836
0.329759	0.0131592
0.329768	0.0131457
0.329798	0.0131198
0.329824	0.0131022
0.329789	0.0131439
0.329795	0.0131359
0.329773	0.0131562
0.329779	0.0131507
0.329756	0.0131647
0.329768	0.0131503
0.329761	0.0131514
0.32973	0.0131764
0.329703	0.013194
0.329661	0.0132184
0.329614	0.0132445
0.329629	0.0132115
0.329576	0.0132421
0.329582	0.0132127
0.329555	0.0132208
0.329518	0.0132365
0.329552	0.0131854
0.329592	0.0131422
0.329612	0.0131231
0.329671	0.0130705
0.329721	0.013044
0.329716	0.0130688
0.329848	0.0129692
0.33004	0.0128373
0.33006	0.0128867
0.330042	0.0129579
0.330111	0.0129329
0.330157	0.0129404
0.33029	0.0128679
0.330346	0.0128796
0.33035	0.0129355
0.330403	0.0129341
0.330505	0.0128866
0.33051	0.0129354
0.330606	0.0128955
0.3307	0.0128622
0.330697	0.012924
0.330683	0.0129815
0.330798	0.0129091
0.330911	0.0128558
0.330969	0.0128644
0.330957	0.0129335
0.330984	0.0129475
0.330999	0.0129713
0.331028	0.0129808
0.331103	0.0129455
0.331132	0.012958
0.331181	0.0129521
0.331206	0.0129633
0.331264	0.0129476
0.331317	0.0129353
0.331425	0.01288
0.331435	0.01292
0.331387	0.0130055
0.331432	0.0129892
0.331393	0.0130486
0.331309	0.0131402
0.331353	0.0130923
0.331334	0.0131101
0.33131	0.0131333
0.331337	0.013106
0.331305	0.0131382
0.331191	0.0132273
0.331216	0.0131804
0.331247	0.0131366
0.331126	0.0132373
0.331102	0.0132276
0.331193	0.0131212
0.331233	0.0130837
0.331298	0.0130374
0.331329	0.0130243
0.331384	0.0129926
0.331337	0.013062
0.331355	0.01306
0.33138	0.0130483
0.331415	0.0130401
0.331451	0.0130228
0.331425	0.0130576
0.331379	0.0131106
0.331372	0.0131137
0.331392	0.0131019
0.33135	0.0131397
0.331372	0.0131203
0.331404	0.0130894
0.331413	0.0130846
0.331497	0.0130144
0.331576	0.0129638
0.331576	0.0129932
0.331607	0.0129895
0.331646	0.0129804
0.3316	0.0130474
0.331671	0.0130032
0.331716	0.0129858
0.331776	0.0129638
0.331715	0.0130522
0.33168	0.0130943
0.331664	0.0131089
0.33159	0.0131725
0.331643	0.0131103
0.331542	0.0132027
0.331446	0.0132641
0.331414	0.0132609
0.331362	0.013275
0.331278	0.0133187
0.331206	0.0133351
0.331156	0.0133244
0.331079	0.0133438
0.331013	0.0133488
0.330868	0.0134304
0.330737	0.0134756
0.330592	0.0135237
0.330491	0.0135223
0.330459	0.0134626
0.330347	0.0134865
0.330333	0.0134201
0.330388	0.0133079
0.330398	0.0132588
0.330309	0.0133051
0.330314	0.01326
0.330239	0.0133005
0.330238	0.0132632
0.330155	0.0133156
0.330185	0.0132491
0.330216	0.0131975
0.330293	0.0131141
0.330316	0.0130969
0.330304	0.0131142
0.33025	0.0131619
0.330241	0.0131568
0.330297	0.0131016
0.33033	0.013082
0.330316	0.0131028
0.330391	0.0130436
0.330431	0.0130273
0.33047	0.0130163
0.330493	0.0130185
0.330568	0.0129733
0.330647	0.0129378
0.330685	0.0129466
0.330751	0.0129242
0.330791	0.0129371
0.330822	0.0129446
0.330852	0.0129629
0.330979	0.0128842
0.331047	0.0128777
0.33113	0.0128576
0.331193	0.012862
0.331277	0.0128461
0.331278	0.0129064
0.331227	0.0130014
0.331199	0.0130528
0.331241	0.0130324
0.33127	0.013023
0.331363	0.0129608
0.331379	0.0129809
0.331328	0.0130595
0.331363	0.0130393
0.331432	0.0129975
0.331461	0.0129976
0.331417	0.0130669
0.331472	0.0130308
0.331515	0.0130098
0.331545	0.0130022
0.331456	0.0131048
0.331478	0.0130835
0.331405	0.0131539
0.331443	0.0131126
0.331416	0.0131375
0.331391	0.0131523
0.331308	0.0132153
0.331299	0.0131964
0.331229	0.0132366
0.331172	0.0132588
0.331103	0.0132881
0.331094	0.0132582
0.33104	0.0132737
0.330988	0.0132802
0.331003	0.0132326
0.330976	0.0132322
0.330973	0.013211
0.330957	0.0132026
0.330961	0.013182
0.33087	0.0132473
0.33089	0.0131999
0.330875	0.0131963
0.330837	0.0132142
0.330803	0.0132232
0.330691	0.0132977
0.330511	0.0134199
0.330462	0.0133979
0.330354	0.0134322
0.330253	0.0134518
0.330239	0.0133935
0.330242	0.0133335
0.330225	0.0133
0.330231	0.0132599
0.330215	0.0132449
0.33024	0.0131942
0.330311	0.0131191
0.330314	0.0131199
0.330281	0.0131529
0.330271	0.0131543
0.330297	0.0131205
0.330324	0.0130958
0.330311	0.0131165
0.330292	0.0131359
0.330282	0.0131436
0.330241	0.013176
0.330242	0.0131654
0.3302	0.0131952
0.330208	0.0131765
0.330196	0.0131785
0.330214	0.0131519
0.33024	0.0131256
0.330232	0.0131315
0.33027	0.0130949
0.330192	0.0131722
0.330203	0.0131512
0.330228	0.0131244
0.330186	0.0131631
0.330138	0.0132023
0.330135	0.0131906
0.330113	0.0132005
0.329978	0.0133038
0.33003	0.0132152
0.330081	0.0131501
0.330016	0.0132073
0.330126	0.0130915
0.330163	0.0130691
0.330216	0.013039
0.33024	0.0130346
0.330183	0.0131085
0.330216	0.0130841
0.330231	0.0130832
0.330233	0.0130984
0.330217	0.0131201
0.330194	0.0131421
0.330316	0.0130341
0.33029	0.013079
0.33024	0.0131396
0.330366	0.0130266
0.330366	0.0130541
0.33044	0.0130059
0.330483	0.0129943
0.330475	0.0130343
0.330509	0.0130236
0.330553	0.013011
0.330575	0.0130163
0.330604	0.0130117
0.330707	0.0129493
0.330774	0.0129269
0.330917	0.0128419
0.331016	0.0128171
0.331143	0.0127731
0.331235	0.0127738
0.33128	0.0128086
0.331323	0.0128371
0.331477	0.0127639
0.331595	0.0127406
0.331669	0.0127585
0.331656	0.012846
0.331727	0.0128396
0.331788	0.0128476
0.33187	0.0128306
0.331977	0.0128029
0.332037	0.0128147
0.332086	0.0128357
0.332147	0.0128368
0.332125	0.0129131
0.332099	0.0129753
0.332019	0.0130733
0.332015	0.0130831
0.331969	0.0131321
0.331999	0.0130976
0.331984	0.0131106
0.331893	0.013184
0.33177	0.0132672
0.331749	0.0132497
0.331649	0.0133062
0.33162	0.0132824
0.331565	0.0132919
0.331518	0.0132902
0.331454	0.0133097
0.331358	0.0133441
0.331263	0.0133791
0.331204	0.0133691
0.331082	0.0134147
0.331049	0.0133761
0.330962	0.0133927
0.330877	0.0134047
0.330795	0.0134105
0.330634	0.0134865
0.330557	0.0134762
0.330469	0.0134781
0.330326	0.0135252
0.330251	0.0135014
0.330173	0.0134917
0.330042	0.0135245
0.329955	0.0135132
0.329893	0.0134898
0.329804	0.0134889
0.329664	0.0135345
0.329548	0.0135534
0.329436	0.0135577
0.329357	0.013534
0.329287	0.0135066
0.32922	0.0134902
0.329173	0.013451
0.329141	0.0134118
0.329111	0.0133806
0.32912	0.0133247
0.329047	0.0133503
0.3291	0.0132662
0.329023	0.0133057
0.328966	0.0133264
0.328899	0.0133503
0.328852	0.0133508
0.32884	0.0133181
0.328814	0.0133041
0.328795	0.0132843
0.328814	0.0132371
0.328823	0.0132125
0.328838	0.0131913
0.328755	0.0132595
0.328712	0.0132772
0.328713	0.0132494
0.328723	0.0132216
0.32865	0.0132713
0.328666	0.0132301
0.328646	0.0132305
0.328593	0.0132655
0.328629	0.0132089
0.328589	0.013234
0.32859	0.0132169
0.328599	0.0131949
0.328554	0.0132317
0.328576	0.0131945
0.32857	0.0131923
0.328526	0.0132241
0.328605	0.0131366
0.328644	0.01311
0.328653	0.0131163
0.328749	0.0130435
0.328819	0.0130099
0.328844	0.0130221
0.328831	0.0130649
0.328865	0.0130577
0.328911	0.0130378
0.328956	0.0130246
0.328927	0.013083
0.328956	0.0130774
0.328976	0.0130806
0.329037	0.0130433
0.329086	0.0130279
0.329203	0.0129535
0.329206	0.0129965
0.329207	0.0130332
0.329219	0.0130455
0.329255	0.0130398
0.32937	0.0129595
0.329314	0.0130526
0.329338	0.013054
0.329302	0.0131035
0.329345	0.0130784
0.329391	0.0130562
0.32934	0.0131236
0.329358	0.0131167
0.32941	0.0130826
0.329441	0.0130681
0.329487	0.0130428
0.329537	0.0130219
0.329547	0.0130442
0.329565	0.0130518
0.329592	0.0130455
0.32961	0.0130527
0.329572	0.013106
0.329636	0.0130557
0.32966	0.0130579
0.329663	0.013073
0.329659	0.0130928
0.329594	0.0131618
0.329535	0.0132109
0.329508	0.0132194
0.329512	0.0132044
0.329529	0.0131732
0.329571	0.0131252
0.329596	0.0131052
0.329648	0.0130642
0.329703	0.0130289
0.329743	0.0130195
0.329759	0.0130339
0.329826	0.0129979
0.329852	0.0130075
0.329871	0.0130196
0.329925	0.0130012
0.329991	0.0129714
0.330082	0.0129286
0.330168	0.0128985
0.330229	0.0128963
0.330247	0.0129339
0.330279	0.0129538
0.33034	0.0129437
0.330403	0.0129309
0.330405	0.0129747
0.330434	0.0129825
0.330517	0.0129417
0.330475	0.013015
0.330484	0.013033
0.330497	0.0130438
0.330573	0.0129967
0.330546	0.0130513
0.33057	0.0130461
0.330624	0.0130147
0.330681	0.0129901
0.330586	0.0131014
0.330504	0.0131829
0.330532	0.0131454
0.330536	0.0131361
0.330533	0.0131363
0.330506	0.013155
0.330477	0.0131744
0.330485	0.0131544
0.330483	0.0131531
0.330522	0.0131121
0.330523	0.013119
0.33056	0.0130915
0.330464	0.0131848
0.330362	0.01326
0.330401	0.0131966
0.330367	0.0132105
0.330422	0.0131441
0.330407	0.0131526
0.330403	0.0131559
0.330404	0.0131476
0.330382	0.0131618
0.330407	0.0131336
0.330456	0.0130897
0.330394	0.0131525
0.330358	0.013182
0.330329	0.013196
0.33031	0.0131929
0.330242	0.0132371
0.330224	0.0132282
0.330143	0.0132783
0.330023	0.0133495
0.329966	0.0133547
0.329928	0.013336
0.329814	0.0133964
0.329737	0.0134072
0.329626	0.0134477
0.329541	0.0134572
0.329428	0.0134892
0.329326	0.0135014
0.329195	0.0135447
0.329012	0.0136165
0.32892	0.0135921
0.328762	0.0136357
0.328595	0.0136784
0.328515	0.0136381
0.328482	0.0135551
0.328505	0.0134477
0.328448	0.0134319
0.328351	0.013458
0.328204	0.0135232
0.328141	0.0135007
0.328081	0.0134792
0.328003	0.0134791
0.327895	0.0135036
0.327874	0.0134504
0.327781	0.0134708
0.327586	0.0135749
0.327498	0.0135697
0.32736	0.013605
0.327267	0.0135954
0.327135	0.0136178
0.326936	0.0136969
0.32683	0.0136757
0.326752	0.013639
0.326705	0.0135811
0.326686	0.0135106
0.326737	0.0134003
0.326731	0.013363
0.326739	0.0133206
0.326828	0.0132135
0.326782	0.0132497
0.32682	0.013203
0.326904	0.0131228
0.327018	0.013042
0.327137	0.01297
0.32717	0.0129919
0.327273	0.0129418
0.327372	0.0129071
0.327421	0.0129257
0.327449	0.0129564
0.327564	0.0129059
0.327727	0.0128238
0.327784	0.0128509
0.327889	0.0128281
0.32802	0.0127913
0.328038	0.0128639
0.328155	0.0128262
0.328245	0.0128268
0.328373	0.0127912
0.328547	0.0127195
0.328714	0.0126725
0.328842	0.0126693
0.328977	0.0126585
0.329079	0.0126749
0.329226	0.0126581
0.329357	0.0126512
0.329489	0.0126454
0.32956	0.0126964
0.329676	0.0127
0.329849	0.0126506
0.330002	0.0126307
0.330092	0.0126663
0.330193	0.0126818
0.330318	0.012677
0.330412	0.0126976
0.330563	0.012661
0.330693	0.0126539
0.330855	0.0126137
0.33097	0.0126237
0.331115	0.0126111
0.331257	0.0125961
0.331396	0.0125908
0.331585	0.0125401
0.331773	0.0125022
0.331992	0.0124428
0.332199	0.0124062
0.332372	0.0124082
0.332568	0.0123867
0.332724	0.0124077
0.332952	0.0123599
0.33314	0.012355
0.333272	0.0123986
0.333511	0.0123409
0.333712	0.0123272
0.333842	0.0123784
0.334007	0.0123882
0.334095	0.0124587
0.334231	0.0124716
0.334357	0.012492
0.334499	0.0124902
0.334588	0.0125338
0.334681	0.0125687
0.334706	0.0126522
0.33462	0.0128181
0.334597	0.0128934
0.334498	0.0130125
0.334415	0.0130928
0.33438	0.0131141
0.334313	0.013159
0.334246	0.0131951
0.334217	0.0131913
0.334144	0.0132228
0.334066	0.0132541
0.333993	0.0132789
0.333828	0.0133821
0.333648	0.0134677
0.333514	0.0134924
0.333382	0.0135132
0.333169	0.0136033
0.333027	0.0136132
0.332922	0.0135818
0.332731	0.0136401
0.332672	0.0135682
0.332495	0.0136133
0.332327	0.0136473
0.332104	0.0137227
0.331993	0.0136794
0.331799	0.0137197
0.331653	0.0137109
0.331419	0.0137864
0.331208	0.0138229
0.331051	0.0138044
0.330777	0.013892
0.33054	0.0139224
0.330281	0.0139705
0.330114	0.0139282
0.329878	0.013955
0.329688	0.0139383
0.32952	0.0139074
0.329315	0.0139192
0.329073	0.0139571
0.328771	0.0140441
0.328625	0.0139737
0.328384	0.0140099
0.328183	0.0139988
0.328067	0.0139179
0.327963	0.0138422
0.327845	0.0137966
0.327728	0.0137614
0.32757	0.0137692
0.327532	0.0136713
0.327412	0.0136721
0.327344	0.0136248
0.32725	0.0136126
0.327136	0.0136181
0.327019	0.0136251
0.326982	0.0135585
0.326916	0.0135257
0.326858	0.013501
0.326852	0.0134346
0.326811	0.0134181
0.326863	0.0133245
0.326949	0.0132219
0.326951	0.0132138
0.326942	0.013219
0.326915	0.0132359
0.326963	0.0131826
0.32693	0.013217
0.32701	0.0131411
0.327112	0.0130578
0.327159	0.0130513
0.327243	0.0130101
0.327251	0.0130396
0.327266	0.0130682
0.327327	0.013044
0.327445	0.0129742
0.327556	0.0129275
0.327677	0.0128738
0.327821	0.0128229
0.32794	0.0127941
0.328094	0.012748
0.32827	0.0126896
0.328386	0.0126942
0.328472	0.012727
0.328588	0.0127229
0.32871	0.0127172
0.32889	0.0126572
0.328988	0.0126822
0.329159	0.0126383
0.329297	0.0126357
0.329404	0.0126622
0.329522	0.0126631
0.329647	0.012659
0.329683	0.0127381
0.329754	0.0127674
0.329866	0.0127582
0.33005	0.0126806
0.330192	0.0126571
0.330224	0.0127335
0.330246	0.0128043
0.330354	0.0127841
0.330448	0.0127804
0.330504	0.0128067
0.33055	0.0128443
0.330532	0.0129313
0.330572	0.0129391
0.330638	0.0129227
0.330715	0.0128969
0.330755	0.0129099
0.330813	0.0129054
0.330848	0.0129231
0.330901	0.012918
0.330866	0.0129961
0.330884	0.0130078
0.330915	0.0130034
0.330968	0.0129817
0.331069	0.0129265
0.331131	0.0129116
0.331107	0.0129786
0.33115	0.0129683
0.331171	0.0129886
0.33116	0.0130244
0.331107	0.0130902
0.331063	0.0131381
0.331169	0.0130438
0.331126	0.0130966
0.331108	0.0131182
0.331128	0.0131002
0.331135	0.0130977
0.331169	0.0130726
0.33114	0.0131052
0.331064	0.0131752
0.331033	0.0131848
0.330992	0.0132001
0.330932	0.0132356
0.330928	0.0132132
0.330961	0.0131604
0.331031	0.0130867
0.331085	0.0130489
0.331106	0.0130447
0.331099	0.0130641
0.331082	0.0130909
0.331065	0.01311
0.331114	0.0130684
0.331054	0.0131293
0.331171	0.0130177
0.331179	0.0130325
0.331176	0.0130557
0.331285	0.0129753
0.331263	0.0130306
0.331335	0.0129877
0.33133	0.0130177
0.331374	0.0130006
0.33132	0.0130709
0.331308	0.0130902
0.331287	0.0131119
0.331305	0.0130965
0.331279	0.013121
0.331319	0.0130883
0.33134	0.0130759
0.331219	0.0131923
0.331209	0.0131796
0.331119	0.0132514
0.331145	0.0132013
0.331073	0.0132442
0.331009	0.0132745
0.330964	0.0132817
0.330923	0.0132788
0.330919	0.0132468
0.330856	0.0132766
0.330841	0.0132572
0.330759	0.013301
0.330695	0.0133202
0.330695	0.0132699
0.330682	0.0132467
0.330614	0.0132801
0.330521	0.0133252
0.330527	0.0132781
0.33043	0.013331
0.3304	0.0133112
0.330394	0.0132759
0.330243	0.013373
0.330206	0.0133521
0.330231	0.013284
0.330179	0.0132955
0.330147	0.013288
0.330125	0.0132739
0.330151	0.0132194
0.330064	0.0132776
0.330047	0.0132651
0.330014	0.0132632
0.330017	0.0132277
0.330005	0.0132211
0.329988	0.013213
0.330009	0.0131765
0.330006	0.013171
0.329977	0.0131852
0.329982	0.0131694
0.329973	0.0131665
0.329912	0.0132189
0.329962	0.0131546
0.330012	0.0131073
0.32997	0.0131467
0.329979	0.0131335
0.329896	0.0132032
0.329879	0.0132034
0.329881	0.0131914
0.329901	0.0131589
0.329888	0.0131645
0.329917	0.0131323
0.329935	0.0131194
0.329902	0.0131568
0.329865	0.0131899
0.329892	0.0131509
0.329834	0.0132004
0.329864	0.0131598
0.329842	0.0131738
0.329832	0.0131755
0.329687	0.0132981
0.32967	0.0132761
0.329736	0.0131849
0.329698	0.0132083
0.329666	0.0132225
0.329682	0.0131853
0.329696	0.0131639
0.329648	0.013199
0.329616	0.013216
0.329596	0.0132155
0.329535	0.013255
0.329503	0.0132546
0.329389	0.0133299
0.329323	0.0133517
0.329246	0.013368
0.329206	0.0133532
0.329089	0.0134133
0.329047	0.013392
0.329013	0.0133703
0.328998	0.0133342
0.328988	0.0133013
0.328971	0.0132816
0.328999	0.0132269
0.32899	0.013215
0.328957	0.0132325
0.328889	0.0132681
0.328927	0.0132091
0.328817	0.0132925
0.328874	0.0132114
0.328871	0.013203
0.328838	0.0132235
0.328817	0.0132277
0.32877	0.0132561
0.328685	0.0133084
0.328676	0.0132773
0.32878	0.0131584
0.328817	0.0131264
0.328947	0.0130177
0.329035	0.0129695
0.32921	0.0128585
0.32929	0.0128501
0.329279	0.0129277
0.329374	0.0128949
0.32942	0.0129136
0.329471	0.0129194
0.329514	0.0129379
0.329486	0.0130066
0.329542	0.0129854
0.329676	0.0129048
0.329715	0.0129271
0.329801	0.0128983
0.329866	0.0128919
0.329956	0.0128698
0.329958	0.0129313
0.330025	0.0129181
0.330026	0.0129654
0.330109	0.0129329
0.330115	0.0129778
0.330116	0.0130129
0.330109	0.0130431
0.330162	0.013016
0.330258	0.0129603
0.330321	0.0129438
0.330305	0.0129979
0.330305	0.0130243
0.330364	0.0130014
0.330319	0.0130746
0.33033	0.0130834
0.330413	0.013021
0.330419	0.0130368
0.330413	0.0130669
0.330413	0.0130776
0.330445	0.0130586
0.330433	0.0130828
0.330393	0.0131292
0.330444	0.0130874
0.330419	0.0131226
0.330467	0.0130798
0.330492	0.0130714
0.330489	0.0130876
0.330554	0.0130406
0.330618	0.0130061
0.330629	0.0130255
0.330624	0.0130468
0.330646	0.0130423
0.33075	0.0129676
0.330839	0.0129238
0.330893	0.0129169
0.330965	0.0128984
0.331007	0.0129088
0.330997	0.0129614
0.33105	0.0129496
0.331078	0.0129605
0.331212	0.0128765
0.331341	0.0128174
0.331321	0.0129061
0.331375	0.0129074
0.331405	0.0129256
0.331492	0.0128922
0.331557	0.012885
0.331506	0.012983
0.331516	0.0129988
0.331503	0.0130331
0.331497	0.0130553
0.331513	0.0130524
0.331596	0.0129904
0.331644	0.0129738
0.331629	0.013018
0.331581	0.013082
0.33162	0.0130562
0.331638	0.0130561
0.331618	0.013084
0.331556	0.0131463
0.331517	0.0131716
0.331441	0.0132258
0.331467	0.0131756
0.331451	0.0131749
0.331348	0.0132515
0.331251	0.0133089
0.331167	0.013339
0.33111	0.0133364
0.33107	0.0133248
0.331018	0.0133279
0.330961	0.0133293
0.330916	0.0133213
0.330809	0.0133702
0.33082	0.0133057
0.330688	0.0133806
0.330524	0.0134664
0.330483	0.0134217
0.330393	0.0134328
0.330281	0.0134633
0.330117	0.0135349
0.330073	0.0134861
0.330029	0.0134485
0.329935	0.0134648
0.32982	0.0135015
0.329772	0.0134648
0.329732	0.0134307
0.329695	0.0133967
0.329679	0.0133573
0.32967	0.0133182
0.329655	0.0132904
0.329547	0.0133541
0.329484	0.0133642
0.329356	0.0134291
0.329381	0.013344
0.329338	0.0133351
0.329362	0.0132696
0.329369	0.013236
0.329335	0.0132447
0.329288	0.0132618
0.329227	0.0132908
0.329221	0.0132653
0.32924	0.0132225
0.329271	0.0131804
0.32929	0.0131578
0.32939	0.0130666
0.329418	0.0130631
0.329472	0.0130393
0.329498	0.0130415
0.329559	0.013012
0.329587	0.0130186
0.329589	0.013049
0.329534	0.0131195
0.32954	0.0131222
0.3296	0.0130725
0.329664	0.0130271
0.329621	0.0130873
0.329628	0.0130922
0.32962	0.0131088
0.329584	0.0131528
0.329558	0.0131736
0.329568	0.013156
0.329595	0.0131313
0.329689	0.0130505
0.329723	0.0130432
0.329783	0.0130112
0.329794	0.0130326
0.329808	0.013044
0.329777	0.0130929
0.329825	0.0130598
0.329761	0.0131394
0.329732	0.0131633
0.329692	0.0131928
0.329733	0.0131442
0.329717	0.0131602
0.329665	0.0132078
0.329644	0.0132159
0.329644	0.0131982
0.329583	0.0132438
0.329613	0.0131968
0.329533	0.0132568
0.32952	0.0132435
0.329471	0.0132657
0.329501	0.0132114
0.329463	0.0132292
0.329445	0.0132268
0.329431	0.0132256
0.329362	0.0132703
0.329349	0.0132543
0.329358	0.0132244
0.329248	0.0133002
0.329228	0.0132843
0.329182	0.0132977
0.329204	0.0132484
0.329211	0.013222
0.329176	0.0132368
0.329067	0.0133137
0.32896	0.0133734
0.329007	0.0132819
0.329026	0.0132399
0.329036	0.0132154
0.329107	0.013143
0.329223	0.0130472
0.329305	0.0129953
0.329396	0.0129467
0.329466	0.01293
0.329538	0.0129154
0.329601	0.0129073
0.329609	0.0129539
0.32972	0.0128977
0.329717	0.0129559
0.329819	0.0129094
0.329849	0.0129372
0.329875	0.0129607
0.329916	0.0129617
0.329962	0.0129615
0.329989	0.0129723
0.330055	0.0129534
0.330181	0.0128846
0.330199	0.0129266
0.330276	0.0129062
0.330255	0.0129754
0.330298	0.012974
0.330304	0.0130058
0.330267	0.0130665
0.330251	0.0130984
0.330271	0.0130867
0.330275	0.0130879
0.330381	0.0130017
0.330316	0.013087
0.330296	0.0131152
0.330249	0.0131603
0.33024	0.0131615
0.330183	0.0132055
0.330152	0.0132189
0.330089	0.0132507
0.330076	0.0132325
0.330012	0.0132632
0.329964	0.0132781
0.329938	0.0132673
0.329891	0.0132795
0.329867	0.0132697
0.329896	0.0132109
0.329848	0.0132359
0.329747	0.0133052
0.329748	0.0132627
0.329749	0.0132375
0.329647	0.0133137
0.329641	0.0132831
0.329592	0.0132926
0.329569	0.0132811
0.329591	0.0132359
0.329516	0.0132797
0.3295	0.0132666
0.329547	0.0131987
0.329473	0.0132484
0.329429	0.0132638
0.32941	0.0132493
0.329441	0.0131989
0.329439	0.0131873
0.329465	0.0131541
0.329408	0.0132041
0.329382	0.0132128
0.329425	0.0131616
0.329423	0.0131601
0.329413	0.0131658
0.329395	0.013172
0.329353	0.0131997
0.329367	0.0131748
0.329326	0.0132049
0.329343	0.0131745
0.329368	0.0131484
0.329369	0.0131508
0.329369	0.0131529
0.329415	0.0131083
0.329443	0.0130968
0.329468	0.0130946
0.329522	0.0130587
0.329518	0.0130832
0.329532	0.0130854
0.329543	0.013094
0.329578	0.0130762
0.329576	0.0130978
0.329591	0.0130951
0.329547	0.0131465
0.329539	0.0131552
0.329474	0.0132102
0.329468	0.0132021
0.329433	0.0132204
0.329456	0.0131804
0.329443	0.0131848
0.32938	0.0132325
0.329382	0.0132081
0.329372	0.0132007
0.329356	0.0132013
0.329347	0.0131987
0.32935	0.0131863
0.329307	0.0132221
0.32922	0.0132814
0.329233	0.0132425
0.329189	0.0132656
0.329214	0.0132184
0.329229	0.013191
0.329192	0.0132125
0.329253	0.0131468
0.329233	0.0131692
0.329133	0.0132511
0.329149	0.0132133
0.329213	0.0131447
0.329212	0.0131487
0.32917	0.0131876
0.329142	0.0131992
0.329045	0.0132734
0.328963	0.0133178
0.328993	0.0132526
0.329009	0.0132189
0.328929	0.0132762
0.328796	0.0133689
0.328818	0.0133039
0.328816	0.0132757
0.328724	0.0133322
0.328691	0.0133258
0.328706	0.0132807
0.328685	0.013278
0.328645	0.0132886
0.32866	0.0132466
0.328621	0.0132643
0.32862	0.013238
0.328623	0.0132185
0.328617	0.0132076
0.328628	0.0131908
0.328656	0.0131571
0.328655	0.0131599
0.328625	0.0131901
0.328644	0.0131677
0.32869	0.0131246
0.328627	0.013185
0.32871	0.013103
0.328796	0.0130393
0.328873	0.0129989
0.328943	0.0129764
0.329	0.0129701
0.329063	0.012961
0.32908	0.0129873
0.329109	0.0129969
0.329128	0.013018
0.329229	0.0129613
0.32927	0.0129707
0.329277	0.0130091
0.329311	0.0130046
0.32935	0.0130098
0.329352	0.0130413
0.329353	0.0130649
0.329429	0.0130157
0.329543	0.0129445
0.32955	0.0129889
0.329542	0.0130327
0.329551	0.0130466
0.329537	0.0130813
0.329569	0.0130715
0.329528	0.0131256
0.329532	0.0131283
0.329504	0.0131607
0.329484	0.0131756
0.32943	0.013213
0.329438	0.0131888
0.329412	0.0131982
0.32936	0.0132302
0.329387	0.0131886
0.329353	0.0132098
0.32934	0.0132093
0.329389	0.0131541
0.329368	0.013171
0.329352	0.0131799
0.329425	0.0131102
0.329422	0.0131207
0.329475	0.0130807
0.329457	0.01311
0.329436	0.0131394
0.329482	0.0131007
0.329465	0.0131254
0.329517	0.0130826
0.329552	0.0130664
0.329639	0.0130109
0.329656	0.0130272
0.329634	0.013075
0.32966	0.0130654
0.329722	0.0130284
0.32977	0.0130065
0.3298	0.013016
0.329911	0.0129467
0.329919	0.0129822
0.329962	0.012981
0.33001	0.0129777
0.330076	0.0129525
0.330188	0.0128933
0.330283	0.012863
0.330267	0.0129401
0.330293	0.0129601
0.330295	0.0129996
0.330375	0.0129564
0.330465	0.0129162
0.330515	0.0129182
0.330573	0.0129152
0.330666	0.0128798
0.330756	0.0128487
0.330829	0.0128471
0.330844	0.0128926
0.330897	0.0128993
0.330948	0.0129075
0.330983	0.0129248
0.331062	0.0128969
0.331118	0.0128975
0.331106	0.0129585
0.331172	0.0129369
0.331212	0.0129401
0.331282	0.0129163
0.331255	0.0129881
0.331301	0.012975
0.331332	0.0129757
0.331322	0.0130126
0.331353	0.0130017
0.33132	0.0130585
0.331311	0.0130731
0.331293	0.0131013
0.331354	0.0130453
0.331408	0.0130113
0.331456	0.0129928
0.331543	0.0129376
0.331563	0.0129566
0.331573	0.0129827
0.331594	0.0129843
0.331617	0.0129933
0.331641	0.0129952
0.331573	0.0130801
0.331605	0.0130574
0.331491	0.0131678
0.331494	0.0131503
0.331507	0.0131314
0.331513	0.0131251
0.331518	0.0131106
0.331536	0.0130939
0.33154	0.0130923
0.331552	0.0130808
0.331563	0.0130802
0.331532	0.0131127
0.331472	0.0131667
0.331457	0.013171
0.331391	0.0132188
0.331324	0.013249
0.331243	0.0132908
0.331284	0.0132183
0.33126	0.0132172
0.331191	0.0132519
0.331136	0.0132694
0.331068	0.0132994
0.331061	0.0132655
0.330957	0.0133244
0.330875	0.0133515
0.330864	0.0133087
0.330743	0.0133714
0.33064	0.0134078
0.330602	0.013376
0.330452	0.0134527
0.33031	0.0135037
0.330175	0.0135394
0.330023	0.0135788
0.329928	0.0135654
0.329848	0.0135386
0.329706	0.0135776
0.329595	0.0135793
0.329496	0.0135653
0.329334	0.0136196
0.329194	0.0136372
0.329024	0.0136765
0.328934	0.0136384
0.328861	0.0135922
0.328795	0.0135521
0.328742	0.0135138
0.328689	0.0134821
0.32872	0.0133879
0.328657	0.0133869
0.328615	0.0133732
0.328583	0.0133546
0.328522	0.0133663
0.328531	0.0133122
0.328605	0.0132088
0.328627	0.01318
0.328617	0.0131811
0.328641	0.0131546
0.328645	0.0131508
0.328584	0.0132104
0.328684	0.0131064
0.328659	0.0131452
0.32869	0.0131197
0.328773	0.0130532
0.328762	0.0130849
0.328846	0.0130296
0.328941	0.0129717
0.329055	0.0129148
0.329133	0.0128988
0.329207	0.0128911
0.329313	0.0128583
0.329296	0.0129393
0.329343	0.0129475
0.329396	0.012947
0.329476	0.0129185
0.329525	0.0129238
0.329633	0.0128773
0.329754	0.0128299
0.329937	0.0127355
0.330062	0.0127145
0.330146	0.0127392
0.330237	0.0127443
0.330347	0.0127325
0.330476	0.012706
0.330568	0.0127222
0.330765	0.0126372
0.330784	0.0127297
0.330953	0.0126666
0.331079	0.0126582
0.331173	0.0126796
0.331175	0.0127787
0.331278	0.0127612
0.331285	0.0128399
0.331339	0.0128513
0.331414	0.0128468
0.331501	0.0128321
0.331546	0.0128551
0.331545	0.0129128
0.33163	0.0128819
0.33165	0.0129199
0.331628	0.0129809
0.331607	0.0130305
0.33163	0.0130281
0.331609	0.0130624
0.331678	0.0130114
0.331639	0.0130656
0.3316	0.013102
0.331539	0.013156
0.331556	0.0131343
0.331466	0.0132057
0.331435	0.0132099
0.331356	0.0132566
0.331336	0.0132443
0.331205	0.0133314
0.331113	0.0133651
0.33105	0.0133678
0.330962	0.013389
0.330837	0.0134412
0.330839	0.01337
0.33074	0.0133967
0.330652	0.0134122
0.330561	0.0134299
0.330369	0.0135281
0.330262	0.0135322
0.330177	0.0135165
0.329938	0.0136435
0.329798	0.013653
0.329698	0.0136251
0.329482	0.0137045
0.329383	0.0136641
0.329254	0.0136617
0.329119	0.0136673
0.329016	0.0136424
0.328946	0.0135953
0.328796	0.0136342
0.328599	0.0137033
0.328438	0.0137247
0.328339	0.0136866
0.328259	0.0136421
0.328163	0.0136214
0.328097	0.0135768
0.328017	0.0135631
0.327965	0.0135236
0.327921	0.0134835
0.327826	0.0134985
0.327789	0.0134617
0.327817	0.0133743
0.327796	0.0133461
0.327736	0.0133599
0.327738	0.0133141
0.327762	0.013258
0.327777	0.0132279
0.327827	0.0131776
0.3279	0.013112
0.327868	0.0131574
0.32793	0.0131084
0.328093	0.0129772
0.32819	0.0129311
0.328256	0.0129263
0.328322	0.0129221
0.328454	0.0128602
0.328547	0.012848
0.328609	0.0128645
0.328718	0.0128385
0.328869	0.0127779
0.329004	0.0127437
0.32915	0.0127095
0.329261	0.0127157
0.329451	0.0126443
0.329622	0.0126034
0.329708	0.0126501
0.329788	0.0126879
0.329934	0.0126594
0.330088	0.0126304
0.33033	0.0125311
0.33046	0.0125443
0.330631	0.0125244
0.330809	0.0125006
0.330996	0.0124709
0.331086	0.0125355
0.331306	0.0124728
0.331466	0.0124733
0.331578	0.0125191
0.331669	0.0125694
0.331746	0.0126229
0.331889	0.0125994
0.331996	0.0126213
0.332153	0.0125842
0.332181	0.0126719
0.332393	0.0125776
0.332507	0.0125956
0.332641	0.0125903
0.332767	0.0125864
0.332824	0.0126469
0.332874	0.012701
0.3329	0.012766
0.332944	0.0128008
0.333058	0.0127678
0.333098	0.0128086
0.333073	0.012891
0.333135	0.0128806
0.333182	0.0128787
0.333139	0.012966
0.333187	0.0129481
0.333212	0.0129528
0.333237	0.0129594
0.333225	0.0129974
0.333237	0.0130091
0.333261	0.0130028
0.333135	0.0131275
0.333151	0.0131046
0.333073	0.0131684
0.33307	0.0131457
0.333063	0.0131374
0.332981	0.0131987
0.332921	0.0132245
0.332807	0.0132947
0.332755	0.0132927
0.332635	0.0133465
0.33247	0.0134339
0.332244	0.0135495
0.332127	0.01355
0.331975	0.0135776
0.331868	0.0135652
0.331767	0.01355
0.331549	0.0136386
0.331446	0.0136098
0.331286	0.0136451
0.331128	0.0136675
0.330988	0.0136724
0.330824	0.0136931
0.330675	0.0136974
0.330552	0.0136769
0.330399	0.0136863
0.330217	0.0137208
0.330027	0.0137601
0.329848	0.0137758
0.329694	0.0137702
0.329486	0.0138165
0.329382	0.0137531
0.329255	0.0137345
0.329151	0.0136901
0.328909	0.0137845
0.328801	0.0137381
0.328725	0.0136743
0.328626	0.0136472
0.32861	0.0135497
0.328525	0.0135357
0.328466	0.0135057
0.328351	0.0135304
0.328315	0.0134801
0.328234	0.0134788
0.328116	0.0135145
0.328071	0.013482
0.328046	0.0134336
0.327967	0.013442
0.327962	0.0133874
0.327876	0.0134151
0.327817	0.0134133
0.327686	0.0134752
0.327659	0.0134302
0.327656	0.0133761
0.327642	0.0133468
0.327634	0.0133168
0.327605	0.0133109
0.327584	0.0132996
0.327646	0.013217
0.327629	0.0132181
0.327665	0.0131753
0.32767	0.0131731
0.32767	0.0131763
0.327604	0.013234
0.327513	0.0133029
0.3275	0.013289
0.32748	0.0132867
0.327411	0.0133222
0.327443	0.013263
0.327536	0.0131655
0.327532	0.0131741
0.327569	0.0131453
0.327626	0.013107
0.327666	0.0130848
0.327682	0.0130921
0.327723	0.0130753
0.327836	0.0130001
0.327886	0.0129949
0.327983	0.0129488
0.328072	0.0129201
0.32813	0.0129273
0.328213	0.0129102
0.328284	0.0129041
0.32831	0.0129372
0.328407	0.0129009
0.328412	0.0129535
0.328541	0.0128827
0.328608	0.012894
0.328695	0.0128747
0.328801	0.0128487
0.328831	0.0128894
0.329009	0.012792
0.329195	0.0127135
0.329379	0.0126511
0.329449	0.0127005
0.329566	0.0126989
0.329716	0.012665
0.32982	0.0126822
0.32989	0.012723
0.329957	0.0127576
0.330067	0.0127469
0.330221	0.0126954
0.330375	0.0126591
0.330449	0.0127045
0.330587	0.0126785
0.330687	0.012686
0.330731	0.012748
0.330853	0.0127275
0.330992	0.0126932
0.331051	0.0127336
0.331133	0.0127488
0.331163	0.0128078
0.331213	0.0128332
0.331319	0.0128001
0.33136	0.0128285
0.331409	0.0128496
0.331423	0.0128972
0.331459	0.0129092
0.331451	0.0129647
0.331496	0.0129554
0.331511	0.0129766
0.331441	0.0130627
0.331388	0.0131199
0.331386	0.0131205
0.331351	0.0131477
0.331341	0.0131457
0.331284	0.0131873
0.331252	0.0131971
0.331266	0.0131641
0.331244	0.0131734
0.331163	0.0132298
0.331091	0.013267
0.331051	0.0132689
0.331055	0.0132315
0.330981	0.0132744
0.330961	0.0132555
0.330867	0.0133065
0.330786	0.0133376
0.330686	0.0133814
0.330673	0.0133336
0.330683	0.013281
0.330642	0.0132834
0.330529	0.0133492
0.330541	0.0132889
0.330563	0.0132322
0.330511	0.0132572
0.330523	0.0132155
0.33054	0.0131783
0.330499	0.0132023
0.330521	0.0131659
0.330526	0.0131531
0.33051	0.0131601
0.330494	0.0131691
0.330502	0.0131537
0.330518	0.0131345
0.330529	0.0131237
0.330519	0.0131348
0.330599	0.0130599
0.330576	0.0130931
0.330589	0.0130886
0.330554	0.0131274
0.330558	0.0131238
0.330506	0.013171
0.330484	0.01318
0.330501	0.0131536
0.330463	0.0131796
0.330417	0.0132118
0.330404	0.0132016
0.330435	0.0131583
0.330472	0.013116
0.330506	0.0130843
0.330543	0.0130598
0.330511	0.0131012
0.330564	0.0130603
0.330623	0.0130252
0.330644	0.0130259
0.330618	0.0130741
0.330657	0.0130504
0.33069	0.0130393
0.330704	0.0130461
0.330723	0.0130484
0.330702	0.0130795
0.330645	0.0131458
0.330623	0.0131604
0.330608	0.0131678
0.33057	0.0131911
0.330461	0.0132726
0.33033	0.0133546
0.330343	0.0132913
0.330279	0.0133116
0.330218	0.0133259
0.33022	0.0132823
0.330207	0.0132594
0.330177	0.0132563
0.330166	0.0132334
0.330108	0.0132641
0.330106	0.0132344
0.330024	0.0132814
0.330036	0.0132399
0.330016	0.0132346
0.330095	0.0131439
0.330078	0.0131557
0.330048	0.0131783
0.330034	0.0131858
0.330013	0.0131927
0.329991	0.0131946
0.330038	0.0131445
0.330004	0.0131734
0.329903	0.0132575
0.329843	0.0132846
0.329806	0.0132849
0.329806	0.0132519
0.329814	0.0132188
0.329789	0.0132247
0.329803	0.0131927
0.329795	0.0131895
0.329815	0.0131605
0.329719	0.0132398
0.329681	0.0132502
0.329643	0.0132603
0.329611	0.0132648
0.329646	0.0132057
0.329533	0.0132869
0.329511	0.0132754
0.329495	0.0132595
0.329446	0.0132776
0.329468	0.0132277
0.329439	0.0132344
0.329413	0.0132371
0.329336	0.0132879
0.329277	0.0133105
0.329201	0.0133398
0.329195	0.0133046
0.329181	0.0132838
0.329206	0.0132307
0.329267	0.0131568
0.329294	0.0131343
0.329277	0.0131582
0.329189	0.013236
0.329196	0.0132137
0.329172	0.0132184
0.329128	0.0132433
0.329145	0.0132049
0.329174	0.0131684
0.329199	0.0131454
0.329223	0.0131252
0.329261	0.0130999
0.329284	0.0130899
0.329371	0.0130262
0.329439	0.0129965
0.329441	0.0130286
0.329438	0.0130541
0.329526	0.0129969
0.329573	0.0129937
0.329546	0.013051
0.32961	0.0130129
0.329507	0.0131357
0.329613	0.0130466
0.329609	0.0130757
0.329584	0.0131134
0.32959	0.0131135
0.329593	0.0131181
0.329576	0.0131371
0.329536	0.0131742
0.329591	0.0131166
0.329666	0.0130591
0.32969	0.0130619
0.32969	0.0130813
0.329707	0.0130787
0.329751	0.0130561
0.329739	0.013091
0.329702	0.0131347
0.329776	0.0130724
0.329826	0.0130439
0.329836	0.0130572
0.329862	0.0130467
0.329933	0.0130099
0.329871	0.0130925
0.329939	0.0130466
0.329955	0.0130542
0.329962	0.0130677
0.330013	0.0130438
0.330053	0.0130272
0.330162	0.0129529
0.330261	0.0129049
0.330395	0.0128338
0.33043	0.0128716
0.33052	0.01285
0.330559	0.01288
0.330598	0.0128995
0.330642	0.0129104
0.330665	0.0129368
0.330657	0.0129885
0.330656	0.0130225
0.330654	0.0130452
0.330789	0.0129424
0.330845	0.0129323
0.330852	0.0129677
0.330877	0.0129783
0.330883	0.012999
0.330885	0.0130271
0.330883	0.013049
0.330825	0.0131171
0.330759	0.0131766
0.330674	0.0132412
0.330628	0.013254
0.330609	0.013242
0.330579	0.0132389
0.330558	0.0132301
0.330586	0.0131859
0.330601	0.013154
0.330594	0.0131535
0.33064	0.0131108
0.330605	0.0131475
0.330506	0.0132309
0.330503	0.0132108
0.33054	0.0131574
0.330487	0.0131966
0.330438	0.0132335
0.330354	0.0132858
0.330286	0.0133141
0.330258	0.0133006
0.330206	0.013312
0.330135	0.0133319
0.330081	0.0133322
0.329983	0.0133757
0.32997	0.0133333
0.329906	0.0133409
0.329833	0.0133586
0.329826	0.0133187
0.329833	0.0132759
0.329822	0.0132597
0.329878	0.0131858
0.329871	0.0131811
0.329878	0.0131687
0.32987	0.0131691
0.329857	0.0131702
0.329844	0.0131737
0.329842	0.0131673
0.32983	0.0131737
0.329856	0.0131457
0.329829	0.0131697
0.329784	0.0132034
0.329705	0.0132618
0.329638	0.0132925
0.329705	0.0131998
0.32967	0.0132177
0.329619	0.0132472
0.329604	0.0132334
0.32949	0.0133101
0.32946	0.0132983
0.329354	0.013358
0.329396	0.0132772
0.329358	0.0132816
0.329248	0.0133549
0.329204	0.0133484
0.32914	0.0133619
0.329098	0.0133515
0.329033	0.0133637
0.328996	0.0133436
0.328914	0.0133748
0.328822	0.0134142
0.328787	0.013385
0.328748	0.0133686
0.328651	0.0134069
0.328604	0.0133915
0.328533	0.0133999
0.328515	0.0133678
0.328545	0.0132976
0.328563	0.0132477
0.328512	0.0132738
0.32847	0.0132895
0.328394	0.0133302
0.328418	0.0132752
0.328411	0.0132556
0.328407	0.0132407
0.328403	0.0132244
0.32837	0.0132425
0.328363	0.0132287
0.328325	0.0132455
0.328377	0.0131868
0.328335	0.013216
0.328311	0.0132204
0.328336	0.0131898
0.328344	0.0131761
0.328399	0.0131254
0.328496	0.0130488
0.328505	0.0130662
0.328582	0.0130234
0.32866	0.0129913
0.328666	0.0130284
0.328703	0.0130268
0.328799	0.0129742
0.328906	0.0129222
0.328959	0.0129295
0.329003	0.0129393
0.329037	0.0129579
0.329063	0.0129754
0.3291	0.0129816
0.329118	0.0130078
0.329121	0.0130344
0.329223	0.0129709
0.329292	0.0129518
0.329339	0.012957
0.329406	0.0129429
0.329472	0.0129325
0.329454	0.0130042
0.329469	0.0130227
0.329559	0.0129719
0.329554	0.0130166
0.329515	0.0130844
0.329548	0.0130699
0.329639	0.0130082
0.329708	0.0129781
0.329771	0.0129632
0.329856	0.0129271
0.329939	0.0128974
0.330014	0.0128856
0.330093	0.0128735
0.330137	0.0128892
0.330215	0.012874
0.330184	0.0129596
0.330292	0.0129028
0.330405	0.012858
0.330462	0.0128667
0.330443	0.012942
0.330483	0.012952
0.33048	0.0129911
0.33051	0.0129965
0.330538	0.0130039
0.330498	0.013066
0.330531	0.0130524
0.330592	0.0130072
0.3307	0.0129381
0.330733	0.0129497
0.330736	0.0129836
0.330774	0.0129812
0.330866	0.012929
0.330946	0.0129004
0.33098	0.0129194
0.331025	0.0129264
0.331061	0.0129394
0.331003	0.0130345
0.331075	0.0129875
0.33112	0.0129809
0.33112	0.0130154
0.331106	0.0130526
0.331154	0.0130234
0.331134	0.013066
0.331096	0.013111
0.331095	0.0131151
0.331108	0.013103
0.33101	0.0131906
0.330997	0.0131834
0.330926	0.013232
0.330928	0.0132047
0.330861	0.0132459
0.33082	0.0132485
0.330724	0.0133083
0.330728	0.013258
0.330738	0.0132207
0.330737	0.0131998
0.330665	0.0132483
0.330605	0.0132754
0.330558	0.0132856
0.330499	0.0133035
0.330458	0.013303
0.330419	0.0132955
0.330363	0.0133094
0.330386	0.0132541
0.330332	0.0132787
0.330303	0.0132746
0.330288	0.013258
0.330226	0.0132822
0.330206	0.0132593
0.330108	0.0133163
0.330082	0.0132988
0.330161	0.0131911
0.330172	0.0131707
0.330172	0.0131615
0.330223	0.013107
0.330192	0.0131382
0.330213	0.0131145
0.330183	0.0131462
0.33004	0.0132737
0.329869	0.013393
0.329846	0.013358
0.329738	0.0134055
0.329548	0.0135132
0.329438	0.01353
0.329372	0.0135035
0.329351	0.0134431
0.329242	0.0134773
0.32914	0.0134934
0.32911	0.0134457
0.328997	0.0134814
0.328815	0.0135684
0.328723	0.0135543
0.328548	0.013614
0.328489	0.0135629
0.328441	0.0135179
0.328355	0.0135212
0.328341	0.0134589
0.328275	0.0134512
0.328233	0.013422
0.328202	0.0133916
0.328163	0.0133801
0.328184	0.0133166
0.328231	0.0132446
0.328235	0.0132221
0.328262	0.0131869
0.328345	0.01311
0.328404	0.0130649
0.328406	0.013081
0.328449	0.0130673
0.32847	0.0130714
0.328465	0.013094
0.328492	0.0130841
0.328539	0.0130648
0.328589	0.0130449
0.328714	0.0129552
0.328654	0.0130587
0.328783	0.0129677
0.328829	0.0129755
0.328902	0.0129561
0.329001	0.0129129
0.329088	0.0128896
0.329194	0.0128524
0.329308	0.012819
0.329379	0.012831
0.329483	0.0128117
0.329567	0.0128129
0.329636	0.0128254
0.329717	0.0128231
0.329821	0.0128005
0.329918	0.0127927
0.329975	0.012825
0.330093	0.0127937
0.33023	0.0127453
0.330297	0.0127704
0.330307	0.0128461
0.330468	0.012766
0.330679	0.0126607
0.330704	0.0127424
0.3308	0.0127443
0.330923	0.01272
0.330963	0.0127744
0.331067	0.0127635
0.331119	0.0128004
0.331231	0.0127724
0.331274	0.0128149
0.331394	0.0127771
0.331453	0.0127974
0.331441	0.0128778
0.33151	0.0128677
0.331516	0.0129183
0.331529	0.0129456
0.331561	0.0129541
0.331619	0.0129374
0.331652	0.0129432
0.331729	0.0129065
0.331728	0.0129463
0.331751	0.0129619
0.331747	0.0129947
0.331813	0.0129629
0.331857	0.0129515
0.3319	0.012947
0.331884	0.0129954
0.331895	0.0130063
0.331921	0.0130057
0.331915	0.0130338
0.331864	0.013093
0.331864	0.0130969
0.331727	0.0132206
0.331698	0.0132238
0.331604	0.0132795
0.331611	0.0132349
0.331597	0.0132224
0.331623	0.0131759
0.331572	0.0132048
0.331455	0.0132788
0.331385	0.0133054
0.331349	0.0132931
0.331249	0.0133413
0.33122	0.0133132
0.331234	0.013252
0.331188	0.0132561
0.331168	0.0132442
0.331106	0.0132725
0.33105	0.013289
0.330916	0.013366
0.330811	0.0134027
0.330685	0.01345
0.33061	0.0134462
0.330547	0.0134324
0.330487	0.0134171
0.330354	0.0134595
0.330247	0.0134786
0.330111	0.0135208
0.329998	0.0135369
0.329911	0.0135285
0.32982	0.013515
0.329737	0.0135035
0.329676	0.0134827
0.32959	0.0134786
0.329482	0.0134989
0.329399	0.0134949
0.329265	0.0135337
0.329232	0.0134819
0.329163	0.0134681
0.329092	0.0134648
0.329038	0.0134444
0.329007	0.0134058
0.329022	0.0133396
0.328995	0.0133273
0.328979	0.0133056
0.328938	0.0133115
0.328895	0.0133154
0.328845	0.0133232
0.328757	0.0133624
0.328717	0.0133545
0.328691	0.013337
0.328674	0.0133113
0.328635	0.0133141
0.32858	0.0133289
0.328578	0.0132912
0.32858	0.0132558
0.328588	0.0132356
0.328554	0.0132492
0.328652	0.0131475
0.328678	0.0131251
0.328687	0.0131282
0.328775	0.0130578
0.328787	0.013073
0.328835	0.0130515
0.328882	0.013035
0.328864	0.0130766
0.328818	0.0131296
0.328859	0.0131001
0.328899	0.0130757
0.328902	0.01309
0.328951	0.0130642
0.328927	0.013109
0.329008	0.0130502
0.329071	0.0130208
0.329223	0.0129173
0.329269	0.0129266
0.329301	0.0129499
0.329409	0.0129008
0.32943	0.0129328
0.329539	0.0128831
0.329548	0.0129349
0.329594	0.0129393
0.329646	0.012939
0.329763	0.0128832
0.329878	0.0128395
0.329937	0.0128592
0.33004	0.0128274
0.330082	0.0128594
0.330161	0.0128516
0.330252	0.0128385
0.330333	0.0128328
0.330426	0.012816
0.330532	0.0127922
0.330595	0.012814
0.330687	0.0128009
0.330743	0.0128225
0.330857	0.012789
0.330972	0.0127611
0.331075	0.0127491
0.33119	0.0127266
0.331246	0.0127677
0.33132	0.0127787
0.331433	0.0127523
0.331527	0.012744
0.331545	0.0128049
0.331621	0.0128036
0.331693	0.0128058
0.331781	0.0127961
0.331824	0.0128289
0.331894	0.0128293
0.332003	0.0127921
0.332004	0.0128646
0.331938	0.0129714
0.332017	0.012932
0.33207	0.0129186
0.332071	0.0129594
0.332098	0.0129677
0.332068	0.0130229
0.332012	0.013086
0.331977	0.0131187
0.331915	0.0131745
0.331837	0.0132282
0.331831	0.013203
0.331842	0.0131702
0.331844	0.013155
0.331756	0.0132191
0.33169	0.0132496
0.331651	0.0132539
0.331524	0.0133308
0.331491	0.0133131
0.331421	0.0133296
0.331322	0.0133692
0.331266	0.0133603
0.331194	0.0133664
0.331126	0.0133677
0.331019	0.0134056
0.330911	0.0134407
0.330783	0.0134821
0.330675	0.0134905
0.330617	0.0134562
0.330551	0.0134411
0.330448	0.0134643
0.330315	0.0135057
0.330247	0.0134855
0.330082	0.0135451
0.329991	0.0135277
0.329933	0.0134897
0.329897	0.0134438
0.329798	0.0134593
0.329763	0.0134155
0.329709	0.0134
0.329626	0.0134171
0.329586	0.0133905
0.329553	0.0133654
0.329511	0.0133492
0.329486	0.0133244
0.329383	0.0133737
0.329362	0.0133405
0.329315	0.0133387
0.329234	0.0133701
0.329256	0.0133048
0.329183	0.0133315
0.329126	0.0133448
0.329083	0.0133405
0.329076	0.013306
0.329037	0.0133037
0.329015	0.0132936
0.328997	0.0132811
0.328998	0.0132545
0.32894	0.0132857
0.328913	0.0132766
0.32891	0.0132482
0.328912	0.0132276
0.328836	0.0132742
0.328831	0.0132504
0.328829	0.0132326
0.328809	0.0132369
0.328736	0.0132863
0.328743	0.0132509
0.328633	0.0133325
0.328662	0.0132705
0.328641	0.0132663
0.328494	0.013369
0.328593	0.0132326
0.328634	0.0131862
0.328661	0.0131589
0.328681	0.0131416
0.328677	0.0131513
0.328743	0.0130941
0.328743	0.0131138
0.328712	0.0131501
0.32876	0.013109
0.32886	0.0130318
0.329012	0.012926
0.329112	0.012891
0.32916	0.0129095
0.329202	0.0129278
0.329183	0.0129981
0.329267	0.0129574
0.329256	0.0130098
0.329261	0.0130363
0.329342	0.0129905
0.329375	0.0129935
0.329458	0.0129584
0.329517	0.0129465
0.329509	0.0130042
0.329487	0.0130567
0.329354	0.0131967
0.329316	0.0132186
0.329343	0.0131777
0.329305	0.0132069
0.32929	0.0132109
0.329273	0.013209
0.32923	0.0132285
0.329207	0.0132316
0.329229	0.0131963
0.329178	0.0132317
0.329166	0.0132226
0.329158	0.013212
0.329158	0.0131984
0.329169	0.0131792
0.329142	0.0131951
0.329054	0.0132634
0.328997	0.0132899
0.329061	0.0132036
0.329107	0.0131516
0.329107	0.0131532
0.329247	0.0130306
0.329223	0.0130786
0.329224	0.0130964
0.329206	0.0131256
0.329238	0.0131018
0.329346	0.0130177
0.32941	0.0129936
0.329518	0.0129346
0.329594	0.0129195
0.329668	0.0129024
0.329759	0.0128745
0.329914	0.012795
0.329993	0.012802
0.330059	0.0128221
0.330205	0.0127653
0.330322	0.0127461
0.330454	0.0127149
0.330489	0.012779
0.330636	0.0127264
0.330722	0.0127416
0.330827	0.01274
0.330947	0.01272
0.330991	0.0127748
0.331107	0.0127453
0.331213	0.0127334
0.331305	0.0127391
0.331389	0.0127465
0.331419	0.0128059
0.331483	0.0128182
0.331499	0.0128701
0.331544	0.0128895
0.331626	0.0128669
0.331616	0.0129323
0.331645	0.0129441
0.331649	0.0129763
0.331699	0.012961
0.331667	0.0130287
0.331732	0.0129861
0.331718	0.0130236
0.331738	0.0130245
0.331691	0.0130815
0.331687	0.01309
0.331727	0.0130567
0.331771	0.0130274
0.331799	0.013022
0.331776	0.0130564
0.331817	0.0130357
0.331947	0.0129387
0.332051	0.0128832
0.332163	0.0128265
0.332213	0.0128471
0.332223	0.012898
0.332372	0.012812
0.332457	0.0128003
0.332585	0.0127471
0.332686	0.0127276
0.332831	0.0126846
0.332944	0.0126718
0.332962	0.0127453
0.333062	0.0127306
0.333083	0.0127895
0.333194	0.0127581
0.33325	0.0127805
0.333257	0.012839
0.333324	0.0128299
0.333304	0.012905
0.333364	0.0128865
0.333348	0.0129389
0.333346	0.0129658
0.333368	0.0129724
0.333404	0.0129614
0.333433	0.0129608
0.333425	0.0129943
0.333465	0.0129716
0.333498	0.012968
0.333452	0.0130306
0.3334	0.0130865
0.333339	0.0131398
0.333344	0.0131182
0.333355	0.0131007
0.333331	0.01311
0.333231	0.0131902
0.333156	0.013231
0.333119	0.0132284
0.333046	0.0132575
0.332912	0.0133332
0.332722	0.013451
0.332609	0.0134683
0.33244	0.0135296
0.332318	0.0135383
0.332219	0.0135244
0.332128	0.0135075
0.331906	0.0136134
0.331738	0.0136537
0.331582	0.013667
0.331366	0.0137315
0.331205	0.0137319
0.330983	0.0137911
0.33079	0.0138033
0.330586	0.0138313
0.330407	0.0138256
0.330216	0.0138388
0.33006	0.0138146
0.329811	0.0138813
0.329643	0.0138609
0.329588	0.0137419
0.329428	0.0137475
0.329237	0.0137799
0.329211	0.0136627
0.329078	0.013667
0.329011	0.0136109
0.328889	0.0136213
0.328745	0.0136428
0.328649	0.0136176
0.328581	0.0135789
0.328394	0.0136546
0.328323	0.0136074
0.328318	0.0135127
0.328277	0.0134713
0.328231	0.0134389
0.328202	0.0134032
0.328211	0.0133436
0.328173	0.0133374
0.328166	0.0133055
0.328127	0.0133095
0.328104	0.0132997
0.328084	0.0132867
0.328063	0.0132814
0.328074	0.0132451
0.328049	0.0132492
0.328056	0.0132291
0.328038	0.0132329
0.328141	0.0131321
0.328216	0.0130766
0.328239	0.0130712
0.328262	0.0130778
0.328294	0.0130722
0.328306	0.013084
0.328299	0.0131125
0.328324	0.0131056
0.328325	0.0131157
0.328404	0.0130582
0.32837	0.0131153
0.328422	0.0130805
0.32851	0.0130264
0.328589	0.0129898
0.328675	0.0129519
0.328719	0.0129601
0.328833	0.0129103
0.328937	0.0128783
0.328932	0.0129474
0.328965	0.0129693
0.328977	0.0130039
0.329009	0.0130077
0.328996	0.0130545
0.329051	0.0130309
0.329121	0.0129992
0.329245	0.0129222
0.329347	0.0128824
0.329457	0.0128448
0.329584	0.0128015
0.329771	0.012713
0.32985	0.0127434
0.329942	0.0127507
0.329976	0.01281
0.33006	0.0128122
0.330176	0.0127885
0.330286	0.0127682
0.330418	0.0127324
0.330486	0.0127616
0.330626	0.0127207
0.330744	0.0127083
0.330834	0.012718
0.330956	0.0127052
0.331008	0.0127503
0.331083	0.0127697
0.331137	0.0128001
0.331237	0.0127795
0.331269	0.012823
0.331375	0.0127918
0.331358	0.0128719
0.331407	0.0128805
0.331514	0.0128391
0.331566	0.0128545
0.331611	0.0128689
0.331699	0.0128465
0.331738	0.0128733
0.331761	0.0129046
0.331801	0.0129174
0.331793	0.0129694
0.331786	0.0130081
0.331758	0.0130497
0.331749	0.0130732
0.331732	0.0130973
0.331655	0.0131677
0.331557	0.0132471
0.331474	0.0132929
0.331455	0.0132724
0.331385	0.0133001
0.331307	0.0133272
0.331273	0.0133053
0.331252	0.013283
0.33114	0.0133442
0.331032	0.0133878
0.330875	0.013468
0.330773	0.0134784
0.330685	0.0134763
0.33057	0.0135006
0.33054	0.013443
0.330457	0.0134443
0.330368	0.0134521
0.330362	0.0133846
0.330218	0.0134534
0.330067	0.0135117
0.329931	0.0135474
0.329781	0.0135914
0.329664	0.0135907
0.329556	0.0135834
0.329467	0.01356
0.329292	0.0136203
0.329062	0.0137193
0.328886	0.0137476
0.328721	0.0137634
0.328568	0.0137623
0.328455	0.0137267
0.328339	0.0137009
0.328199	0.0137033
0.328034	0.0137321
0.327869	0.0137507
0.327739	0.0137331
0.327579	0.0137534
0.327449	0.0137454
0.327319	0.0137409
0.327239	0.0136887
0.327107	0.013689
0.326982	0.0136873
0.32685	0.0136903
0.326732	0.0136851
0.326544	0.0137391
0.326478	0.0136795
0.326349	0.0136898
0.326415	0.0135211
0.326377	0.0134863
0.326227	0.0135596
0.326165	0.0135371
0.32612	0.0134971
0.326063	0.0134828
0.325975	0.0134981
0.325879	0.0135196
0.325855	0.0134728
0.325858	0.0134118
0.325831	0.0133933
0.325795	0.0133866
0.325793	0.0133502
0.325879	0.0132477
0.325954	0.0131778
0.326029	0.0131226
0.326153	0.0130331
0.326312	0.0129298
0.326384	0.0129283
0.326471	0.0129168
0.326562	0.0128994
0.326682	0.0128583
0.326726	0.0128992
0.326727	0.0129668
0.326793	0.0129592
0.326862	0.0129533
0.326949	0.0129312
0.326933	0.0130053
0.326999	0.0129916
0.327102	0.0129432
0.327205	0.0129066
0.327223	0.012957
0.327268	0.0129693
0.327359	0.0129371
0.32743	0.012926
0.327574	0.0128579
0.327693	0.0128318
0.327795	0.0128221
0.327895	0.0128097
0.328136	0.0126793
0.328326	0.0126208
0.32843	0.0126526
0.328548	0.0126607
0.328642	0.0126885
0.328758	0.0126944
0.328888	0.0126847
0.32903	0.0126685
0.329197	0.0126317
0.329295	0.0126607
0.32941	0.0126662
0.329535	0.0126664
0.329682	0.0126414
0.32975	0.0126941
0.329868	0.0126934
0.32998	0.0126962
0.330091	0.0126982
0.330286	0.012624
0.330431	0.0126071
0.33056	0.0126079
0.330689	0.0126149
0.330809	0.0126254
0.330934	0.0126242
0.331073	0.012611
0.33128	0.012546
0.331467	0.0125153
0.331576	0.0125528
0.331723	0.0125476
0.331841	0.0125713
0.33201	0.0125407
0.332186	0.0125099
0.332358	0.0124914
0.332531	0.0124761
0.332691	0.0124699
0.332778	0.0125317
0.332828	0.0126133
0.332836	0.0127095
0.332923	0.0127138
0.333027	0.0127037
0.333053	0.012764
0.333118	0.0127744
0.333089	0.012868
0.333122	0.0128855
0.33315	0.012904
0.333085	0.0130028
0.333002	0.0130912
0.332965	0.0131232
0.332896	0.0131725
0.332863	0.0131804
0.332871	0.0131505
0.332772	0.0132199
0.332749	0.0132141
0.332699	0.0132271
0.332633	0.0132547
0.332534	0.0133053
0.332503	0.0132834
0.33241	0.0133206
0.332306	0.0133598
0.332212	0.0133816
0.332154	0.0133715
0.332	0.0134414
0.331902	0.013445
0.331809	0.0134475
0.331714	0.013449
0.331623	0.013452
0.331529	0.013459
0.331413	0.0134875
0.331361	0.0134525
0.331263	0.0134644
0.331167	0.0134692
0.331115	0.0134354
0.330952	0.0135065
0.330807	0.0135435
0.330685	0.0135594
0.330607	0.0135249
0.33045	0.0135708
0.330279	0.013623
0.330201	0.0135843
0.330135	0.0135455
0.330029	0.0135438
0.329947	0.0135246
0.329855	0.0135195
0.329791	0.0134866
0.329725	0.0134678
0.329742	0.0133798
0.329658	0.0134048
0.329572	0.0134205
0.329432	0.0134865
0.329336	0.0134935
0.329215	0.0135277
0.329168	0.0134857
0.329034	0.0135293
0.32896	0.0135081
0.328828	0.0135472
0.328849	0.0134404
0.328826	0.013393
0.328738	0.0134194
0.328776	0.013328
0.328791	0.013276
0.328846	0.0131994
0.328854	0.0131834
0.328857	0.01318
0.328899	0.013135
0.328866	0.0131681
0.328881	0.0131565
0.328935	0.013109
0.329028	0.0130401
0.329088	0.0130155
0.329148	0.0129968
0.329187	0.0129985
0.329212	0.0130125
0.329206	0.0130553
0.329186	0.0130979
0.329197	0.0130978
0.329155	0.0131466
0.329284	0.0130392
0.329284	0.0130644
0.329332	0.0130442
0.329359	0.0130455
0.329361	0.013069
0.329359	0.013089
0.329354	0.0131087
0.329333	0.0131378
0.329275	0.0131948
0.329366	0.013105
0.329326	0.013155
0.329367	0.0131179
0.329345	0.0131427
0.329359	0.013132
0.329331	0.0131603
0.329418	0.0130821
0.329421	0.0130931
0.329432	0.0130964
0.329437	0.0131043
0.329409	0.0131437
0.329427	0.0131293
0.329402	0.0131492
0.329404	0.0131471
0.329451	0.0131077
0.329581	0.0130019
0.329619	0.0130015
0.329691	0.0129698
0.329786	0.0129249
0.329864	0.0129042
0.329962	0.0128744
0.330068	0.0128348
0.33019	0.0127972
0.330234	0.012837
0.330341	0.0128076
0.330353	0.0128655
0.330509	0.0127889
0.330538	0.0128401
0.330607	0.0128441
0.330654	0.0128565
0.330741	0.0128381
0.330819	0.0128293
0.330874	0.0128462
0.330935	0.012853
0.330963	0.0128867
0.330979	0.0129267
0.331112	0.0128521
0.331152	0.012875
0.33112	0.0129498
0.33113	0.0129788
0.33123	0.0129196
0.331294	0.0129054
0.331329	0.0129222
0.331402	0.0128996
0.331468	0.0128929
0.331487	0.0129276
0.331548	0.0129159
0.331616	0.0129002
0.331611	0.0129509
0.331619	0.0129809
0.331603	0.0130219
0.331663	0.0129912
0.331729	0.0129599
0.33175	0.0129743
0.331723	0.0130304
0.331757	0.0130155
0.331819	0.0129797
0.331824	0.0130013
0.331818	0.0130276
0.331806	0.0130579
0.331742	0.0131268
0.331701	0.0131618
0.331722	0.0131234
0.331654	0.0131802
0.331642	0.0131776
0.331642	0.0131622
0.331712	0.0130851
0.331578	0.0132074
0.331532	0.0132275
0.331483	0.0132439
0.331388	0.0133007
0.331318	0.0133124
0.331224	0.0133542
0.331169	0.0133463
0.33105	0.013398
0.33092	0.0134525
0.330862	0.013428
0.330763	0.0134483
0.330668	0.0134565
0.330533	0.0135017
0.330375	0.0135547
0.330255	0.0135661
0.330135	0.0135717
0.330032	0.0135597
0.329849	0.0136252
0.329811	0.0135483
0.329659	0.0135899
0.329512	0.0136179
0.329452	0.0135661
0.329329	0.0135806
0.329177	0.0136191
0.329016	0.0136612
0.328914	0.0136409
0.328853	0.0135863
0.328766	0.0135701
0.328637	0.0135957
0.328522	0.0135996
0.328378	0.0136275
0.328346	0.0135488
0.328226	0.0135707
0.328151	0.0135458
0.328072	0.0135366
0.328064	0.0134633
0.327966	0.0134861
0.327885	0.0134884
0.327806	0.01349
0.327803	0.0134174
0.327687	0.0134618
0.327598	0.0134832
0.327544	0.0134613
0.327478	0.0134583
0.327566	0.0133197
0.327606	0.0132487
0.327609	0.0132322
0.327647	0.0131864
0.327635	0.0131977
0.327714	0.0131231
0.327717	0.013131
0.327769	0.013096
0.32785	0.0130419
0.327905	0.013021
0.327955	0.0130078
0.328038	0.0129705
0.328206	0.0128695
0.328325	0.0128332
0.328377	0.0128643
0.328444	0.012878
0.328524	0.0128733
0.328577	0.0128919
0.328759	0.012788
0.328869	0.0127715
0.329009	0.0127362
0.329176	0.0126844
0.329279	0.0127019
0.32942	0.0126786
0.329547	0.0126746
0.329727	0.0126143
0.329864	0.0126109
0.329979	0.0126233
0.33015	0.012584
0.330325	0.0125587
0.330437	0.0125868
0.330683	0.0124925
0.330846	0.0124918
0.331001	0.0124971
0.331158	0.0125039
0.33133	0.0124896
0.331416	0.0125539
0.331513	0.0125932
0.331623	0.0126083
0.331769	0.0125922
0.331835	0.0126527
0.331833	0.0127535
0.331899	0.0127742
0.331974	0.0127806
0.331982	0.0128454
0.3321	0.0127953
0.332225	0.012756
0.332254	0.0128077
0.332253	0.0128727
0.332275	0.0129001
0.332303	0.0129174
0.332309	0.0129518
0.332343	0.012956
0.332268	0.0130576
0.332271	0.0130625
0.332299	0.0130542
0.332315	0.0130488
0.33229	0.0130829
0.332196	0.013174
0.332142	0.0132058
0.332007	0.0132959
0.331973	0.0132772
0.331909	0.0132939
0.331814	0.0133325
0.331693	0.0133878
0.331526	0.0134724
0.33146	0.0134515
0.331392	0.0134356
0.331284	0.0134566
0.33112	0.0135209
0.330926	0.0135972
0.330796	0.0136047
0.330572	0.0136926
0.330506	0.0136167
0.33032	0.0136706
0.330144	0.0137013
0.32997	0.0137307
0.329878	0.0136819
0.32972	0.0137009
0.329625	0.0136588
0.329501	0.0136546
0.329342	0.0136881
0.32922	0.013673
0.329132	0.0136346
0.328945	0.0136934
0.328797	0.0137039
0.328628	0.0137276
0.328491	0.0137152
0.328335	0.01373
0.328233	0.0136907
0.328028	0.0137538
0.327873	0.0137595
0.327708	0.0137736
0.32759	0.0137475
0.327412	0.0137794
0.327262	0.0137778
0.327165	0.013731
0.326981	0.0137758
0.326927	0.0136948
0.326814	0.0136847
0.326649	0.013721
0.326511	0.0137257
0.32646	0.0136551
0.326354	0.0136472
0.326261	0.0136323
0.326222	0.013577
0.326199	0.0135118
0.326137	0.0134999
0.326194	0.0133822
0.326161	0.0133733
0.326145	0.0133511
0.326108	0.0133544
0.326071	0.0133587
0.326126	0.0132756
0.326231	0.0131674
0.32637	0.0130548
0.326514	0.0129603
0.326681	0.012872
0.326878	0.0127727
0.327079	0.0126882
0.327224	0.0126722
0.327383	0.0126503
0.327526	0.0126434
0.327672	0.0126353
0.327796	0.0126494
0.327945	0.0126364
0.328137	0.0125855
0.328307	0.0125664
0.328561	0.0124818
0.328689	0.0125251
0.328834	0.0125408
0.328968	0.0125612
0.329121	0.0125567
0.329241	0.0125891
0.329421	0.0125602
0.329564	0.0125677
0.329756	0.01253
0.329902	0.0125375
0.329977	0.0126084
0.33012	0.0126
0.330263	0.0125979
0.330376	0.0126203
0.330497	0.0126328
0.330592	0.0126584
0.330612	0.0127471
0.330767	0.0126969
0.330851	0.0127199
0.330995	0.0126832
0.331086	0.0127065
0.33106	0.0128212
0.331238	0.0127302
0.331332	0.0127311
0.331397	0.0127537
0.331426	0.0128117
0.331533	0.0127869
0.33164	0.0127624
0.331792	0.0127018
0.331842	0.0127504
0.331876	0.0127972
0.331977	0.0127789
0.332068	0.0127714
0.3321	0.012817
0.332047	0.0129276
0.332124	0.0128958
0.332141	0.0129234
0.332235	0.0128812
0.33225	0.0129129
0.332267	0.0129387
0.33224	0.0130012
0.332231	0.0130246
0.332193	0.0130751
0.332217	0.0130573
0.332195	0.0130836
0.332119	0.0131518
0.332042	0.0132073
0.331972	0.013243
0.331854	0.0133122
0.33181	0.0133015
0.331658	0.0133954
0.331518	0.013453
0.331386	0.0134933
0.331273	0.0135077
0.33116	0.0135165
0.331143	0.0134408
0.331045	0.0134481
0.330894	0.0135003
0.330811	0.0134902
0.330624	0.0135735
0.330519	0.0135659
0.330367	0.013603
0.330275	0.0135801
0.330201	0.0135448
0.330141	0.0135103
0.330081	0.0134764
0.330019	0.0134544
0.32998	0.0134193
0.329947	0.0133847
0.329904	0.0133632
0.329764	0.013438
0.329701	0.0134245
0.329653	0.0134054
0.329645	0.0133525
0.329628	0.0133209
0.329586	0.0133162
0.329534	0.0133269
0.329545	0.0132718
0.32953	0.013259
0.329456	0.0132915
0.329369	0.0133321
0.329378	0.013283
0.329314	0.0133093
0.329291	0.0132993
0.329169	0.0133746
0.329149	0.013343
0.329034	0.0134066
0.328942	0.0134317
0.328927	0.0133864
0.328881	0.0133761
0.32877	0.0134227
0.328703	0.0134183
0.328667	0.0133884
0.328557	0.0134405
0.328476	0.0134447
0.328485	0.0133702
0.328492	0.0133182
0.328553	0.0132316
0.328456	0.0133035
0.328392	0.0133319
0.328312	0.0133659
0.328347	0.0132863
0.32831	0.013295
0.328304	0.0132725
0.328316	0.0132368
0.328365	0.0131776
0.328399	0.0131454
0.32835	0.0131896
0.328442	0.0131034
0.328453	0.0131095
0.328465	0.0131115
0.328513	0.0130806
0.328591	0.0130268
0.3286	0.0130507
0.328647	0.0130331
0.328672	0.013042
0.328701	0.0130378
0.328755	0.013026
0.328874	0.0129514
0.328995	0.0128913
0.329082	0.0128749
0.329067	0.0129564
0.329077	0.0129921
0.329179	0.0129345
0.329252	0.0129195
0.329338	0.0128969
0.329404	0.0128981
0.329468	0.0128966
0.329537	0.0128913
0.329709	0.0127952
0.329794	0.0127975
0.329951	0.0127384
0.330109	0.0126907
0.330176	0.0127317
0.330334	0.0126826
0.330385	0.0127393
0.330497	0.0127296
0.330647	0.0126873
0.330713	0.0127264
0.330802	0.0127421
0.330944	0.0126988
0.331016	0.0127294
0.331066	0.0127757
0.331095	0.0128244
0.331095	0.0128914
0.331145	0.0128986
0.331174	0.0129227
0.331112	0.0130242
0.331075	0.0130791
0.331036	0.0131217
0.331013	0.0131431
0.330956	0.0131819
0.330939	0.0131788
0.330891	0.0132074
0.330834	0.0132342
0.330849	0.013202
0.330814	0.0132125
0.33084	0.0131703
0.330802	0.0131937
0.33078	0.0131972
0.330791	0.0131701
0.330723	0.0132183
0.330736	0.0131851
0.330717	0.0131862
0.33059	0.0132826
0.330537	0.0132925
0.330492	0.0132946
0.33043	0.0133122
0.330446	0.0132556
0.330332	0.0133296
0.330255	0.0133503
0.330278	0.0132794
0.330314	0.0132189
0.330338	0.013181
0.3304	0.0131106
0.33043	0.0130866
0.33049	0.0130404
0.330519	0.0130352
0.330532	0.0130435
0.330527	0.0130682
0.33055	0.0130599
0.330564	0.013062
0.330502	0.0131357
0.330391	0.0132323
0.330373	0.0132286
0.330277	0.0132931
0.330264	0.0132687
0.330251	0.0132519
0.330201	0.0132687
0.330147	0.0132866
0.33021	0.0131917
0.330235	0.0131532
0.330235	0.013152
0.330189	0.0131902
0.330074	0.0132815
0.330046	0.0132743
0.330041	0.0132474
0.329944	0.0133086
0.329946	0.0132672
0.32991	0.0132726
0.329843	0.0133052
0.329795	0.0133125
0.329821	0.0132495
0.329748	0.0132927
0.329723	0.0132811
0.329661	0.0133026
0.329588	0.0133306
0.329538	0.0133323
0.329495	0.0133315
0.329418	0.0133548
0.329377	0.0133433
0.329313	0.0133555
0.329242	0.0133755
0.329105	0.013449
0.329069	0.0134139
0.328928	0.0134816
0.328808	0.013514
0.328761	0.0134764
0.328714	0.0134457
0.328664	0.0134276
0.328652	0.0133808
0.328671	0.0133122
0.328667	0.0132807
0.328674	0.0132526
0.328639	0.0132631
0.328657	0.0132303
0.32861	0.0132585
0.328611	0.0132349
0.328625	0.0132046
0.328576	0.0132394
0.328602	0.0132027
0.328695	0.0131114
0.3287	0.0131159
0.328796	0.0130442
0.328778	0.0130913
0.328811	0.0130754
0.328899	0.0130183
0.328984	0.0129752
0.329019	0.0129854
0.329053	0.0129941
0.329154	0.0129426
0.329283	0.0128734
0.329359	0.0128698
0.329396	0.0128952
0.329387	0.0129629
0.329424	0.0129708
0.329493	0.0129489
0.329598	0.0129032
0.329575	0.0129769
0.329643	0.0129553
0.329628	0.0130159
0.329687	0.0129926
0.329764	0.0129607
0.329907	0.0128764
0.330067	0.0127947
0.330084	0.0128573
0.33015	0.0128617
0.330194	0.0128833
0.330226	0.0129145
0.330347	0.012855
0.330435	0.0128396
0.330549	0.012808
0.330604	0.0128302
0.330624	0.0128791
0.330685	0.0128796
0.330743	0.0128832
0.330754	0.0129295
0.330783	0.0129444
0.330825	0.0129473
0.330813	0.0129949
0.330804	0.0130341
0.330856	0.0130058
0.330873	0.0130203
0.330847	0.0130677
0.3308	0.013123
0.330775	0.0131454
0.330758	0.0131543
0.330681	0.0132177
0.330628	0.0132458
0.3306	0.0132466
0.330547	0.0132676
0.330534	0.013248
0.330412	0.0133296
0.330359	0.0133302
0.330264	0.0133698
0.330254	0.0133264
0.330185	0.0133481
0.330152	0.0133253
0.330158	0.0132755
0.330151	0.0132493
0.330129	0.0132462
0.33004	0.013303
0.330047	0.0132583
0.330063	0.0132188
0.330051	0.013209
0.33	0.0132296
0.32998	0.0132271
0.329931	0.0132462
0.329924	0.0132277
0.329906	0.0132247
0.329883	0.0132234
0.329893	0.0131913
0.329851	0.0132178
0.329773	0.0132679
0.329751	0.0132539
0.329759	0.0132161
0.32978	0.0131798
0.329735	0.0132153
0.329847	0.0130984
0.329873	0.0130795
0.329929	0.0130467
0.33004	0.0129721
0.33	0.0130415
0.330088	0.0129874
0.330142	0.0129732
0.33018	0.01298
0.330221	0.012975
0.330192	0.0130353
0.330243	0.0130175
0.330319	0.0129757
0.330365	0.0129697
0.330397	0.0129826
0.330438	0.0129821
0.330553	0.0129136
0.330617	0.0129054
0.330653	0.0129228
0.330625	0.0129915
0.330642	0.0130051
0.33072	0.0129647
0.330716	0.013005
0.330792	0.0129602
0.330781	0.013004
0.330857	0.0129642
0.330815	0.0130394
0.33083	0.0130417
0.330879	0.0130147
0.330965	0.0129668
0.331085	0.0128929
0.331162	0.0128707
0.33121	0.0128848
0.331128	0.0130116
0.331225	0.0129498
0.33123	0.0129832
0.331275	0.0129733
0.331243	0.0130361
0.331275	0.0130244
0.331293	0.0130238
0.331347	0.0129985
0.331363	0.0130083
0.331351	0.0130402
0.33144	0.012977
0.331419	0.0130289
0.331466	0.0130055
0.331489	0.0130111
0.331508	0.0130109
0.331578	0.0129711
0.331627	0.0129574
0.331618	0.0129992
0.331585	0.0130494
0.331608	0.0130378
0.33161	0.0130465
0.331601	0.0130678
0.331636	0.0130459
0.331552	0.0131345
0.331521	0.0131537
0.331533	0.0131286
0.331503	0.0131519
0.3315	0.013143
0.331471	0.0131666
0.331467	0.0131578
0.331433	0.013172
0.331391	0.0131984
0.331333	0.0132309
0.331265	0.0132627
0.331161	0.013318
0.331102	0.0133292
0.331095	0.0132882
0.331051	0.0132882
0.330985	0.0133066
0.330891	0.0133477
0.330774	0.0133985
0.330698	0.0134055
0.33066	0.0133738
0.33062	0.0133487
0.330577	0.013338
0.330512	0.0133499
0.330451	0.0133528
0.330368	0.0133722
0.330308	0.0133707
0.330269	0.0133503
0.330168	0.013389
0.330116	0.0133784
0.330076	0.0133581
0.330055	0.013328
0.330022	0.0133139
0.329994	0.0133004
0.329963	0.0132885
0.329982	0.0132403
0.329911	0.0132793
0.329794	0.0133527
0.32972	0.0133701
0.329673	0.0133584
0.329692	0.0132905
0.329713	0.0132396
0.329685	0.0132452
0.329673	0.0132339
0.329682	0.0132044
0.329691	0.0131796
0.329658	0.0131986
0.329639	0.0132
0.329677	0.0131519
0.329736	0.0130972
0.329747	0.0130928
0.329735	0.0131105
0.329748	0.0131052
0.329744	0.0131202
0.329772	0.0131008
0.329757	0.0131238
0.329735	0.0131484
0.329684	0.0131886
0.329696	0.0131679
0.32976	0.0131038
0.329802	0.0130742
0.329821	0.0130704
0.329896	0.0130194
0.330003	0.012955
0.330019	0.0129826
0.33003	0.0130063
0.33009	0.0129832
0.330056	0.0130491
0.330102	0.0130305
0.330151	0.0130119
0.330274	0.0129297
0.330362	0.0128984
0.330427	0.012891
0.330512	0.0128705
0.330573	0.0128742
0.330654	0.0128622
0.330661	0.0129138
0.330714	0.0129179
0.330718	0.0129603
0.330817	0.0129122
0.330897	0.0128862
0.33094	0.0128999
0.330981	0.0129111
0.330962	0.012975
0.331015	0.012956
0.331059	0.0129572
0.331062	0.0129896
0.331087	0.0129925
0.331096	0.0130106
0.331102	0.0130272
0.331112	0.0130409
0.331076	0.013089
0.331009	0.0131544
0.330925	0.0132193
0.330868	0.0132474
0.330847	0.0132321
0.330842	0.0132156
0.330783	0.0132469
0.330668	0.013319
0.330565	0.0133686
0.330441	0.0134261
0.330255	0.0135257
0.330109	0.0135658
0.330004	0.0135608
0.329877	0.0135752
0.329743	0.0135972
0.32962	0.0136075
0.329557	0.013556
0.329429	0.013578
0.329351	0.0135443
0.329243	0.0135523
0.329083	0.0136055
0.329065	0.0135236
0.329007	0.0134869
0.328952	0.0134618
0.32894	0.013403
0.328949	0.0133416
0.32884	0.0133998
0.328798	0.0133832
0.328814	0.0133232
0.328751	0.0133346
0.328602	0.0134247
0.328518	0.0134384
0.328549	0.0133498
0.328466	0.0133826
0.328475	0.0133281
0.328542	0.0132374
0.328559	0.0132023
0.328577	0.0131802
0.328634	0.0131257
0.328745	0.0130337
0.32882	0.0129996
0.328845	0.0130124
0.328926	0.0129747
0.32893	0.0130155
0.328977	0.0130042
0.329101	0.0129277
0.329228	0.0128654
0.329248	0.0129092
0.329318	0.0129008
0.32945	0.0128443
0.329526	0.0128475
0.329604	0.0128469
0.329698	0.0128251
0.329804	0.0127972
0.329902	0.012789
0.329925	0.0128494
0.330068	0.0127831
0.330138	0.0127986
0.330206	0.0128144
0.330258	0.0128425
0.330349	0.0128259
0.330384	0.0128648
0.330396	0.012911
0.330464	0.0128976
0.330538	0.0128852
0.330629	0.0128587
0.330594	0.012953
0.330552	0.0130276
0.330557	0.0130408
0.330529	0.0130844
0.330608	0.0130234
0.330621	0.0130372
0.330612	0.0130664
0.330637	0.0130567
0.330705	0.0130134
0.330707	0.0130371
0.330777	0.0129921
0.330907	0.0129033
0.331014	0.0128561
0.331088	0.0128496
0.331252	0.0127596
0.331415	0.0126997
0.331401	0.0128013
0.33146	0.0128187
0.331534	0.0128238
0.331618	0.012814
0.331643	0.0128583
0.3317	0.0128661
0.331826	0.0128035
0.331894	0.0128148
0.331971	0.0128088
0.332056	0.0128004
0.332108	0.0128238
0.332158	0.0128415
0.33228	0.012793
0.332326	0.0128127
0.332376	0.0128317
0.33244	0.0128281
0.332386	0.0129349
0.332426	0.0129331
0.332403	0.0129854
0.33239	0.0130197
0.332374	0.0130528
0.332381	0.0130581
0.332339	0.0131018
0.332277	0.013155
0.332224	0.0131873
0.332248	0.0131444
0.332128	0.0132405
0.332081	0.0132487
0.332101	0.0131953
0.332119	0.0131596
0.332135	0.0131317
0.33207	0.0131821
0.332024	0.0132066
0.331937	0.0132583
0.331897	0.0132552
0.331857	0.0132537
0.331845	0.0132292
0.331798	0.0132376
0.331764	0.0132371
0.331738	0.0132316
0.331672	0.0132655
0.331612	0.0132823
0.3315	0.0133401
0.331476	0.0133063
0.331404	0.0133279
0.331324	0.0133444
0.331181	0.0134209
0.331086	0.0134273
0.330902	0.0135191
0.330703	0.0136019
0.330537	0.0136376
0.330457	0.0135919
0.330363	0.0135682
0.330254	0.0135662
0.330169	0.0135462
0.330055	0.0135546
0.330006	0.0135039
0.330004	0.0134253
0.329942	0.0134099
0.329877	0.0134042
0.329857	0.0133654
0.329792	0.0133706
0.329715	0.0133855
0.329643	0.0133891
0.329623	0.013355
0.329551	0.01337
0.329561	0.0133119
0.32945	0.0133702
0.329355	0.0134037
0.329264	0.013426
0.329272	0.0133553
0.329221	0.0133519
0.329192	0.0133335
0.329219	0.0132662
0.329227	0.0132353
0.329155	0.0132817
0.329146	0.0132641
0.329229	0.0131707
0.329285	0.0131128
0.329383	0.0130372
0.32936	0.0130854
0.32941	0.0130556
0.329476	0.0130205
0.329565	0.0129632
0.329536	0.0130306
0.329497	0.013093
0.329528	0.0130769
0.32957	0.0130596
0.329502	0.0131427
0.329544	0.01311
0.329589	0.013075
0.329593	0.013086
0.329623	0.013074
0.329596	0.0131082
0.32958	0.0131296
0.329664	0.0130561
0.329745	0.0130036
0.329711	0.013065
0.329782	0.0130196
0.329831	0.0130058
0.329835	0.0130293
0.329855	0.0130337
0.329957	0.0129654
0.330018	0.0129492
0.330092	0.0129298
0.330199	0.012882
0.330139	0.0129916
0.330209	0.0129639
0.330203	0.0130084
0.33026	0.0129802
0.330301	0.0129755
0.330336	0.0129856
0.330339	0.0130212
0.330346	0.0130403
0.330378	0.0130337
0.33043	0.0130079
0.330579	0.0129074
0.330667	0.0128769
0.33079	0.0128253
0.330805	0.012875
0.330824	0.0129147
0.330837	0.0129523
0.330873	0.0129567
0.330863	0.0130094
0.330844	0.013057
0.330826	0.0130867
0.330848	0.0130783
0.330883	0.0130566
0.330882	0.0130739
0.330941	0.0130337
0.330947	0.0130494
0.331003	0.0130128
0.331026	0.0130187
0.331038	0.0130305
0.331048	0.0130429
0.331145	0.0129727
0.331059	0.0130771
0.331087	0.0130655
0.33115	0.0130165
0.331125	0.0130597
0.331133	0.0130657
0.331179	0.0130324
0.331258	0.0129826
0.331242	0.0130268
0.331239	0.0130465
0.331273	0.0130311
0.331198	0.0131149
0.33125	0.0130686
0.331235	0.0130945
0.331235	0.0130972
0.331279	0.0130638
0.33116	0.0131825
0.331088	0.0132267
0.331071	0.0132189
0.330968	0.0132899
0.330952	0.0132613
0.330823	0.0133424
0.330732	0.0133712
0.330601	0.0134276
0.330514	0.0134394
0.330424	0.0134482
0.330357	0.0134359
0.330259	0.0134607
0.33018	0.0134631
0.330158	0.0134117
0.330057	0.0134355
0.329903	0.0135045
0.329744	0.0135655
0.329694	0.0135101
0.329611	0.0134955
0.329549	0.013469
0.329439	0.0134954
0.32926	0.0135769
0.329129	0.0135967
0.329083	0.0135371
0.328986	0.013531
0.328834	0.0135808
0.328708	0.0135977
0.328611	0.013583
0.328448	0.0136345
0.328403	0.0135675
0.328334	0.013537
0.328272	0.0135095
0.328083	0.0136059
0.327989	0.0135915
0.327924	0.0135606
0.327816	0.013568
0.327726	0.0135598
0.327691	0.0135023
0.327669	0.0134482
0.327682	0.0133745
0.32757	0.0134336
0.327564	0.0133816
0.327633	0.0132765
0.327579	0.0133022
0.327567	0.013286
0.327603	0.0132318
0.327502	0.0133036
0.327569	0.0132221
0.327501	0.0132699
0.327517	0.0132364
0.327551	0.0131946
0.327601	0.0131481
0.327684	0.013079
0.327706	0.013083
0.327807	0.0130172
0.32786	0.0130042
0.327976	0.0129417
0.32807	0.012911
0.328182	0.0128679
0.328255	0.0128733
0.328406	0.0128078
0.328501	0.0128052
0.32859	0.0128097
0.328724	0.0127688
0.328903	0.0127028
0.329063	0.0126635
0.329211	0.0126453
0.329411	0.0125827
0.329527	0.0126053
0.329728	0.0125455
0.329873	0.0125519
0.329914	0.0126469
0.330086	0.0126055
0.330168	0.0126508
0.330305	0.0126393
0.330279	0.012772
0.330395	0.0127509
0.330531	0.0127164
0.330593	0.0127531
0.330629	0.0128045
0.330734	0.0127837
0.330847	0.0127625
0.330899	0.0127948
0.330938	0.0128348
0.330961	0.0128805
0.330999	0.0128995
0.331	0.0129465
0.330996	0.0129858
0.33102	0.0129931
0.331052	0.0129932
0.331082	0.0129929
0.331128	0.0129849
0.331196	0.0129491
0.331279	0.0129097
0.331316	0.0129219
0.331362	0.0129248
0.33137	0.0129608
0.331369	0.0129961
0.331352	0.0130379
0.331336	0.0130649
0.33135	0.0130601
0.331346	0.0130762
0.331368	0.0130643
0.331353	0.0130917
0.331387	0.0130682
0.331372	0.0130874
0.331299	0.0131583
0.331294	0.0131523
0.331276	0.0131601
0.331233	0.0131879
0.331214	0.0131936
0.331194	0.01319
0.331144	0.0132179
0.331083	0.0132532
0.331077	0.0132243
0.331055	0.0132211
0.331047	0.0132041
0.331016	0.0132135
0.330971	0.0132316
0.330864	0.013302
0.330856	0.0132693
0.330842	0.0132458
0.330716	0.0133274
0.330619	0.0133678
0.330562	0.0133663
0.330389	0.0134692
0.330259	0.0135069
0.330127	0.0135366
0.330027	0.0135321
0.329973	0.0134916
0.32983	0.0135397
0.329803	0.0134776
0.329795	0.0134066
0.32968	0.0134505
0.329556	0.0134933
0.329426	0.0135296
0.329309	0.0135499
0.329305	0.013464
0.32917	0.0135122
0.329066	0.0135249
0.329036	0.0134739
0.32896	0.013469
0.328785	0.0135542
0.328734	0.013508
0.328659	0.013495
0.328574	0.0134999
0.328581	0.0134183
0.32851	0.0134207
0.328467	0.0134001
0.328489	0.0133282
0.328407	0.0133684
0.32837	0.0133607
0.328374	0.0133131
0.328387	0.0132693
0.328445	0.0131957
0.328414	0.0132153
0.328504	0.0131266
0.328566	0.0130803
0.328585	0.0130805
0.328616	0.0130741
0.328686	0.0130292
0.328716	0.0130344
0.328698	0.013078
0.328642	0.0131451
0.328684	0.013109
0.328715	0.0130937
0.328719	0.0131117
0.328666	0.0131711
0.328681	0.0131585
0.328753	0.0130952
0.328799	0.0130681
0.328854	0.0130407
0.328892	0.0130313
0.329024	0.0129425
0.329108	0.0129159
0.329184	0.0129037
0.329279	0.0128799
0.329412	0.012821
0.329426	0.0128833
0.329516	0.0128715
0.329578	0.0128816
0.329705	0.0128292
0.329735	0.0128687
0.329911	0.0127763
0.330049	0.0127325
0.330235	0.0126626
0.330295	0.0127108
0.330428	0.0126905
0.330614	0.0126262
0.330774	0.0125997
0.330914	0.0125921
0.331019	0.0126185
0.331144	0.0126178
0.331298	0.0125968
0.331408	0.0126207
0.331437	0.0127051
0.331502	0.0127306
0.331593	0.0127349
0.33165	0.0127669
0.331711	0.0127875
0.331784	0.0127919
0.33184	0.0128166
0.331917	0.0128157
0.331953	0.0128485
0.331959	0.0129031
0.332005	0.0129081
0.332027	0.0129348
0.33211	0.0129002
0.332153	0.0129134
0.332198	0.0129137
0.332196	0.0129524
0.332265	0.0129245
0.332327	0.012908
0.332423	0.0128669
0.332453	0.0128883
0.33241	0.0129705
0.332444	0.0129645
0.332405	0.0130273
0.332403	0.0130443
0.332471	0.0129946
0.332497	0.0129942
0.332482	0.0130287
0.332457	0.0130672
0.332374	0.0131466
0.332312	0.0131887
0.332303	0.0131723
0.332276	0.0131783
0.332198	0.0132308
0.332076	0.0133061
0.332013	0.0133175
0.332034	0.013255
0.332061	0.0131902
0.332015	0.0132122
0.331909	0.0132802
0.331893	0.0132542
0.331813	0.0132935
0.3318	0.0132625
0.331759	0.0132636
0.331779	0.0132142
0.331719	0.0132452
0.331633	0.0132908
0.331596	0.0132813
0.331518	0.0133126
0.331445	0.0133245
0.3313	0.013407
0.331147	0.0134738
0.331062	0.0134744
0.330976	0.0134735
0.330822	0.0135286
0.330713	0.0135311
0.330633	0.0135082
0.330506	0.0135279
0.33037	0.0135593
0.33023	0.0135845
0.330144	0.0135554
0.329983	0.013603
0.329972	0.0135091
0.329884	0.0135024
0.329913	0.0133905
0.329843	0.0133931
0.329818	0.0133622
0.329823	0.0133074
0.329785	0.0133038
0.329718	0.0133261
0.329575	0.0134081
0.329549	0.0133733
0.32948	0.0133849
0.329449	0.0133592
0.329408	0.0133542
0.329388	0.0133296
0.329387	0.013288
0.329402	0.0132417
0.329412	0.013212
0.329391	0.0132204
0.329456	0.0131483
0.329469	0.0131328
0.329466	0.0131368
0.329528	0.0130878
0.329534	0.0130937
0.329604	0.0130359
0.32963	0.0130388
0.329611	0.0130796
0.329667	0.0130455
0.329655	0.0130775
0.329641	0.0131076
0.329654	0.0131057
0.329631	0.0131371
0.32957	0.0131937
0.329584	0.0131696
0.329634	0.0131249
0.329594	0.0131647
0.329566	0.0131867
0.32948	0.0132549
0.329468	0.0132391
0.329503	0.0131886
0.329513	0.0131702
0.329553	0.0131327
0.329564	0.0131266
0.329557	0.013135
0.329549	0.0131429
0.32949	0.0131984
0.329569	0.0131181
0.329607	0.01309
0.329627	0.013084
0.329584	0.013133
0.329576	0.0131452
0.329571	0.0131507
0.32954	0.0131729
0.329519	0.013186
0.329433	0.0132536
0.329422	0.0132417
0.329354	0.0132775
0.329339	0.013263
0.329233	0.0133325
0.329135	0.0133809
0.32914	0.0133266
0.329117	0.0133101
0.328982	0.0133972
0.328993	0.0133366
0.32898	0.0133076
0.328927	0.0133217
0.328928	0.0132854
0.328962	0.0132236
0.329024	0.0131531
0.329005	0.0131685
0.329094	0.0130839
0.329095	0.0130941
0.329077	0.0131266
0.32903	0.0131744
0.329027	0.0131748
0.329072	0.0131298
0.329025	0.0131768
0.328989	0.0131991
0.329036	0.0131461
0.328999	0.0131813
0.328987	0.0131795
0.329025	0.0131392
0.329018	0.0131483
0.32897	0.0131921
0.329025	0.013134
0.328989	0.0131722
0.328937	0.0132158
0.328907	0.0132295
0.328901	0.0132206
0.328884	0.0132195
0.328862	0.013221
0.328925	0.0131527
0.328938	0.0131423
0.328995	0.0130908
0.328966	0.0131338
0.329021	0.0130901
0.329094	0.0130365
0.329094	0.0130626
0.329212	0.0129736
0.329368	0.0128739
0.329436	0.0128815
0.329581	0.0128143
0.329711	0.0127739
0.329779	0.0127955
0.329903	0.0127601
0.33002	0.0127337
0.330077	0.0127733
0.330225	0.012727
0.330408	0.0126555
0.330581	0.0126134
0.330635	0.0126786
0.330722	0.0126987
0.330913	0.012623
0.331069	0.0125964
0.331257	0.0125467
0.331349	0.0125979
0.331517	0.0125583
0.331577	0.0126239
0.331702	0.0126158
0.331845	0.0126012
0.331939	0.01263
0.332025	0.0126618
0.332168	0.0126343
0.3322	0.0127101
0.332215	0.0127792
0.332224	0.0128376
0.332321	0.0128176
0.332366	0.01284
0.332375	0.0128921
0.332332	0.0129723
0.332335	0.0129966
0.332361	0.012997
0.332358	0.0130206
0.332373	0.0130229
0.332408	0.0130059
0.332348	0.0130797
0.33232	0.0131067
0.332335	0.0130873
0.332299	0.0131222
0.332249	0.0131618
0.332238	0.0131556
0.332149	0.0132205
0.332138	0.0132043
0.332145	0.0131738
0.332064	0.0132207
0.332007	0.0132465
0.331903	0.0133064
0.331872	0.0132881
0.331783	0.0133231
0.331734	0.0133182
0.331707	0.0132917
0.33161	0.0133404
0.331597	0.0132958
0.331613	0.0132409
0.331599	0.013223
0.331535	0.0132574
0.331439	0.0133071
0.331388	0.0133101
0.331359	0.0132903
0.331325	0.0132786
0.331289	0.0132717
0.331303	0.0132235
0.33136	0.0131433
0.331336	0.0131608
0.331395	0.0130995
0.331427	0.0130765
0.331431	0.0130856
0.331419	0.0131015
0.331371	0.0131423
0.331387	0.013122
0.331411	0.013097
0.331409	0.0131049
0.331346	0.0131612
0.331326	0.0131672
0.331346	0.0131398
0.331399	0.0130806
0.331471	0.0130286
0.331494	0.0130278
0.331547	0.0129957
0.331542	0.0130277
0.331661	0.0129462
0.331713	0.0129345
0.331657	0.0130203
0.331658	0.013035
0.331611	0.0130923
0.331609	0.0131002
0.331662	0.0130528
0.331638	0.0130902
0.331624	0.0131077
0.331637	0.0130988
0.331574	0.0131578
0.331504	0.0132071
0.331428	0.0132528
0.331373	0.0132714
0.33122	0.0133723
0.331204	0.0133263
0.331201	0.0132746
0.331205	0.0132365
0.331257	0.0131595
0.331127	0.0132635
0.331074	0.013278
0.331037	0.013277
0.330921	0.0133364
0.330806	0.0133882
0.330714	0.0134096
0.330586	0.0134607
0.330498	0.0134664
0.330495	0.0133924
0.330482	0.013343
0.330439	0.0133319
0.330388	0.0133292
0.330412	0.0132579
0.33035	0.0132823
0.330344	0.0132545
0.330315	0.0132519
0.330317	0.0132223
0.330298	0.0132241
0.330261	0.0132363
0.330276	0.0131984
0.330264	0.0131938
0.330258	0.0131842
0.330192	0.0132358
0.330157	0.0132407
0.330099	0.0132701
0.329991	0.0133345
0.330025	0.0132602
0.329953	0.0133006
0.329947	0.0132747
0.329939	0.0132507
0.329962	0.0132057
0.329959	0.0131903
0.330041	0.0131094
0.330063	0.0131002
0.330074	0.013098
0.330031	0.0131436
0.330061	0.0131125
0.330071	0.0131066
0.330095	0.0130892
0.330114	0.0130781
0.330061	0.0131377
0.330004	0.0131841
0.329992	0.0131792
0.330052	0.0131157
0.33001	0.013158
0.330051	0.0131175
0.330081	0.0130938
0.330058	0.0131198
0.33004	0.0131409
0.330049	0.0131353
0.330048	0.0131345
0.33002	0.0131591
0.329989	0.0131834
0.330024	0.0131431
0.329975	0.0131842
0.330049	0.0131102
0.330032	0.0131309
0.329925	0.0132243
0.329842	0.0132768
0.329815	0.0132702
0.32982	0.0132371
0.329847	0.0131914
0.329847	0.01318
0.329876	0.0131418
0.329849	0.0131634
0.329756	0.0132371
0.329695	0.0132668
0.329681	0.0132527
0.329684	0.013224
0.329635	0.0132473
0.329553	0.0132939
0.329552	0.0132662
0.329564	0.0132318
0.329543	0.0132355
0.329561	0.0132042
0.329494	0.0132523
0.32945	0.013265
0.329464	0.0132253
0.32946	0.0132115
0.329472	0.013186
0.329535	0.0131204
0.329546	0.0131178
0.329583	0.0130921
0.329623	0.0130686
0.329623	0.0130855
0.329665	0.0130632
0.329655	0.0130936
0.329725	0.0130415
0.329822	0.0129755
0.329826	0.0130092
0.329869	0.0129977
0.329909	0.0129946
0.329887	0.0130452
0.32993	0.013027
0.329992	0.012997
0.330034	0.0129912
0.330035	0.0130226
0.330131	0.0129634
0.330178	0.0129581
0.330167	0.0130077
0.33023	0.0129803
0.330228	0.0130164
0.330218	0.0130536
0.330272	0.0130236
0.330321	0.0130061
0.330295	0.0130553
0.330332	0.0130401
0.330315	0.0130757
0.330433	0.0129821
0.33046	0.0129957
0.330527	0.0129727
0.330519	0.01301
0.330595	0.0129703
0.330558	0.0130416
0.330487	0.0131243
0.330458	0.0131475
0.330376	0.0132151
0.330314	0.0132494
0.330198	0.0133238
0.330122	0.0133472
0.330062	0.0133489
0.329997	0.0133546
0.329945	0.0133523
0.329831	0.0134009
0.329759	0.0134029
0.329658	0.0134349
0.329612	0.0134046
0.329591	0.013363
0.329516	0.0133845
0.329422	0.0134168
0.329441	0.0133339
0.329453	0.0132896
0.329457	0.0132548
0.329445	0.0132428
0.329462	0.0132082
0.329528	0.0131382
0.329514	0.0131521
0.329495	0.0131633
0.329463	0.0131868
0.329492	0.0131563
0.329487	0.013159
0.329479	0.0131604
0.329578	0.0130655
0.329646	0.0130211
0.329624	0.0130669
0.329582	0.0131175
0.329556	0.0131441
0.329483	0.0132115
0.32947	0.0132052
0.329484	0.0131837
0.32947	0.0131927
0.329462	0.0131926
0.329518	0.0131346
0.329579	0.0130827
0.329633	0.0130529
0.329675	0.013032
0.329771	0.0129743
0.329745	0.0130355
0.329746	0.0130603
0.329719	0.0131051
0.329766	0.0130778
0.329766	0.0130963
0.329809	0.0130683
0.329806	0.0130855
0.329886	0.0130273
0.329872	0.013068
0.329841	0.0131134
0.329848	0.0131174
0.329815	0.0131564
0.329824	0.013145
0.32984	0.0131275
0.329872	0.0131
0.329888	0.0130936
0.32989	0.0131024
0.329965	0.0130414
0.33002	0.0130163
0.33002	0.0130425
0.329948	0.0131294
0.329988	0.0130923
0.330074	0.0130282
0.33009	0.0130404
0.330013	0.0131273
0.32999	0.0131475
0.330031	0.0131097
