0	0.01
1	0.00997196
2	0.0099379
3	0.00989797
4	0.0098523
5	0.00980104
6	0.00974436
7	0.00968243
8	0.00961543
9	0.00954355
10	0.00946699
11	0.00938596
12	0.00930066
13	0.00921131
14	0.00911812
15	0.00902131
16	0.00892111
17	0.00881773
18	0.00871139
19	0.00860233
20	0.00849075
21	0.00837688
22	0.00826092
23	0.0081431
24	0.00802361
25	0.00790267
26	0.00778046
27	0.00765718
28	0.00753302
29	0.00740816
30	0.00728277
31	0.00715702
32	0.00703107
33	0.00690508
34	0.0067792
35	0.00665356
36	0.0065283
37	0.00640355
38	0.00627942
39	0.00615603
40	0.00603349
41	0.00591189
42	0.00579132
43	0.00567188
44	0.00555364
45	0.00543668
46	0.00532105
47	0.00520684
48	0.00509408
49	0.00498284
50	0.00487315
51	0.00476505
52	0.00465859
53	0.00455379
54	0.00445068
55	0.00434928
56	0.00424962
57	0.00415169
58	0.00405552
59	0.00396112
60	0.00386848
61	0.00377761
62	0.00368851
63	0.00360117
64	0.0035156
65	0.00343177
66	0.00334969
67	0.00326933
68	0.00319068
69	0.00311374
70	0.00303848
71	0.00296487
72	0.00289292
73	0.00282258
74	0.00275385
75	0.0026867
76	0.0026211
77	0.00255704
78	0.00249448
79	0.0024334
80	0.00237378
81	0.0023156
82	0.00225882
83	0.00220342
84	0.00214937
85	0.00209665
86	0.00204522
87	0.00199508
88	0.00194618
89	0.0018985
90	0.00185202
91	0.0018067
92	0.00176253
93	0.00171948
94	0.00167752
95	0.00163663
96	0.00159678
97	0.00155796
98	0.00152012
99	0.00148326
100	0.00144734
101	0.00141235
102	0.00137826
103	0.00134505
104	0.0013127
105	0.00128119
106	0.00125049
107	0.00122059
108	0.00119147
109	0.00116309
110	0.00113546
111	0.00110854
112	0.00108232
113	0.00105678
114	0.0010319
115	0.00100767
116	0.000984069
117	0.000961078
118	0.000938683
119	0.000916867
120	0.000895617
121	0.000874915
122	0.000854749
123	0.000835104
124	0.000815965
125	0.00079732
126	0.000779154
127	0.000761456
128	0.000744212
129	0.00072741
130	0.000711039
131	0.000695086
132	0.000679541
133	0.000664393
134	0.00064963
135	0.000635242
136	0.000621219
137	0.000607552
138	0.000594231
139	0.000581245
140	0.000568587
141	0.000556247
142	0.000544217
143	0.000532489
144	0.000521054
145	0.000509904
146	0.000499031
147	0.000488429
148	0.00047809
149	0.000468006
150	0.000458171
151	0.000448579
152	0.000439222
153	0.000430094
154	0.00042119
155	0.000412503
156	0.000404028
157	0.000395758
158	0.000387688
159	0.000379814
160	0.000372129
161	0.000364629
162	0.000357309
163	0.000350163
164	0.000343189
165	0.00033638
166	0.000329733
167	0.000323242
168	0.000316906
169	0.000310718
170	0.000304675
171	0.000298774
172	0.000293011
173	0.000287382
174	0.000281883
175	0.000276512
176	0.000271265
177	0.000266138
178	0.000261129
179	0.000256235
180	0.000251452
181	0.000246778
182	0.00024221
183	0.000237746
184	0.000233382
185	0.000229116
186	0.000224946
187	0.000220869
188	0.000216883
189	0.000212986
190	0.000209175
191	0.000205448
192	0.000201803
193	0.000198238
194	0.000194751
195	0.00019134
196	0.000188003
197	0.000184739
198	0.000181545
199	0.00017842
200	0.000175362
201	0.00017237
202	0.000169441
203	0.000166575
204	0.00016377
205	0.000161023
206	0.000158335
207	0.000155704
208	0.000153127
209	0.000150604
210	0.000148134
211	0.000145715
212	0.000143346
213	0.000141026
214	0.000138753
215	0.000136527
216	0.000134347
217	0.000132211
218	0.000130118
219	0.000128068
220	0.000126058
221	0.00012409
222	0.00012216
223	0.00012027
224	0.000118417
225	0.0001166
226	0.00011482
227	0.000113074
228	0.000111363
229	0.000109686
230	0.000108041
231	0.000106428
232	0.000104846
233	0.000103295
234	0.000101774
235	0.000100282
236	9.88189e-05
237	9.73834e-05
238	9.59753e-05
239	9.45938e-05
240	9.32384e-05
241	9.19086e-05
242	9.06037e-05
243	8.93232e-05
244	8.80666e-05
245	8.68334e-05
246	8.5623e-05
247	8.44349e-05
248	8.32687e-05
249	8.21239e-05
250	8.10001e-05
251	7.98967e-05
252	7.88134e-05
253	7.77496e-05
254	7.67051e-05
255	7.56794e-05
256	7.4672e-05
257	7.36827e-05
258	7.27109e-05
259	7.17565e-05
260	7.08189e-05
261	6.98978e-05
262	6.8993e-05
263	6.8104e-05
264	6.72305e-05
265	6.63722e-05
266	6.55288e-05
267	6.47001e-05
268	6.38856e-05
269	6.30851e-05
270	6.22983e-05
271	6.15249e-05
272	6.07647e-05
273	6.00174e-05
274	5.92827e-05
275	5.85604e-05
276	5.78503e-05
277	5.7152e-05
278	5.64654e-05
279	5.57902e-05
280	5.51262e-05
281	5.44732e-05
282	5.38309e-05
283	5.31992e-05
284	5.25778e-05
285	5.19665e-05
286	5.13652e-05
287	5.07737e-05
288	5.01916e-05
289	4.9619e-05
290	4.90556e-05
291	4.85012e-05
292	4.79556e-05
293	4.74187e-05
294	4.68903e-05
295	4.63702e-05
296	4.58584e-05
297	4.53545e-05
298	4.48586e-05
299	4.43704e-05
300	4.38898e-05
301	4.34166e-05
302	4.29508e-05
303	4.24921e-05
304	4.20404e-05
305	4.15957e-05
306	4.11577e-05
307	4.07265e-05
308	4.03017e-05
309	3.98834e-05
310	3.94713e-05
311	3.90655e-05
312	3.86657e-05
313	3.82719e-05
314	3.78839e-05
315	3.75017e-05
316	3.71252e-05
317	3.67542e-05
318	3.63886e-05
319	3.60284e-05
320	3.56734e-05
321	3.53237e-05
322	3.49789e-05
323	3.46392e-05
324	3.43044e-05
325	3.39744e-05
326	3.36491e-05
327	3.33284e-05
328	3.30123e-05
329	3.27007e-05
330	3.23935e-05
331	3.20907e-05
332	3.17921e-05
333	3.14977e-05
334	3.12074e-05
335	3.09211e-05
336	3.06388e-05
337	3.03605e-05
338	3.0086e-05
339	2.98152e-05
340	2.95482e-05
341	2.92848e-05
342	2.9025e-05
343	2.87687e-05
344	2.8516e-05
345	2.82666e-05
346	2.80206e-05
347	2.77779e-05
348	2.75384e-05
349	2.73022e-05
350	2.7069e-05
351	2.6839e-05
352	2.6612e-05
353	2.63881e-05
354	2.6167e-05
355	2.59489e-05
356	2.57336e-05
357	2.55211e-05
358	2.53114e-05
359	2.51044e-05
360	2.49001e-05
361	2.46984e-05
362	2.44993e-05
363	2.43027e-05
364	2.41087e-05
365	2.39171e-05
366	2.37279e-05
367	2.35412e-05
368	2.33568e-05
369	2.31747e-05
370	2.29949e-05
371	2.28174e-05
372	2.26421e-05
373	2.24689e-05
374	2.22979e-05
375	2.2129e-05
376	2.19622e-05
377	2.17975e-05
378	2.16347e-05
379	2.1474e-05
380	2.13152e-05
381	2.11583e-05
382	2.10034e-05
383	2.08503e-05
384	2.06991e-05
385	2.05496e-05
386	2.0402e-05
387	2.02561e-05
388	2.0112e-05
389	1.99696e-05
390	1.98288e-05
391	1.96898e-05
392	1.95523e-05
393	1.94165e-05
394	1.92823e-05
395	1.91496e-05
396	1.90185e-05
397	1.88889e-05
398	1.87608e-05
399	1.86342e-05
400	1.85091e-05
401	1.83853e-05
402	1.8263e-05
403	1.81421e-05
404	1.80226e-05
405	1.79044e-05
406	1.77876e-05
407	1.76721e-05
408	1.75579e-05
409	1.7445e-05
410	1.73333e-05
411	1.72229e-05
412	1.71137e-05
413	1.70057e-05
414	1.6899e-05
415	1.67934e-05
416	1.66889e-05
417	1.65857e-05
418	1.64835e-05
419	1.63825e-05
420	1.62826e-05
421	1.61837e-05
422	1.6086e-05
423	1.59892e-05
424	1.58936e-05
425	1.57989e-05
426	1.57053e-05
427	1.56127e-05
428	1.55211e-05
429	1.54304e-05
430	1.53407e-05
431	1.5252e-05
432	1.51642e-05
433	1.50773e-05
434	1.49913e-05
435	1.49063e-05
436	1.48221e-05
437	1.47388e-05
438	1.46564e-05
439	1.45748e-05
440	1.44941e-05
441	1.44142e-05
442	1.43351e-05
443	1.42569e-05
444	1.41794e-05
445	1.41027e-05
446	1.40268e-05
447	1.39517e-05
448	1.38774e-05
449	1.38038e-05
450	1.37309e-05
451	1.36588e-05
452	1.35874e-05
453	1.35167e-05
454	1.34467e-05
455	1.33774e-05
456	1.33089e-05
457	1.32409e-05
458	1.31737e-05
459	1.31071e-05
460	1.30412e-05
461	1.29759e-05
462	1.29113e-05
463	1.28473e-05
464	1.27839e-05
465	1.27211e-05
466	1.2659e-05
467	1.25974e-05
468	1.25365e-05
469	1.24761e-05
470	1.24163e-05
471	1.23571e-05
472	1.22985e-05
473	1.22404e-05
474	1.21828e-05
475	1.21258e-05
476	1.20694e-05
477	1.20134e-05
478	1.19581e-05
479	1.19032e-05
480	1.18488e-05
481	1.1795e-05
482	1.17416e-05
483	1.16888e-05
484	1.16364e-05
485	1.15845e-05
486	1.15332e-05
487	1.14822e-05
488	1.14318e-05
489	1.13818e-05
490	1.13323e-05
491	1.12832e-05
492	1.12346e-05
493	1.11864e-05
494	1.11386e-05
495	1.10913e-05
496	1.10444e-05
497	1.0998e-05
498	1.09519e-05
499	1.09063e-05
500	1.08611e-05
501	1.08163e-05
502	1.07718e-05
503	1.07278e-05
504	1.06842e-05
505	1.06409e-05
506	1.05981e-05
507	1.05556e-05
508	1.05135e-05
509	1.04717e-05
510	1.04304e-05
511	1.03893e-05
512	1.03487e-05
513	1.03084e-05
514	1.02684e-05
515	1.02288e-05
516	1.01896e-05
517	1.01506e-05
518	1.01121e-05
519	1.00738e-05
520	1.00359e-05
521	9.99827e-06
522	9.96099e-06
523	9.92402e-06
524	9.88737e-06
525	9.85103e-06
526	9.815e-06
527	9.77928e-06
528	9.74385e-06
529	9.70872e-06
530	9.67389e-06
531	9.63935e-06
532	9.60509e-06
533	9.57113e-06
534	9.53745e-06
535	9.50404e-06
536	9.47092e-06
537	9.43806e-06
538	9.40548e-06
539	9.37317e-06
540	9.34112e-06
541	9.30934e-06
542	9.27782e-06
543	9.24655e-06
544	9.21554e-06
545	9.18479e-06
546	9.15428e-06
547	9.12402e-06
548	9.09401e-06
549	9.06423e-06
550	9.0347e-06
551	9.00541e-06
552	8.97635e-06
553	8.94752e-06
554	8.91893e-06
555	8.89056e-06
556	8.86242e-06
557	8.8345e-06
558	8.8068e-06
559	8.77933e-06
560	8.75207e-06
561	8.72503e-06
562	8.6982e-06
563	8.67158e-06
564	8.64516e-06
565	8.61896e-06
566	8.59296e-06
567	8.56717e-06
568	8.54157e-06
569	8.51617e-06
570	8.49098e-06
571	8.46597e-06
572	8.44116e-06
573	8.41654e-06
574	8.39211e-06
575	8.36787e-06
576	8.34381e-06
577	8.31994e-06
578	8.29625e-06
579	8.27275e-06
580	8.24942e-06
581	8.22626e-06
582	8.20329e-06
583	8.18049e-06
584	8.15786e-06
585	8.1354e-06
586	8.11311e-06
587	8.09099e-06
588	8.06903e-06
589	8.04724e-06
590	8.02561e-06
591	8.00414e-06
592	7.98284e-06
593	7.96169e-06
594	7.9407e-06
595	7.91986e-06
596	7.89918e-06
597	7.87865e-06
598	7.85828e-06
599	7.83805e-06
600	7.81797e-06
601	7.79804e-06
602	7.77826e-06
603	7.75862e-06
604	7.73912e-06
605	7.71977e-06
606	7.70055e-06
607	7.68148e-06
608	7.66254e-06
609	7.64374e-06
610	7.62508e-06
611	7.60655e-06
612	7.58816e-06
613	7.5699e-06
614	7.55177e-06
615	7.53376e-06
616	7.51589e-06
617	7.49815e-06
618	7.48053e-06
619	7.46304e-06
620	7.44567e-06
621	7.42842e-06
622	7.4113e-06
623	7.3943e-06
624	7.37741e-06
625	7.36065e-06
626	7.34401e-06
627	7.32748e-06
628	7.31107e-06
629	7.29477e-06
630	7.27859e-06
631	7.26252e-06
632	7.24656e-06
633	7.23071e-06
634	7.21498e-06
635	7.19935e-06
636	7.18383e-06
637	7.16842e-06
638	7.15311e-06
639	7.13791e-06
640	7.12282e-06
641	7.10783e-06
642	7.09294e-06
643	7.07815e-06
644	7.06347e-06
645	7.04888e-06
646	7.0344e-06
647	7.02001e-06
648	7.00572e-06
649	6.99153e-06
650	6.97743e-06
651	6.96343e-06
652	6.94953e-06
653	6.93572e-06
654	6.922e-06
655	6.90837e-06
656	6.89484e-06
657	6.88139e-06
658	6.86804e-06
659	6.85477e-06
660	6.8416e-06
661	6.82851e-06
662	6.81551e-06
663	6.8026e-06
664	6.78977e-06
665	6.77702e-06
666	6.76437e-06
667	6.75179e-06
668	6.7393e-06
669	6.72689e-06
670	6.71456e-06
671	6.70231e-06
672	6.69015e-06
673	6.67806e-06
674	6.66605e-06
675	6.65412e-06
676	6.64227e-06
677	6.6305e-06
678	6.6188e-06
679	6.60718e-06
680	6.59564e-06
681	6.58416e-06
682	6.57277e-06
683	6.56144e-06
684	6.5502e-06
685	6.53902e-06
686	6.52791e-06
687	6.51688e-06
688	6.50592e-06
689	6.49502e-06
690	6.4842e-06
691	6.47345e-06
692	6.46276e-06
693	6.45215e-06
694	6.4416e-06
695	6.43111e-06
696	6.4207e-06
697	6.41035e-06
698	6.40007e-06
699	6.38985e-06
700	6.37969e-06
701	6.3696e-06
702	6.35958e-06
703	6.34961e-06
704	6.33971e-06
705	6.32987e-06
706	6.3201e-06
707	6.31038e-06
708	6.30073e-06
709	6.29113e-06
710	6.2816e-06
711	6.27212e-06
712	6.26271e-06
713	6.25335e-06
714	6.24405e-06
715	6.23481e-06
716	6.22562e-06
717	6.21649e-06
718	6.20742e-06
719	6.19841e-06
720	6.18945e-06
721	6.18054e-06
722	6.17169e-06
723	6.1629e-06
724	6.15415e-06
725	6.14547e-06
726	6.13683e-06
727	6.12825e-06
728	6.11972e-06
729	6.11124e-06
730	6.10281e-06
731	6.09444e-06
732	6.08611e-06
733	6.07784e-06
734	6.06961e-06
735	6.06144e-06
736	6.05331e-06
737	6.04524e-06
738	6.03721e-06
739	6.02923e-06
740	6.0213e-06
741	6.01342e-06
742	6.00558e-06
743	5.99779e-06
744	5.99005e-06
745	5.98235e-06
746	5.9747e-06
747	5.9671e-06
748	5.95954e-06
749	5.95202e-06
750	5.94455e-06
751	5.93713e-06
752	5.92975e-06
753	5.92241e-06
754	5.91511e-06
755	5.90786e-06
756	5.90065e-06
757	5.89349e-06
758	5.88636e-06
759	5.87928e-06
760	5.87224e-06
761	5.86524e-06
762	5.85828e-06
763	5.85137e-06
764	5.84449e-06
765	5.83765e-06
766	5.83086e-06
767	5.8241e-06
768	5.81738e-06
769	5.8107e-06
770	5.80406e-06
771	5.79746e-06
772	5.7909e-06
773	5.78437e-06
774	5.77788e-06
775	5.77143e-06
776	5.76502e-06
777	5.75864e-06
778	5.7523e-06
779	5.746e-06
780	5.73973e-06
781	5.7335e-06
782	5.72731e-06
783	5.72115e-06
784	5.71503e-06
785	5.70894e-06
786	5.70288e-06
787	5.69686e-06
788	5.69088e-06
789	5.68492e-06
790	5.67901e-06
791	5.67312e-06
792	5.66727e-06
793	5.66145e-06
794	5.65567e-06
795	5.64992e-06
796	5.6442e-06
797	5.63851e-06
798	5.63285e-06
799	5.62723e-06
800	5.62164e-06
801	5.61608e-06
802	5.61055e-06
803	5.60505e-06
804	5.59958e-06
805	5.59414e-06
806	5.58874e-06
807	5.58336e-06
808	5.57801e-06
809	5.5727e-06
810	5.56741e-06
811	5.56215e-06
812	5.55692e-06
813	5.55172e-06
814	5.54655e-06
815	5.54141e-06
816	5.5363e-06
817	5.53121e-06
818	5.52616e-06
819	5.52113e-06
820	5.51612e-06
821	5.51115e-06
822	5.5062e-06
823	5.50128e-06
824	5.49639e-06
825	5.49152e-06
826	5.48668e-06
827	5.48187e-06
828	5.47709e-06
829	5.47232e-06
830	5.46759e-06
831	5.46288e-06
832	5.4582e-06
833	5.45354e-06
834	5.44891e-06
835	5.4443e-06
836	5.43972e-06
837	5.43516e-06
838	5.43063e-06
839	5.42612e-06
840	5.42164e-06
841	5.41718e-06
842	5.41274e-06
843	5.40833e-06
844	5.40394e-06
845	5.39958e-06
846	5.39523e-06
847	5.39092e-06
848	5.38662e-06
849	5.38235e-06
850	5.3781e-06
851	5.37387e-06
852	5.36967e-06
853	5.36549e-06
854	5.36133e-06
855	5.35719e-06
856	5.35308e-06
857	5.34898e-06
858	5.34491e-06
859	5.34086e-06
860	5.33684e-06
861	5.33283e-06
862	5.32884e-06
863	5.32488e-06
864	5.32093e-06
865	5.31701e-06
866	5.31311e-06
867	5.30923e-06
868	5.30536e-06
869	5.30152e-06
870	5.2977e-06
871	5.2939e-06
872	5.29012e-06
873	5.28636e-06
874	5.28261e-06
875	5.27889e-06
876	5.27519e-06
877	5.27151e-06
878	5.26784e-06
879	5.2642e-06
880	5.26057e-06
881	5.25696e-06
882	5.25337e-06
883	5.2498e-06
884	5.24625e-06
885	5.24272e-06
886	5.2392e-06
887	5.2357e-06
888	5.23222e-06
889	5.22876e-06
890	5.22532e-06
891	5.22189e-06
892	5.21848e-06
893	5.21509e-06
894	5.21172e-06
895	5.20836e-06
896	5.20503e-06
897	5.2017e-06
898	5.1984e-06
899	5.19511e-06
900	5.19184e-06
901	5.18858e-06
902	5.18535e-06
903	5.18212e-06
904	5.17892e-06
905	5.17573e-06
906	5.17256e-06
907	5.1694e-06
908	5.16626e-06
909	5.16313e-06
910	5.16002e-06
911	5.15693e-06
912	5.15385e-06
913	5.15079e-06
914	5.14774e-06
915	5.14471e-06
916	5.14169e-06
917	5.13869e-06
918	5.13571e-06
919	5.13274e-06
920	5.12978e-06
921	5.12684e-06
922	5.12391e-06
923	5.121e-06
924	5.1181e-06
925	5.11522e-06
926	5.11235e-06
927	5.10949e-06
928	5.10665e-06
929	5.10382e-06
930	5.10101e-06
931	5.09821e-06
932	5.09543e-06
933	5.09265e-06
934	5.0899e-06
935	5.08715e-06
936	5.08442e-06
937	5.08171e-06
938	5.079e-06
939	5.07631e-06
940	5.07363e-06
941	5.07097e-06
942	5.06832e-06
943	5.06568e-06
944	5.06305e-06
945	5.06044e-06
946	5.05784e-06
947	5.05526e-06
948	5.05268e-06
949	5.05012e-06
950	5.04757e-06
951	5.04503e-06
952	5.04251e-06
953	5.04e-06
954	5.03749e-06
955	5.03501e-06
956	5.03253e-06
957	5.03007e-06
958	5.02761e-06
959	5.02517e-06
960	5.02274e-06
961	5.02033e-06
962	5.01792e-06
963	5.01553e-06
964	5.01314e-06
965	5.01077e-06
966	5.00841e-06
967	5.00607e-06
968	5.00373e-06
969	5.0014e-06
970	4.99909e-06
971	4.99678e-06
972	4.99449e-06
973	4.99221e-06
974	4.98994e-06
975	4.98768e-06
976	4.98543e-06
977	4.98319e-06
978	4.98096e-06
979	4.97874e-06
980	4.97653e-06
981	4.97433e-06
982	4.97215e-06
983	4.96997e-06
984	4.96781e-06
985	4.96565e-06
986	4.9635e-06
987	4.96137e-06
988	4.95924e-06
989	4.95712e-06
990	4.95502e-06
991	4.95292e-06
992	4.95084e-06
993	4.94876e-06
994	4.94669e-06
995	4.94463e-06
996	4.94259e-06
997	4.94055e-06
998	4.93852e-06
999	4.9365e-06
1000	4.93449e-06
1001	4.93249e-06
1002	4.9305e-06
1003	4.92851e-06
1004	4.92654e-06
1005	4.92458e-06
1006	4.92262e-06
1007	4.92067e-06
1008	4.91874e-06
1009	4.91681e-06
1010	4.91489e-06
1011	4.91298e-06
1012	4.91108e-06
1013	4.90918e-06
1014	4.9073e-06
1015	4.90542e-06
1016	4.90355e-06
1017	4.9017e-06
1018	4.89984e-06
1019	4.898e-06
1020	4.89617e-06
1021	4.89434e-06
1022	4.89252e-06
1023	4.89072e-06
1024	4.88891e-06
1025	4.88712e-06
1026	4.88534e-06
1027	4.88356e-06
1028	4.88179e-06
1029	4.88003e-06
1030	4.87828e-06
1031	4.87653e-06
1032	4.8748e-06
1033	4.87307e-06
1034	4.87134e-06
1035	4.86963e-06
1036	4.86792e-06
1037	4.86622e-06
1038	4.86453e-06
1039	4.86285e-06
1040	4.86117e-06
1041	4.8595e-06
1042	4.85784e-06
1043	4.85619e-06
1044	4.85454e-06
1045	4.8529e-06
1046	4.85127e-06
1047	4.84965e-06
1048	4.84803e-06
1049	4.84642e-06
1050	4.84481e-06
1051	4.84322e-06
1052	4.84163e-06
1053	4.84004e-06
1054	4.83847e-06
1055	4.8369e-06
1056	4.83534e-06
1057	4.83378e-06
1058	4.83223e-06
1059	4.83069e-06
1060	4.82916e-06
1061	4.82763e-06
1062	4.82611e-06
1063	4.82459e-06
1064	4.82308e-06
1065	4.82158e-06
1066	4.82008e-06
1067	4.81859e-06
1068	4.81711e-06
1069	4.81563e-06
1070	4.81416e-06
1071	4.8127e-06
1072	4.81124e-06
1073	4.80979e-06
1074	4.80835e-06
1075	4.80691e-06
1076	4.80548e-06
1077	4.80405e-06
1078	4.80263e-06
1079	4.80121e-06
1080	4.7998e-06
1081	4.7984e-06
1082	4.79701e-06
1083	4.79561e-06
1084	4.79423e-06
1085	4.79285e-06
1086	4.79148e-06
1087	4.79011e-06
1088	4.78875e-06
1089	4.78739e-06
1090	4.78604e-06
1091	4.7847e-06
1092	4.78336e-06
1093	4.78202e-06
1094	4.7807e-06
1095	4.77937e-06
1096	4.77806e-06
1097	4.77675e-06
1098	4.77544e-06
1099	4.77414e-06
1100	4.77285e-06
1101	4.77156e-06
1102	4.77027e-06
1103	4.76899e-06
1104	4.76772e-06
1105	4.76645e-06
1106	4.76519e-06
1107	4.76393e-06
1108	4.76268e-06
1109	4.76143e-06
1110	4.76018e-06
1111	4.75895e-06
1112	4.75771e-06
1113	4.75649e-06
1114	4.75526e-06
1115	4.75405e-06
1116	4.75283e-06
1117	4.75163e-06
1118	4.75042e-06
1119	4.74923e-06
1120	4.74803e-06
1121	4.74684e-06
1122	4.74566e-06
1123	4.74448e-06
1124	4.74331e-06
1125	4.74214e-06
1126	4.74097e-06
1127	4.73981e-06
1128	4.73866e-06
1129	4.73751e-06
1130	4.73636e-06
1131	4.73522e-06
1132	4.73408e-06
1133	4.73295e-06
1134	4.73182e-06
1135	4.7307e-06
1136	4.72958e-06
1137	4.72847e-06
1138	4.72736e-06
1139	4.72625e-06
1140	4.72515e-06
1141	4.72405e-06
1142	4.72296e-06
1143	4.72187e-06
1144	4.72079e-06
1145	4.71971e-06
1146	4.71863e-06
1147	4.71756e-06
1148	4.71649e-06
1149	4.71543e-06
1150	4.71437e-06
1151	4.71331e-06
1152	4.71226e-06
1153	4.71121e-06
1154	4.71017e-06
1155	4.70913e-06
1156	4.7081e-06
1157	4.70707e-06
1158	4.70604e-06
1159	4.70502e-06
1160	4.704e-06
1161	4.70298e-06
1162	4.70197e-06
1163	4.70096e-06
1164	4.69996e-06
1165	4.69896e-06
1166	4.69796e-06
1167	4.69697e-06
1168	4.69598e-06
1169	4.695e-06
1170	4.69402e-06
1171	4.69304e-06
1172	4.69207e-06
1173	4.6911e-06
1174	4.69013e-06
1175	4.68917e-06
1176	4.68821e-06
1177	4.68725e-06
1178	4.6863e-06
1179	4.68535e-06
1180	4.68441e-06
1181	4.68347e-06
1182	4.68253e-06
1183	4.68159e-06
1184	4.68066e-06
1185	4.67974e-06
1186	4.67881e-06
1187	4.67789e-06
1188	4.67697e-06
1189	4.67606e-06
1190	4.67515e-06
1191	4.67424e-06
1192	4.67334e-06
1193	4.67244e-06
1194	4.67154e-06
1195	4.67064e-06
1196	4.66975e-06
1197	4.66887e-06
1198	4.66798e-06
1199	4.6671e-06
1200	4.66622e-06
1201	4.66535e-06
1202	4.66448e-06
1203	4.66361e-06
1204	4.66274e-06
1205	4.66188e-06
1206	4.66102e-06
1207	4.66016e-06
1208	4.65931e-06
1209	4.65846e-06
1210	4.65761e-06
1211	4.65677e-06
1212	4.65593e-06
1213	4.65509e-06
1214	4.65425e-06
1215	4.65342e-06
1216	4.65259e-06
1217	4.65176e-06
1218	4.65094e-06
1219	4.65012e-06
1220	4.6493e-06
1221	4.64849e-06
1222	4.64767e-06
1223	4.64687e-06
1224	4.64606e-06
1225	4.64525e-06
1226	4.64445e-06
1227	4.64366e-06
1228	4.64286e-06
1229	4.64207e-06
1230	4.64128e-06
1231	4.64049e-06
1232	4.6397e-06
1233	4.63892e-06
1234	4.63814e-06
1235	4.63737e-06
1236	4.63659e-06
1237	4.63582e-06
1238	4.63505e-06
1239	4.63429e-06
1240	4.63352e-06
1241	4.63276e-06
1242	4.632e-06
1243	4.63125e-06
1244	4.63049e-06
1245	4.62974e-06
1246	4.62899e-06
1247	4.62825e-06
1248	4.6275e-06
1249	4.62676e-06
1250	4.62602e-06
1251	4.62529e-06
1252	4.62455e-06
1253	4.62382e-06
1254	4.62309e-06
1255	4.62237e-06
1256	4.62164e-06
1257	4.62092e-06
1258	4.6202e-06
1259	4.61949e-06
1260	4.61877e-06
1261	4.61806e-06
1262	4.61735e-06
1263	4.61664e-06
1264	4.61594e-06
1265	4.61523e-06
1266	4.61453e-06
1267	4.61383e-06
1268	4.61314e-06
1269	4.61244e-06
1270	4.61175e-06
1271	4.61106e-06
1272	4.61037e-06
1273	4.60969e-06
1274	4.609e-06
1275	4.60832e-06
1276	4.60764e-06
1277	4.60697e-06
1278	4.60629e-06
1279	4.60562e-06
1280	4.60495e-06
1281	4.60428e-06
1282	4.60361e-06
1283	4.60295e-06
1284	4.60229e-06
1285	4.60163e-06
1286	4.60097e-06
1287	4.60031e-06
1288	4.59966e-06
1289	4.59901e-06
1290	4.59836e-06
1291	4.59771e-06
1292	4.59706e-06
1293	4.59642e-06
1294	4.59578e-06
1295	4.59514e-06
1296	4.5945e-06
1297	4.59386e-06
1298	4.59323e-06
1299	4.59259e-06
1300	4.59196e-06
1301	4.59134e-06
1302	4.59071e-06
1303	4.59008e-06
1304	4.58946e-06
1305	4.58884e-06
1306	4.58822e-06
1307	4.5876e-06
1308	4.58699e-06
1309	4.58637e-06
1310	4.58576e-06
1311	4.58515e-06
1312	4.58454e-06
1313	4.58394e-06
1314	4.58333e-06
1315	4.58273e-06
1316	4.58213e-06
1317	4.58153e-06
1318	4.58093e-06
1319	4.58033e-06
1320	4.57974e-06
1321	4.57914e-06
1322	4.57855e-06
1323	4.57796e-06
1324	4.57738e-06
1325	4.57679e-06
1326	4.57621e-06
1327	4.57562e-06
1328	4.57504e-06
1329	4.57446e-06
1330	4.57388e-06
1331	4.57331e-06
1332	4.57273e-06
1333	4.57216e-06
1334	4.57159e-06
1335	4.57102e-06
1336	4.57045e-06
1337	4.56988e-06
1338	4.56932e-06
1339	4.56876e-06
1340	4.56819e-06
1341	4.56763e-06
1342	4.56707e-06
1343	4.56652e-06
1344	4.56596e-06
1345	4.56541e-06
1346	4.56485e-06
1347	4.5643e-06
1348	4.56375e-06
1349	4.5632e-06
1350	4.56266e-06
1351	4.56211e-06
1352	4.56157e-06
1353	4.56103e-06
1354	4.56049e-06
1355	4.55995e-06
1356	4.55941e-06
1357	4.55887e-06
1358	4.55834e-06
1359	4.5578e-06
1360	4.55727e-06
1361	4.55674e-06
1362	4.55621e-06
1363	4.55568e-06
1364	4.55515e-06
1365	4.55463e-06
1366	4.5541e-06
1367	4.55358e-06
1368	4.55306e-06
1369	4.55254e-06
1370	4.55202e-06
1371	4.5515e-06
1372	4.55099e-06
1373	4.55047e-06
1374	4.54996e-06
1375	4.54945e-06
1376	4.54894e-06
1377	4.54843e-06
1378	4.54792e-06
1379	4.54741e-06
1380	4.5469e-06
1381	4.5464e-06
1382	4.5459e-06
1383	4.54539e-06
1384	4.54489e-06
1385	4.54439e-06
1386	4.5439e-06
1387	4.5434e-06
1388	4.5429e-06
1389	4.54241e-06
1390	4.54191e-06
1391	4.54142e-06
1392	4.54093e-06
1393	4.54044e-06
1394	4.53995e-06
1395	4.53947e-06
1396	4.53898e-06
1397	4.53849e-06
1398	4.53801e-06
1399	4.53753e-06
1400	4.53705e-06
1401	4.53657e-06
1402	4.53609e-06
1403	4.53561e-06
1404	4.53513e-06
1405	4.53465e-06
1406	4.53418e-06
1407	4.53371e-06
1408	4.53323e-06
1409	4.53276e-06
1410	4.53229e-06
1411	4.53182e-06
1412	4.53135e-06
1413	4.53089e-06
1414	4.53042e-06
1415	4.52995e-06
1416	4.52949e-06
1417	4.52903e-06
1418	4.52857e-06
1419	4.5281e-06
1420	4.52765e-06
1421	4.52719e-06
1422	4.52673e-06
1423	4.52627e-06
1424	4.52582e-06
1425	4.52536e-06
1426	4.52491e-06
1427	4.52446e-06
1428	4.524e-06
1429	4.52355e-06
1430	4.5231e-06
1431	4.52265e-06
1432	4.52221e-06
1433	4.52176e-06
1434	4.52131e-06
1435	4.52087e-06
1436	4.52043e-06
1437	4.51998e-06
1438	4.51954e-06
1439	4.5191e-06
1440	4.51866e-06
1441	4.51822e-06
1442	4.51778e-06
1443	4.51735e-06
1444	4.51691e-06
1445	4.51647e-06
1446	4.51604e-06
1447	4.51561e-06
1448	4.51517e-06
1449	4.51474e-06
1450	4.51431e-06
1451	4.51388e-06
1452	4.51345e-06
1453	4.51302e-06
1454	4.5126e-06
1455	4.51217e-06
1456	4.51174e-06
1457	4.51132e-06
1458	4.5109e-06
1459	4.51047e-06
1460	4.51005e-06
1461	4.50963e-06
1462	4.50921e-06
1463	4.50879e-06
1464	4.50837e-06
1465	4.50795e-06
1466	4.50754e-06
1467	4.50712e-06
1468	4.5067e-06
1469	4.50629e-06
1470	4.50588e-06
1471	4.50546e-06
1472	4.50505e-06
1473	4.50464e-06
1474	4.50423e-06
1475	4.50382e-06
1476	4.50341e-06
1477	4.503e-06
1478	4.50259e-06
1479	4.50219e-06
1480	4.50178e-06
1481	4.50138e-06
1482	4.50097e-06
1483	4.50057e-06
1484	4.50017e-06
1485	4.49976e-06
1486	4.49936e-06
1487	4.49896e-06
1488	4.49856e-06
1489	4.49816e-06
1490	4.49777e-06
1491	4.49737e-06
1492	4.49697e-06
1493	4.49658e-06
1494	4.49618e-06
1495	4.49579e-06
1496	4.49539e-06
1497	4.495e-06
1498	4.49461e-06
1499	4.49421e-06
1500	4.49382e-06
1501	4.49343e-06
1502	4.49304e-06
1503	4.49265e-06
1504	4.49227e-06
1505	4.49188e-06
1506	4.49149e-06
1507	4.4911e-06
1508	4.49072e-06
1509	4.49033e-06
1510	4.48995e-06
1511	4.48957e-06
1512	4.48918e-06
1513	4.4888e-06
1514	4.48842e-06
1515	4.48804e-06
1516	4.48766e-06
1517	4.48728e-06
1518	4.4869e-06
1519	4.48652e-06
1520	4.48614e-06
1521	4.48577e-06
1522	4.48539e-06
1523	4.48501e-06
1524	4.48464e-06
1525	4.48426e-06
1526	4.48389e-06
1527	4.48352e-06
1528	4.48315e-06
1529	4.48277e-06
1530	4.4824e-06
1531	4.48203e-06
1532	4.48166e-06
1533	4.48129e-06
1534	4.48092e-06
1535	4.48055e-06
1536	4.48019e-06
1537	4.47982e-06
1538	4.47945e-06
1539	4.47909e-06
1540	4.47872e-06
1541	4.47835e-06
1542	4.47799e-06
1543	4.47763e-06
1544	4.47726e-06
1545	4.4769e-06
1546	4.47654e-06
1547	4.47618e-06
1548	4.47582e-06
1549	4.47546e-06
1550	4.4751e-06
1551	4.47474e-06
1552	4.47438e-06
1553	4.47402e-06
1554	4.47366e-06
1555	4.4733e-06
1556	4.47295e-06
1557	4.47259e-06
1558	4.47224e-06
1559	4.47188e-06
1560	4.47153e-06
1561	4.47117e-06
1562	4.47082e-06
1563	4.47047e-06
1564	4.47011e-06
1565	4.46976e-06
1566	4.46941e-06
1567	4.46906e-06
1568	4.46871e-06
1569	4.46836e-06
1570	4.46801e-06
1571	4.46766e-06
1572	4.46731e-06
1573	4.46697e-06
1574	4.46662e-06
1575	4.46627e-06
1576	4.46592e-06
1577	4.46558e-06
1578	4.46523e-06
1579	4.46489e-06
1580	4.46454e-06
1581	4.4642e-06
1582	4.46386e-06
1583	4.46351e-06
1584	4.46317e-06
1585	4.46283e-06
1586	4.46249e-06
1587	4.46215e-06
1588	4.46181e-06
1589	4.46147e-06
1590	4.46113e-06
1591	4.46079e-06
1592	4.46045e-06
1593	4.46011e-06
1594	4.45977e-06
1595	4.45943e-06
1596	4.4591e-06
1597	4.45876e-06
1598	4.45842e-06
1599	4.45809e-06
1600	4.45775e-06
1601	4.45742e-06
1602	4.45708e-06
1603	4.45675e-06
1604	4.45642e-06
1605	4.45608e-06
1606	4.45575e-06
1607	4.45542e-06
1608	4.45509e-06
1609	4.45475e-06
1610	4.45442e-06
1611	4.45409e-06
1612	4.45376e-06
1613	4.45343e-06
1614	4.4531e-06
1615	4.45277e-06
1616	4.45244e-06
1617	4.45212e-06
1618	4.45179e-06
1619	4.45146e-06
1620	4.45113e-06
1621	4.45081e-06
1622	4.45048e-06
1623	4.45016e-06
1624	4.44983e-06
1625	4.44951e-06
1626	4.44918e-06
1627	4.44886e-06
1628	4.44853e-06
1629	4.44821e-06
1630	4.44789e-06
1631	4.44756e-06
1632	4.44724e-06
1633	4.44692e-06
1634	4.4466e-06
1635	4.44628e-06
1636	4.44595e-06
1637	4.44563e-06
1638	4.44531e-06
1639	4.44499e-06
1640	4.44467e-06
1641	4.44436e-06
1642	4.44404e-06
1643	4.44372e-06
1644	4.4434e-06
1645	4.44308e-06
1646	4.44277e-06
1647	4.44245e-06
1648	4.44213e-06
1649	4.44182e-06
1650	4.4415e-06
1651	4.44118e-06
1652	4.44087e-06
1653	4.44055e-06
1654	4.44024e-06
1655	4.43993e-06
1656	4.43961e-06
1657	4.4393e-06
1658	4.43898e-06
1659	4.43867e-06
1660	4.43836e-06
1661	4.43805e-06
1662	4.43774e-06
1663	4.43742e-06
1664	4.43711e-06
1665	4.4368e-06
1666	4.43649e-06
1667	4.43618e-06
1668	4.43587e-06
1669	4.43556e-06
1670	4.43525e-06
1671	4.43494e-06
1672	4.43463e-06
1673	4.43433e-06
1674	4.43402e-06
1675	4.43371e-06
1676	4.4334e-06
1677	4.4331e-06
1678	4.43279e-06
1679	4.43248e-06
1680	4.43218e-06
1681	4.43187e-06
1682	4.43156e-06
1683	4.43126e-06
1684	4.43095e-06
1685	4.43065e-06
1686	4.43034e-06
1687	4.43004e-06
1688	4.42974e-06
1689	4.42943e-06
1690	4.42913e-06
1691	4.42883e-06
1692	4.42852e-06
1693	4.42822e-06
1694	4.42792e-06
1695	4.42762e-06
1696	4.42732e-06
1697	4.42701e-06
1698	4.42671e-06
1699	4.42641e-06
1700	4.42611e-06
1701	4.42581e-06
1702	4.42551e-06
1703	4.42521e-06
1704	4.42491e-06
1705	4.42461e-06
1706	4.42431e-06
1707	4.42402e-06
1708	4.42372e-06
1709	4.42342e-06
1710	4.42312e-06
1711	4.42282e-06
1712	4.42253e-06
1713	4.42223e-06
1714	4.42193e-06
1715	4.42164e-06
1716	4.42134e-06
1717	4.42104e-06
1718	4.42075e-06
1719	4.42045e-06
1720	4.42016e-06
1721	4.41986e-06
1722	4.41957e-06
1723	4.41927e-06
1724	4.41898e-06
1725	4.41868e-06
1726	4.41839e-06
1727	4.4181e-06
1728	4.4178e-06
1729	4.41751e-06
1730	4.41722e-06
1731	4.41693e-06
1732	4.41663e-06
1733	4.41634e-06
1734	4.41605e-06
1735	4.41576e-06
1736	4.41547e-06
1737	4.41518e-06
1738	4.41488e-06
1739	4.41459e-06
1740	4.4143e-06
1741	4.41401e-06
1742	4.41372e-06
1743	4.41343e-06
1744	4.41314e-06
1745	4.41285e-06
1746	4.41256e-06
1747	4.41228e-06
1748	4.41199e-06
1749	4.4117e-06
1750	4.41141e-06
1751	4.41112e-06
1752	4.41083e-06
1753	4.41055e-06
1754	4.41026e-06
1755	4.40997e-06
1756	4.40969e-06
1757	4.4094e-06
1758	4.40911e-06
1759	4.40883e-06
1760	4.40854e-06
1761	4.40825e-06
1762	4.40797e-06
1763	4.40768e-06
1764	4.4074e-06
1765	4.40711e-06
1766	4.40683e-06
1767	4.40654e-06
1768	4.40626e-06
1769	4.40598e-06
1770	4.40569e-06
1771	4.40541e-06
1772	4.40512e-06
1773	4.40484e-06
1774	4.40456e-06
1775	4.40427e-06
1776	4.40399e-06
1777	4.40371e-06
1778	4.40343e-06
1779	4.40314e-06
1780	4.40286e-06
1781	4.40258e-06
1782	4.4023e-06
1783	4.40202e-06
1784	4.40174e-06
1785	4.40145e-06
1786	4.40117e-06
1787	4.40089e-06
1788	4.40061e-06
1789	4.40033e-06
1790	4.40005e-06
1791	4.39977e-06
1792	4.39949e-06
1793	4.39921e-06
1794	4.39893e-06
1795	4.39865e-06
1796	4.39837e-06
1797	4.3981e-06
1798	4.39782e-06
1799	4.39754e-06
1800	4.39726e-06
1801	4.39698e-06
1802	4.3967e-06
1803	4.39643e-06
1804	4.39615e-06
1805	4.39587e-06
1806	4.39559e-06
1807	4.39532e-06
1808	4.39504e-06
1809	4.39476e-06
1810	4.39449e-06
1811	4.39421e-06
1812	4.39393e-06
1813	4.39366e-06
1814	4.39338e-06
1815	4.39311e-06
1816	4.39283e-06
1817	4.39255e-06
1818	4.39228e-06
1819	4.392e-06
1820	4.39173e-06
1821	4.39145e-06
1822	4.39118e-06
1823	4.39091e-06
1824	4.39063e-06
1825	4.39036e-06
1826	4.39008e-06
1827	4.38981e-06
1828	4.38954e-06
1829	4.38926e-06
1830	4.38899e-06
1831	4.38872e-06
1832	4.38844e-06
1833	4.38817e-06
1834	4.3879e-06
1835	4.38762e-06
1836	4.38735e-06
1837	4.38708e-06
1838	4.38681e-06
1839	4.38653e-06
1840	4.38626e-06
1841	4.38599e-06
1842	4.38572e-06
1843	4.38545e-06
1844	4.38518e-06
1845	4.38491e-06
1846	4.38464e-06
1847	4.38436e-06
1848	4.38409e-06
1849	4.38382e-06
1850	4.38355e-06
1851	4.38328e-06
1852	4.38301e-06
1853	4.38274e-06
1854	4.38247e-06
1855	4.3822e-06
1856	4.38193e-06
1857	4.38166e-06
1858	4.3814e-06
1859	4.38113e-06
1860	4.38086e-06
1861	4.38059e-06
1862	4.38032e-06
1863	4.38005e-06
1864	4.37978e-06
1865	4.37951e-06
1866	4.37925e-06
1867	4.37898e-06
1868	4.37871e-06
1869	4.37844e-06
1870	4.37817e-06
1871	4.37791e-06
1872	4.37764e-06
1873	4.37737e-06
1874	4.37711e-06
1875	4.37684e-06
1876	4.37657e-06
1877	4.37631e-06
1878	4.37604e-06
1879	4.37577e-06
1880	4.37551e-06
1881	4.37524e-06
1882	4.37497e-06
1883	4.37471e-06
1884	4.37444e-06
1885	4.37418e-06
1886	4.37391e-06
1887	4.37365e-06
1888	4.37338e-06
1889	4.37311e-06
1890	4.37285e-06
1891	4.37258e-06
1892	4.37232e-06
1893	4.37206e-06
1894	4.37179e-06
1895	4.37153e-06
1896	4.37126e-06
1897	4.371e-06
1898	4.37073e-06
1899	4.37047e-06
1900	4.37021e-06
1901	4.36994e-06
1902	4.36968e-06
1903	4.36941e-06
1904	4.36915e-06
1905	4.36889e-06
1906	4.36863e-06
1907	4.36836e-06
1908	4.3681e-06
1909	4.36784e-06
1910	4.36757e-06
1911	4.36731e-06
1912	4.36705e-06
1913	4.36679e-06
1914	4.36652e-06
1915	4.36626e-06
1916	4.366e-06
1917	4.36574e-06
1918	4.36548e-06
1919	4.36521e-06
1920	4.36495e-06
1921	4.36469e-06
1922	4.36443e-06
1923	4.36417e-06
1924	4.36391e-06
1925	4.36365e-06
1926	4.36339e-06
1927	4.36312e-06
1928	4.36286e-06
1929	4.3626e-06
1930	4.36234e-06
1931	4.36208e-06
1932	4.36182e-06
1933	4.36156e-06
1934	4.3613e-06
1935	4.36104e-06
1936	4.36078e-06
1937	4.36052e-06
1938	4.36026e-06
1939	4.36e-06
1940	4.35974e-06
1941	4.35948e-06
1942	4.35922e-06
1943	4.35897e-06
1944	4.35871e-06
1945	4.35845e-06
1946	4.35819e-06
1947	4.35793e-06
1948	4.35767e-06
1949	4.35741e-06
1950	4.35715e-06
1951	4.3569e-06
1952	4.35664e-06
1953	4.35638e-06
1954	4.35612e-06
1955	4.35586e-06
1956	4.35561e-06
1957	4.35535e-06
1958	4.35509e-06
1959	4.35483e-06
1960	4.35457e-06
1961	4.35432e-06
1962	4.35406e-06
1963	4.3538e-06
1964	4.35355e-06
1965	4.35329e-06
1966	4.35303e-06
1967	4.35277e-06
1968	4.35252e-06
1969	4.35226e-06
1970	4.352e-06
1971	4.35175e-06
1972	4.35149e-06
1973	4.35124e-06
1974	4.35098e-06
1975	4.35072e-06
1976	4.35047e-06
1977	4.35021e-06
1978	4.34995e-06
1979	4.3497e-06
1980	4.34944e-06
1981	4.34919e-06
1982	4.34893e-06
1983	4.34868e-06
1984	4.34842e-06
1985	4.34817e-06
1986	4.34791e-06
1987	4.34766e-06
1988	4.3474e-06
1989	4.34715e-06
1990	4.34689e-06
1991	4.34664e-06
1992	4.34638e-06
1993	4.34613e-06
1994	4.34587e-06
1995	4.34562e-06
1996	4.34536e-06
1997	4.34511e-06
1998	4.34486e-06
1999	4.3446e-06
2000	4.34435e-06
2001	4.34409e-06
2002	4.34384e-06
2003	4.34359e-06
2004	4.34333e-06
2005	4.34308e-06
2006	4.34282e-06
2007	4.34257e-06
2008	4.34232e-06
2009	4.34206e-06
2010	4.34181e-06
2011	4.34156e-06
2012	4.34131e-06
2013	4.34105e-06
2014	4.3408e-06
2015	4.34055e-06
2016	4.34029e-06
2017	4.34004e-06
2018	4.33979e-06
2019	4.33954e-06
2020	4.33928e-06
2021	4.33903e-06
2022	4.33878e-06
2023	4.33853e-06
2024	4.33827e-06
2025	4.33802e-06
2026	4.33777e-06
2027	4.33752e-06
2028	4.33727e-06
2029	4.33702e-06
2030	4.33676e-06
2031	4.33651e-06
2032	4.33626e-06
2033	4.33601e-06
2034	4.33576e-06
2035	4.33551e-06
2036	4.33526e-06
2037	4.335e-06
2038	4.33475e-06
2039	4.3345e-06
2040	4.33425e-06
2041	4.334e-06
2042	4.33375e-06
2043	4.3335e-06
2044	4.33325e-06
2045	4.333e-06
2046	4.33275e-06
2047	4.3325e-06
2048	4.33225e-06
2049	4.332e-06
2050	4.33175e-06
2051	4.3315e-06
2052	4.33125e-06
2053	4.331e-06
2054	4.33075e-06
2055	4.3305e-06
2056	4.33025e-06
2057	4.33e-06
2058	4.32975e-06
2059	4.3295e-06
2060	4.32925e-06
2061	4.329e-06
2062	4.32875e-06
2063	4.3285e-06
2064	4.32825e-06
2065	4.328e-06
2066	4.32775e-06
2067	4.3275e-06
2068	4.32725e-06
2069	4.327e-06
2070	4.32675e-06
2071	4.32651e-06
2072	4.32626e-06
2073	4.32601e-06
2074	4.32576e-06
2075	4.32551e-06
2076	4.32526e-06
2077	4.32501e-06
2078	4.32477e-06
2079	4.32452e-06
2080	4.32427e-06
2081	4.32402e-06
2082	4.32377e-06
2083	4.32353e-06
2084	4.32328e-06
2085	4.32303e-06
2086	4.32278e-06
2087	4.32253e-06
2088	4.32229e-06
2089	4.32204e-06
2090	4.32179e-06
2091	4.32154e-06
2092	4.3213e-06
2093	4.32105e-06
2094	4.3208e-06
2095	4.32055e-06
2096	4.32031e-06
2097	4.32006e-06
2098	4.31981e-06
2099	4.31956e-06
2100	4.31932e-06
2101	4.31907e-06
2102	4.31882e-06
2103	4.31858e-06
2104	4.31833e-06
2105	4.31808e-06
2106	4.31784e-06
2107	4.31759e-06
2108	4.31734e-06
2109	4.3171e-06
2110	4.31685e-06
2111	4.3166e-06
2112	4.31636e-06
2113	4.31611e-06
2114	4.31587e-06
2115	4.31562e-06
2116	4.31537e-06
2117	4.31513e-06
2118	4.31488e-06
2119	4.31464e-06
2120	4.31439e-06
2121	4.31414e-06
2122	4.3139e-06
2123	4.31365e-06
2124	4.31341e-06
2125	4.31316e-06
2126	4.31292e-06
2127	4.31267e-06
2128	4.31243e-06
2129	4.31218e-06
2130	4.31193e-06
2131	4.31169e-06
2132	4.31144e-06
2133	4.3112e-06
2134	4.31095e-06
2135	4.31071e-06
2136	4.31046e-06
2137	4.31022e-06
2138	4.30997e-06
2139	4.30973e-06
2140	4.30949e-06
2141	4.30924e-06
2142	4.309e-06
2143	4.30875e-06
2144	4.30851e-06
2145	4.30826e-06
2146	4.30802e-06
2147	4.30777e-06
2148	4.30753e-06
2149	4.30728e-06
2150	4.30704e-06
2151	4.3068e-06
2152	4.30655e-06
2153	4.30631e-06
2154	4.30606e-06
2155	4.30582e-06
2156	4.30558e-06
2157	4.30533e-06
2158	4.30509e-06
2159	4.30485e-06
2160	4.3046e-06
2161	4.30436e-06
2162	4.30411e-06
2163	4.30387e-06
2164	4.30363e-06
2165	4.30338e-06
2166	4.30314e-06
2167	4.3029e-06
2168	4.30265e-06
2169	4.30241e-06
2170	4.30217e-06
2171	4.30192e-06
2172	4.30168e-06
2173	4.30144e-06
2174	4.3012e-06
2175	4.30095e-06
2176	4.30071e-06
2177	4.30047e-06
2178	4.30022e-06
2179	4.29998e-06
2180	4.29974e-06
2181	4.2995e-06
2182	4.29925e-06
2183	4.29901e-06
2184	4.29877e-06
2185	4.29853e-06
2186	4.29828e-06
2187	4.29804e-06
2188	4.2978e-06
2189	4.29756e-06
2190	4.29731e-06
2191	4.29707e-06
2192	4.29683e-06
2193	4.29659e-06
2194	4.29635e-06
2195	4.2961e-06
2196	4.29586e-06
2197	4.29562e-06
2198	4.29538e-06
2199	4.29514e-06
2200	4.29489e-06
2201	4.29465e-06
2202	4.29441e-06
2203	4.29417e-06
2204	4.29393e-06
2205	4.29369e-06
2206	4.29345e-06
2207	4.2932e-06
2208	4.29296e-06
2209	4.29272e-06
2210	4.29248e-06
2211	4.29224e-06
2212	4.292e-06
2213	4.29176e-06
2214	4.29152e-06
2215	4.29127e-06
2216	4.29103e-06
2217	4.29079e-06
2218	4.29055e-06
2219	4.29031e-06
2220	4.29007e-06
2221	4.28983e-06
2222	4.28959e-06
2223	4.28935e-06
2224	4.28911e-06
2225	4.28887e-06
2226	4.28863e-06
2227	4.28839e-06
2228	4.28814e-06
2229	4.2879e-06
2230	4.28766e-06
2231	4.28742e-06
2232	4.28718e-06
2233	4.28694e-06
2234	4.2867e-06
2235	4.28646e-06
2236	4.28622e-06
2237	4.28598e-06
2238	4.28574e-06
2239	4.2855e-06
2240	4.28526e-06
2241	4.28502e-06
2242	4.28478e-06
2243	4.28454e-06
2244	4.2843e-06
2245	4.28406e-06
2246	4.28382e-06
2247	4.28358e-06
2248	4.28334e-06
2249	4.2831e-06
2250	4.28287e-06
2251	4.28263e-06
2252	4.28239e-06
2253	4.28215e-06
2254	4.28191e-06
2255	4.28167e-06
2256	4.28143e-06
2257	4.28119e-06
2258	4.28095e-06
2259	4.28071e-06
2260	4.28047e-06
2261	4.28023e-06
2262	4.27999e-06
2263	4.27976e-06
2264	4.27952e-06
2265	4.27928e-06
2266	4.27904e-06
2267	4.2788e-06
2268	4.27856e-06
2269	4.27832e-06
2270	4.27808e-06
2271	4.27784e-06
2272	4.27761e-06
2273	4.27737e-06
2274	4.27713e-06
2275	4.27689e-06
2276	4.27665e-06
2277	4.27641e-06
2278	4.27618e-06
2279	4.27594e-06
2280	4.2757e-06
2281	4.27546e-06
2282	4.27522e-06
2283	4.27498e-06
2284	4.27475e-06
2285	4.27451e-06
2286	4.27427e-06
2287	4.27403e-06
2288	4.27379e-06
2289	4.27356e-06
2290	4.27332e-06
2291	4.27308e-06
2292	4.27284e-06
2293	4.2726e-06
2294	4.27237e-06
2295	4.27213e-06
2296	4.27189e-06
2297	4.27165e-06
2298	4.27142e-06
2299	4.27118e-06
2300	4.27094e-06
2301	4.2707e-06
2302	4.27047e-06
2303	4.27023e-06
2304	4.26999e-06
2305	4.26975e-06
2306	4.26952e-06
2307	4.26928e-06
2308	4.26904e-06
2309	4.2688e-06
2310	4.26857e-06
2311	4.26833e-06
2312	4.26809e-06
2313	4.26786e-06
2314	4.26762e-06
2315	4.26738e-06
2316	4.26715e-06
2317	4.26691e-06
2318	4.26667e-06
2319	4.26643e-06
2320	4.2662e-06
2321	4.26596e-06
2322	4.26572e-06
2323	4.26549e-06
2324	4.26525e-06
2325	4.26501e-06
2326	4.26478e-06
2327	4.26454e-06
2328	4.26431e-06
2329	4.26407e-06
2330	4.26383e-06
2331	4.2636e-06
2332	4.26336e-06
2333	4.26312e-06
2334	4.26289e-06
2335	4.26265e-06
2336	4.26241e-06
2337	4.26218e-06
2338	4.26194e-06
2339	4.26171e-06
2340	4.26147e-06
2341	4.26123e-06
2342	4.261e-06
2343	4.26076e-06
2344	4.26053e-06
2345	4.26029e-06
2346	4.26005e-06
2347	4.25982e-06
2348	4.25958e-06
2349	4.25935e-06
2350	4.25911e-06
2351	4.25888e-06
2352	4.25864e-06
2353	4.2584e-06
2354	4.25817e-06
2355	4.25793e-06
2356	4.2577e-06
2357	4.25746e-06
2358	4.25723e-06
2359	4.25699e-06
2360	4.25676e-06
2361	4.25652e-06
2362	4.25629e-06
2363	4.25605e-06
2364	4.25582e-06
2365	4.25558e-06
2366	4.25535e-06
2367	4.25511e-06
2368	4.25488e-06
2369	4.25464e-06
2370	4.2544e-06
2371	4.25417e-06
2372	4.25394e-06
2373	4.2537e-06
2374	4.25347e-06
2375	4.25323e-06
2376	4.253e-06
2377	4.25276e-06
2378	4.25253e-06
2379	4.25229e-06
2380	4.25206e-06
2381	4.25182e-06
2382	4.25159e-06
2383	4.25135e-06
2384	4.25112e-06
2385	4.25088e-06
2386	4.25065e-06
2387	4.25042e-06
2388	4.25018e-06
2389	4.24995e-06
2390	4.24971e-06
2391	4.24948e-06
2392	4.24924e-06
2393	4.24901e-06
2394	4.24878e-06
2395	4.24854e-06
2396	4.24831e-06
2397	4.24807e-06
2398	4.24784e-06
2399	4.2476e-06
2400	4.24737e-06
2401	4.24714e-06
2402	4.2469e-06
2403	4.24667e-06
2404	4.24644e-06
2405	4.2462e-06
2406	4.24597e-06
2407	4.24573e-06
2408	4.2455e-06
2409	4.24527e-06
2410	4.24503e-06
2411	4.2448e-06
2412	4.24457e-06
2413	4.24433e-06
2414	4.2441e-06
2415	4.24386e-06
2416	4.24363e-06
2417	4.2434e-06
2418	4.24316e-06
2419	4.24293e-06
2420	4.2427e-06
2421	4.24246e-06
2422	4.24223e-06
2423	4.242e-06
2424	4.24176e-06
2425	4.24153e-06
2426	4.2413e-06
2427	4.24107e-06
2428	4.24083e-06
2429	4.2406e-06
2430	4.24037e-06
2431	4.24013e-06
2432	4.2399e-06
2433	4.23967e-06
2434	4.23943e-06
2435	4.2392e-06
2436	4.23897e-06
2437	4.23874e-06
2438	4.2385e-06
2439	4.23827e-06
2440	4.23804e-06
2441	4.2378e-06
2442	4.23757e-06
2443	4.23734e-06
2444	4.23711e-06
2445	4.23687e-06
2446	4.23664e-06
2447	4.23641e-06
2448	4.23618e-06
2449	4.23594e-06
2450	4.23571e-06
2451	4.23548e-06
2452	4.23525e-06
2453	4.23502e-06
2454	4.23478e-06
2455	4.23455e-06
2456	4.23432e-06
2457	4.23409e-06
2458	4.23385e-06
2459	4.23362e-06
2460	4.23339e-06
2461	4.23316e-06
2462	4.23293e-06
2463	4.23269e-06
2464	4.23246e-06
2465	4.23223e-06
2466	4.232e-06
2467	4.23177e-06
2468	4.23153e-06
2469	4.2313e-06
2470	4.23107e-06
2471	4.23084e-06
2472	4.23061e-06
2473	4.23038e-06
2474	4.23014e-06
2475	4.22991e-06
2476	4.22968e-06
2477	4.22945e-06
2478	4.22922e-06
2479	4.22899e-06
2480	4.22875e-06
2481	4.22852e-06
2482	4.22829e-06
2483	4.22806e-06
2484	4.22783e-06
2485	4.2276e-06
2486	4.22737e-06
2487	4.22714e-06
2488	4.2269e-06
2489	4.22667e-06
2490	4.22644e-06
2491	4.22621e-06
2492	4.22598e-06
2493	4.22575e-06
2494	4.22552e-06
2495	4.22529e-06
2496	4.22506e-06
2497	4.22482e-06
2498	4.22459e-06
2499	4.22436e-06
2500	4.22413e-06
2501	4.2239e-06
2502	4.22367e-06
2503	4.22344e-06
2504	4.22321e-06
2505	4.22298e-06
2506	4.22275e-06
2507	4.22252e-06
2508	4.22229e-06
2509	4.22206e-06
2510	4.22182e-06
2511	4.22159e-06
2512	4.22136e-06
2513	4.22113e-06
2514	4.2209e-06
2515	4.22067e-06
2516	4.22044e-06
2517	4.22021e-06
2518	4.21998e-06
2519	4.21975e-06
2520	4.21952e-06
2521	4.21929e-06
2522	4.21906e-06
2523	4.21883e-06
2524	4.2186e-06
2525	4.21837e-06
2526	4.21814e-06
2527	4.21791e-06
2528	4.21768e-06
2529	4.21745e-06
2530	4.21722e-06
2531	4.21699e-06
2532	4.21676e-06
2533	4.21653e-06
2534	4.2163e-06
2535	4.21607e-06
2536	4.21584e-06
2537	4.21561e-06
2538	4.21538e-06
2539	4.21515e-06
2540	4.21492e-06
2541	4.21469e-06
2542	4.21446e-06
2543	4.21423e-06
2544	4.214e-06
2545	4.21377e-06
2546	4.21354e-06
2547	4.21331e-06
2548	4.21308e-06
2549	4.21285e-06
2550	4.21263e-06
2551	4.2124e-06
2552	4.21217e-06
2553	4.21194e-06
2554	4.21171e-06
2555	4.21148e-06
2556	4.21125e-06
2557	4.21102e-06
2558	4.21079e-06
2559	4.21056e-06
2560	4.21033e-06
2561	4.2101e-06
2562	4.20987e-06
2563	4.20965e-06
2564	4.20942e-06
2565	4.20919e-06
2566	4.20896e-06
2567	4.20873e-06
2568	4.2085e-06
2569	4.20827e-06
2570	4.20804e-06
2571	4.20781e-06
2572	4.20759e-06
2573	4.20736e-06
2574	4.20713e-06
2575	4.2069e-06
2576	4.20667e-06
2577	4.20644e-06
2578	4.20621e-06
2579	4.20598e-06
2580	4.20576e-06
2581	4.20553e-06
2582	4.2053e-06
2583	4.20507e-06
2584	4.20484e-06
2585	4.20461e-06
2586	4.20439e-06
2587	4.20416e-06
2588	4.20393e-06
2589	4.2037e-06
2590	4.20347e-06
2591	4.20324e-06
2592	4.20302e-06
2593	4.20279e-06
2594	4.20256e-06
2595	4.20233e-06
2596	4.2021e-06
2597	4.20187e-06
2598	4.20165e-06
2599	4.20142e-06
2600	4.20119e-06
2601	4.20096e-06
2602	4.20073e-06
2603	4.20051e-06
2604	4.20028e-06
2605	4.20005e-06
2606	4.19982e-06
2607	4.19959e-06
2608	4.19937e-06
2609	4.19914e-06
2610	4.19891e-06
2611	4.19868e-06
2612	4.19846e-06
2613	4.19823e-06
2614	4.198e-06
2615	4.19777e-06
2616	4.19755e-06
2617	4.19732e-06
2618	4.19709e-06
2619	4.19686e-06
2620	4.19664e-06
2621	4.19641e-06
2622	4.19618e-06
2623	4.19595e-06
2624	4.19573e-06
2625	4.1955e-06
2626	4.19527e-06
2627	4.19504e-06
2628	4.19482e-06
2629	4.19459e-06
2630	4.19436e-06
2631	4.19414e-06
2632	4.19391e-06
2633	4.19368e-06
2634	4.19345e-06
2635	4.19323e-06
2636	4.193e-06
2637	4.19277e-06
2638	4.19255e-06
2639	4.19232e-06
2640	4.19209e-06
2641	4.19186e-06
2642	4.19164e-06
2643	4.19141e-06
2644	4.19118e-06
2645	4.19096e-06
2646	4.19073e-06
2647	4.1905e-06
2648	4.19028e-06
2649	4.19005e-06
2650	4.18982e-06
2651	4.1896e-06
2652	4.18937e-06
2653	4.18914e-06
2654	4.18892e-06
2655	4.18869e-06
2656	4.18846e-06
2657	4.18824e-06
2658	4.18801e-06
2659	4.18778e-06
2660	4.18756e-06
2661	4.18733e-06
2662	4.18711e-06
2663	4.18688e-06
2664	4.18665e-06
2665	4.18643e-06
2666	4.1862e-06
2667	4.18597e-06
2668	4.18575e-06
2669	4.18552e-06
2670	4.1853e-06
2671	4.18507e-06
2672	4.18484e-06
2673	4.18462e-06
2674	4.18439e-06
2675	4.18417e-06
2676	4.18394e-06
2677	4.18371e-06
2678	4.18349e-06
2679	4.18326e-06
2680	4.18304e-06
2681	4.18281e-06
2682	4.18258e-06
2683	4.18236e-06
2684	4.18213e-06
2685	4.18191e-06
2686	4.18168e-06
2687	4.18146e-06
2688	4.18123e-06
2689	4.181e-06
2690	4.18078e-06
2691	4.18055e-06
2692	4.18033e-06
2693	4.1801e-06
2694	4.17988e-06
2695	4.17965e-06
2696	4.17943e-06
2697	4.1792e-06
2698	4.17897e-06
2699	4.17875e-06
2700	4.17852e-06
2701	4.1783e-06
2702	4.17807e-06
2703	4.17785e-06
2704	4.17762e-06
2705	4.1774e-06
2706	4.17717e-06
2707	4.17695e-06
2708	4.17672e-06
2709	4.1765e-06
2710	4.17627e-06
2711	4.17605e-06
2712	4.17582e-06
2713	4.1756e-06
2714	4.17537e-06
2715	4.17515e-06
2716	4.17492e-06
2717	4.1747e-06
2718	4.17447e-06
2719	4.17425e-06
2720	4.17402e-06
2721	4.1738e-06
2722	4.17357e-06
2723	4.17335e-06
2724	4.17312e-06
2725	4.1729e-06
2726	4.17267e-06
2727	4.17245e-06
2728	4.17222e-06
2729	4.172e-06
2730	4.17178e-06
2731	4.17155e-06
2732	4.17133e-06
2733	4.1711e-06
2734	4.17088e-06
2735	4.17065e-06
2736	4.17043e-06
2737	4.1702e-06
2738	4.16998e-06
2739	4.16976e-06
2740	4.16953e-06
2741	4.16931e-06
2742	4.16908e-06
2743	4.16886e-06
2744	4.16863e-06
2745	4.16841e-06
2746	4.16819e-06
2747	4.16796e-06
2748	4.16774e-06
2749	4.16751e-06
2750	4.16729e-06
2751	4.16707e-06
2752	4.16684e-06
2753	4.16662e-06
2754	4.16639e-06
2755	4.16617e-06
2756	4.16595e-06
2757	4.16572e-06
2758	4.1655e-06
2759	4.16527e-06
2760	4.16505e-06
2761	4.16483e-06
2762	4.1646e-06
2763	4.16438e-06
2764	4.16415e-06
2765	4.16393e-06
2766	4.16371e-06
2767	4.16348e-06
2768	4.16326e-06
2769	4.16304e-06
2770	4.16281e-06
2771	4.16259e-06
2772	4.16237e-06
2773	4.16214e-06
2774	4.16192e-06
2775	4.1617e-06
2776	4.16147e-06
2777	4.16125e-06
2778	4.16103e-06
2779	4.1608e-06
2780	4.16058e-06
2781	4.16036e-06
2782	4.16013e-06
2783	4.15991e-06
2784	4.15969e-06
2785	4.15946e-06
2786	4.15924e-06
2787	4.15902e-06
2788	4.15879e-06
2789	4.15857e-06
2790	4.15835e-06
2791	4.15812e-06
2792	4.1579e-06
2793	4.15768e-06
2794	4.15746e-06
2795	4.15723e-06
2796	4.15701e-06
2797	4.15679e-06
2798	4.15656e-06
2799	4.15634e-06
2800	4.15612e-06
2801	4.1559e-06
2802	4.15567e-06
2803	4.15545e-06
2804	4.15523e-06
2805	4.155e-06
2806	4.15478e-06
2807	4.15456e-06
2808	4.15434e-06
2809	4.15411e-06
2810	4.15389e-06
2811	4.15367e-06
2812	4.15345e-06
2813	4.15322e-06
2814	4.153e-06
2815	4.15278e-06
2816	4.15256e-06
2817	4.15233e-06
2818	4.15211e-06
2819	4.15189e-06
2820	4.15167e-06
2821	4.15144e-06
2822	4.15122e-06
2823	4.151e-06
2824	4.15078e-06
2825	4.15056e-06
2826	4.15033e-06
2827	4.15011e-06
2828	4.14989e-06
2829	4.14967e-06
2830	4.14945e-06
2831	4.14922e-06
2832	4.149e-06
2833	4.14878e-06
2834	4.14856e-06
2835	4.14834e-06
2836	4.14811e-06
2837	4.14789e-06
2838	4.14767e-06
2839	4.14745e-06
2840	4.14723e-06
2841	4.147e-06
2842	4.14678e-06
2843	4.14656e-06
2844	4.14634e-06
2845	4.14612e-06
2846	4.1459e-06
2847	4.14567e-06
2848	4.14545e-06
2849	4.14523e-06
2850	4.14501e-06
2851	4.14479e-06
2852	4.14457e-06
2853	4.14434e-06
2854	4.14412e-06
2855	4.1439e-06
2856	4.14368e-06
2857	4.14346e-06
2858	4.14324e-06
2859	4.14302e-06
2860	4.1428e-06
2861	4.14257e-06
2862	4.14235e-06
2863	4.14213e-06
2864	4.14191e-06
2865	4.14169e-06
2866	4.14147e-06
2867	4.14125e-06
2868	4.14103e-06
2869	4.1408e-06
2870	4.14058e-06
2871	4.14036e-06
2872	4.14014e-06
2873	4.13992e-06
2874	4.1397e-06
2875	4.13948e-06
2876	4.13926e-06
2877	4.13904e-06
2878	4.13882e-06
2879	4.13859e-06
2880	4.13837e-06
2881	4.13815e-06
2882	4.13793e-06
2883	4.13771e-06
2884	4.13749e-06
2885	4.13727e-06
2886	4.13705e-06
2887	4.13683e-06
2888	4.13661e-06
2889	4.13639e-06
2890	4.13617e-06
2891	4.13595e-06
2892	4.13573e-06
2893	4.13551e-06
2894	4.13528e-06
2895	4.13506e-06
2896	4.13484e-06
2897	4.13462e-06
2898	4.1344e-06
2899	4.13418e-06
2900	4.13396e-06
2901	4.13374e-06
2902	4.13352e-06
2903	4.1333e-06
2904	4.13308e-06
2905	4.13286e-06
2906	4.13264e-06
2907	4.13242e-06
2908	4.1322e-06
2909	4.13198e-06
2910	4.13176e-06
2911	4.13154e-06
2912	4.13132e-06
2913	4.1311e-06
2914	4.13088e-06
2915	4.13066e-06
2916	4.13044e-06
2917	4.13022e-06
2918	4.13e-06
2919	4.12978e-06
2920	4.12956e-06
2921	4.12934e-06
2922	4.12912e-06
2923	4.1289e-06
2924	4.12868e-06
2925	4.12846e-06
2926	4.12824e-06
2927	4.12802e-06
2928	4.1278e-06
2929	4.12758e-06
2930	4.12736e-06
2931	4.12714e-06
2932	4.12692e-06
2933	4.1267e-06
2934	4.12648e-06
2935	4.12627e-06
2936	4.12605e-06
2937	4.12583e-06
2938	4.12561e-06
2939	4.12539e-06
2940	4.12517e-06
2941	4.12495e-06
2942	4.12473e-06
2943	4.12451e-06
2944	4.12429e-06
2945	4.12407e-06
2946	4.12385e-06
2947	4.12363e-06
2948	4.12341e-06
2949	4.12319e-06
2950	4.12298e-06
2951	4.12276e-06
2952	4.12254e-06
2953	4.12232e-06
2954	4.1221e-06
2955	4.12188e-06
2956	4.12166e-06
2957	4.12144e-06
2958	4.12122e-06
2959	4.121e-06
2960	4.12079e-06
2961	4.12057e-06
2962	4.12035e-06
2963	4.12013e-06
2964	4.11991e-06
2965	4.11969e-06
2966	4.11947e-06
2967	4.11925e-06
2968	4.11903e-06
2969	4.11882e-06
2970	4.1186e-06
2971	4.11838e-06
2972	4.11816e-06
2973	4.11794e-06
2974	4.11772e-06
2975	4.1175e-06
2976	4.11729e-06
2977	4.11707e-06
2978	4.11685e-06
2979	4.11663e-06
2980	4.11641e-06
2981	4.11619e-06
2982	4.11598e-06
2983	4.11576e-06
2984	4.11554e-06
2985	4.11532e-06
2986	4.1151e-06
2987	4.11488e-06
2988	4.11467e-06
2989	4.11445e-06
2990	4.11423e-06
2991	4.11401e-06
2992	4.11379e-06
2993	4.11357e-06
2994	4.11336e-06
2995	4.11314e-06
2996	4.11292e-06
2997	4.1127e-06
2998	4.11248e-06
2999	4.11227e-06
3000	4.11205e-06
3001	4.11183e-06
3002	4.11161e-06
3003	4.11139e-06
3004	4.11118e-06
3005	4.11096e-06
3006	4.11074e-06
3007	4.11052e-06
3008	4.11031e-06
3009	4.11009e-06
3010	4.10987e-06
3011	4.10965e-06
3012	4.10943e-06
3013	4.10922e-06
3014	4.109e-06
3015	4.10878e-06
3016	4.10856e-06
3017	4.10835e-06
3018	4.10813e-06
3019	4.10791e-06
3020	4.10769e-06
3021	4.10748e-06
3022	4.10726e-06
3023	4.10704e-06
3024	4.10682e-06
3025	4.10661e-06
3026	4.10639e-06
3027	4.10617e-06
3028	4.10596e-06
3029	4.10574e-06
3030	4.10552e-06
3031	4.1053e-06
3032	4.10509e-06
3033	4.10487e-06
3034	4.10465e-06
3035	4.10443e-06
3036	4.10422e-06
3037	4.104e-06
3038	4.10378e-06
3039	4.10357e-06
3040	4.10335e-06
3041	4.10313e-06
3042	4.10292e-06
3043	4.1027e-06
3044	4.10248e-06
3045	4.10226e-06
3046	4.10205e-06
3047	4.10183e-06
3048	4.10161e-06
3049	4.1014e-06
3050	4.10118e-06
3051	4.10096e-06
3052	4.10075e-06
3053	4.10053e-06
3054	4.10031e-06
3055	4.1001e-06
3056	4.09988e-06
3057	4.09966e-06
3058	4.09945e-06
3059	4.09923e-06
3060	4.09901e-06
3061	4.0988e-06
3062	4.09858e-06
3063	4.09836e-06
3064	4.09815e-06
3065	4.09793e-06
3066	4.09771e-06
3067	4.0975e-06
3068	4.09728e-06
3069	4.09707e-06
3070	4.09685e-06
3071	4.09663e-06
3072	4.09642e-06
3073	4.0962e-06
3074	4.09598e-06
3075	4.09577e-06
3076	4.09555e-06
3077	4.09534e-06
3078	4.09512e-06
3079	4.0949e-06
3080	4.09469e-06
3081	4.09447e-06
3082	4.09426e-06
3083	4.09404e-06
3084	4.09382e-06
3085	4.09361e-06
3086	4.09339e-06
3087	4.09318e-06
3088	4.09296e-06
3089	4.09274e-06
3090	4.09253e-06
3091	4.09231e-06
3092	4.0921e-06
3093	4.09188e-06
3094	4.09166e-06
3095	4.09145e-06
3096	4.09123e-06
3097	4.09102e-06
3098	4.0908e-06
3099	4.09059e-06
3100	4.09037e-06
3101	4.09015e-06
3102	4.08994e-06
3103	4.08972e-06
3104	4.08951e-06
3105	4.08929e-06
3106	4.08908e-06
3107	4.08886e-06
3108	4.08865e-06
3109	4.08843e-06
3110	4.08822e-06
3111	4.088e-06
3112	4.08778e-06
3113	4.08757e-06
3114	4.08735e-06
3115	4.08714e-06
3116	4.08692e-06
3117	4.08671e-06
3118	4.08649e-06
3119	4.08628e-06
3120	4.08606e-06
3121	4.08585e-06
3122	4.08563e-06
3123	4.08542e-06
3124	4.0852e-06
3125	4.08499e-06
3126	4.08477e-06
3127	4.08456e-06
3128	4.08434e-06
3129	4.08413e-06
3130	4.08391e-06
3131	4.0837e-06
3132	4.08348e-06
3133	4.08327e-06
3134	4.08305e-06
3135	4.08284e-06
3136	4.08262e-06
3137	4.08241e-06
3138	4.08219e-06
3139	4.08198e-06
3140	4.08176e-06
3141	4.08155e-06
3142	4.08133e-06
3143	4.08112e-06
3144	4.08091e-06
3145	4.08069e-06
3146	4.08048e-06
3147	4.08026e-06
3148	4.08005e-06
3149	4.07983e-06
3150	4.07962e-06
3151	4.0794e-06
3152	4.07919e-06
3153	4.07897e-06
3154	4.07876e-06
3155	4.07855e-06
3156	4.07833e-06
3157	4.07812e-06
3158	4.0779e-06
3159	4.07769e-06
3160	4.07747e-06
3161	4.07726e-06
3162	4.07705e-06
3163	4.07683e-06
3164	4.07662e-06
3165	4.0764e-06
3166	4.07619e-06
3167	4.07598e-06
3168	4.07576e-06
3169	4.07555e-06
3170	4.07533e-06
3171	4.07512e-06
3172	4.07491e-06
3173	4.07469e-06
3174	4.07448e-06
3175	4.07426e-06
3176	4.07405e-06
3177	4.07384e-06
3178	4.07362e-06
3179	4.07341e-06
3180	4.07319e-06
3181	4.07298e-06
3182	4.07277e-06
3183	4.07255e-06
3184	4.07234e-06
3185	4.07213e-06
3186	4.07191e-06
3187	4.0717e-06
3188	4.07148e-06
3189	4.07127e-06
3190	4.07106e-06
3191	4.07084e-06
3192	4.07063e-06
3193	4.07042e-06
3194	4.0702e-06
3195	4.06999e-06
3196	4.06978e-06
3197	4.06956e-06
3198	4.06935e-06
3199	4.06914e-06
3200	4.06892e-06
3201	4.06871e-06
3202	4.0685e-06
3203	4.06828e-06
3204	4.06807e-06
3205	4.06786e-06
3206	4.06764e-06
3207	4.06743e-06
3208	4.06722e-06
3209	4.067e-06
3210	4.06679e-06
3211	4.06658e-06
3212	4.06636e-06
3213	4.06615e-06
3214	4.06594e-06
3215	4.06573e-06
3216	4.06551e-06
3217	4.0653e-06
3218	4.06509e-06
3219	4.06487e-06
3220	4.06466e-06
3221	4.06445e-06
3222	4.06424e-06
3223	4.06402e-06
3224	4.06381e-06
3225	4.0636e-06
3226	4.06338e-06
3227	4.06317e-06
3228	4.06296e-06
3229	4.06275e-06
3230	4.06253e-06
3231	4.06232e-06
3232	4.06211e-06
3233	4.0619e-06
3234	4.06168e-06
3235	4.06147e-06
3236	4.06126e-06
3237	4.06105e-06
3238	4.06083e-06
3239	4.06062e-06
3240	4.06041e-06
3241	4.0602e-06
3242	4.05998e-06
3243	4.05977e-06
3244	4.05956e-06
3245	4.05935e-06
3246	4.05913e-06
3247	4.05892e-06
3248	4.05871e-06
3249	4.0585e-06
3250	4.05828e-06
3251	4.05807e-06
3252	4.05786e-06
3253	4.05765e-06
3254	4.05744e-06
3255	4.05722e-06
3256	4.05701e-06
3257	4.0568e-06
3258	4.05659e-06
3259	4.05638e-06
3260	4.05616e-06
3261	4.05595e-06
3262	4.05574e-06
3263	4.05553e-06
3264	4.05532e-06
3265	4.0551e-06
3266	4.05489e-06
3267	4.05468e-06
3268	4.05447e-06
3269	4.05426e-06
3270	4.05404e-06
3271	4.05383e-06
3272	4.05362e-06
3273	4.05341e-06
3274	4.0532e-06
3275	4.05299e-06
3276	4.05277e-06
3277	4.05256e-06
3278	4.05235e-06
3279	4.05214e-06
3280	4.05193e-06
3281	4.05172e-06
3282	4.05151e-06
3283	4.05129e-06
3284	4.05108e-06
3285	4.05087e-06
3286	4.05066e-06
3287	4.05045e-06
3288	4.05024e-06
3289	4.05003e-06
3290	4.04981e-06
3291	4.0496e-06
3292	4.04939e-06
3293	4.04918e-06
3294	4.04897e-06
3295	4.04876e-06
3296	4.04855e-06
3297	4.04834e-06
3298	4.04812e-06
3299	4.04791e-06
3300	4.0477e-06
3301	4.04749e-06
3302	4.04728e-06
3303	4.04707e-06
3304	4.04686e-06
3305	4.04665e-06
3306	4.04644e-06
3307	4.04623e-06
3308	4.04601e-06
3309	4.0458e-06
3310	4.04559e-06
3311	4.04538e-06
3312	4.04517e-06
3313	4.04496e-06
3314	4.04475e-06
3315	4.04454e-06
3316	4.04433e-06
3317	4.04412e-06
3318	4.04391e-06
3319	4.0437e-06
3320	4.04348e-06
3321	4.04327e-06
3322	4.04306e-06
3323	4.04285e-06
3324	4.04264e-06
3325	4.04243e-06
3326	4.04222e-06
3327	4.04201e-06
3328	4.0418e-06
3329	4.04159e-06
3330	4.04138e-06
3331	4.04117e-06
3332	4.04096e-06
3333	4.04075e-06
3334	4.04054e-06
3335	4.04033e-06
3336	4.04012e-06
3337	4.03991e-06
3338	4.0397e-06
3339	4.03949e-06
3340	4.03928e-06
3341	4.03907e-06
3342	4.03886e-06
3343	4.03865e-06
3344	4.03844e-06
3345	4.03823e-06
3346	4.03802e-06
3347	4.03781e-06
3348	4.0376e-06
3349	4.03739e-06
3350	4.03718e-06
3351	4.03697e-06
3352	4.03676e-06
3353	4.03655e-06
3354	4.03634e-06
3355	4.03613e-06
3356	4.03592e-06
3357	4.03571e-06
3358	4.0355e-06
3359	4.03529e-06
3360	4.03508e-06
3361	4.03487e-06
3362	4.03466e-06
3363	4.03445e-06
3364	4.03424e-06
3365	4.03403e-06
3366	4.03382e-06
3367	4.03361e-06
3368	4.0334e-06
3369	4.03319e-06
3370	4.03298e-06
3371	4.03277e-06
3372	4.03256e-06
3373	4.03235e-06
3374	4.03214e-06
3375	4.03193e-06
3376	4.03172e-06
3377	4.03151e-06
3378	4.0313e-06
3379	4.03109e-06
3380	4.03089e-06
3381	4.03068e-06
3382	4.03047e-06
3383	4.03026e-06
3384	4.03005e-06
3385	4.02984e-06
3386	4.02963e-06
3387	4.02942e-06
3388	4.02921e-06
3389	4.029e-06
3390	4.02879e-06
3391	4.02858e-06
3392	4.02838e-06
3393	4.02817e-06
3394	4.02796e-06
3395	4.02775e-06
3396	4.02754e-06
3397	4.02733e-06
3398	4.02712e-06
3399	4.02691e-06
3400	4.0267e-06
3401	4.02649e-06
3402	4.02629e-06
3403	4.02608e-06
3404	4.02587e-06
3405	4.02566e-06
3406	4.02545e-06
3407	4.02524e-06
3408	4.02503e-06
3409	4.02482e-06
3410	4.02462e-06
3411	4.02441e-06
3412	4.0242e-06
3413	4.02399e-06
3414	4.02378e-06
3415	4.02357e-06
3416	4.02336e-06
3417	4.02316e-06
3418	4.02295e-06
3419	4.02274e-06
3420	4.02253e-06
3421	4.02232e-06
3422	4.02211e-06
3423	4.0219e-06
3424	4.0217e-06
3425	4.02149e-06
3426	4.02128e-06
3427	4.02107e-06
3428	4.02086e-06
3429	4.02065e-06
3430	4.02045e-06
3431	4.02024e-06
3432	4.02003e-06
3433	4.01982e-06
3434	4.01961e-06
3435	4.01941e-06
3436	4.0192e-06
3437	4.01899e-06
3438	4.01878e-06
3439	4.01857e-06
3440	4.01837e-06
3441	4.01816e-06
3442	4.01795e-06
3443	4.01774e-06
3444	4.01753e-06
3445	4.01733e-06
3446	4.01712e-06
3447	4.01691e-06
3448	4.0167e-06
3449	4.01649e-06
3450	4.01629e-06
3451	4.01608e-06
3452	4.01587e-06
3453	4.01566e-06
3454	4.01545e-06
3455	4.01525e-06
3456	4.01504e-06
3457	4.01483e-06
3458	4.01462e-06
3459	4.01442e-06
3460	4.01421e-06
3461	4.014e-06
3462	4.01379e-06
3463	4.01359e-06
3464	4.01338e-06
3465	4.01317e-06
3466	4.01296e-06
3467	4.01276e-06
3468	4.01255e-06
3469	4.01234e-06
3470	4.01213e-06
3471	4.01193e-06
3472	4.01172e-06
3473	4.01151e-06
3474	4.0113e-06
3475	4.0111e-06
3476	4.01089e-06
3477	4.01068e-06
3478	4.01048e-06
3479	4.01027e-06
3480	4.01006e-06
3481	4.00985e-06
3482	4.00965e-06
3483	4.00944e-06
3484	4.00923e-06
3485	4.00903e-06
3486	4.00882e-06
3487	4.00861e-06
3488	4.00841e-06
3489	4.0082e-06
3490	4.00799e-06
3491	4.00778e-06
3492	4.00758e-06
3493	4.00737e-06
3494	4.00716e-06
3495	4.00696e-06
3496	4.00675e-06
3497	4.00654e-06
3498	4.00634e-06
3499	4.00613e-06
3500	4.00592e-06
3501	4.00572e-06
3502	4.00551e-06
3503	4.0053e-06
3504	4.0051e-06
3505	4.00489e-06
3506	4.00468e-06
3507	4.00448e-06
3508	4.00427e-06
3509	4.00406e-06
3510	4.00386e-06
3511	4.00365e-06
3512	4.00344e-06
3513	4.00324e-06
3514	4.00303e-06
3515	4.00282e-06
3516	4.00262e-06
3517	4.00241e-06
3518	4.00221e-06
3519	4.002e-06
3520	4.00179e-06
3521	4.00159e-06
3522	4.00138e-06
3523	4.00117e-06
3524	4.00097e-06
3525	4.00076e-06
3526	4.00056e-06
3527	4.00035e-06
3528	4.00014e-06
3529	3.99994e-06
3530	3.99973e-06
3531	3.99952e-06
3532	3.99932e-06
3533	3.99911e-06
3534	3.99891e-06
3535	3.9987e-06
3536	3.99849e-06
3537	3.99829e-06
3538	3.99808e-06
3539	3.99788e-06
3540	3.99767e-06
3541	3.99747e-06
3542	3.99726e-06
3543	3.99705e-06
3544	3.99685e-06
3545	3.99664e-06
3546	3.99644e-06
3547	3.99623e-06
3548	3.99602e-06
3549	3.99582e-06
3550	3.99561e-06
3551	3.99541e-06
3552	3.9952e-06
3553	3.995e-06
3554	3.99479e-06
3555	3.99459e-06
3556	3.99438e-06
3557	3.99417e-06
3558	3.99397e-06
3559	3.99376e-06
3560	3.99356e-06
3561	3.99335e-06
3562	3.99315e-06
3563	3.99294e-06
3564	3.99274e-06
3565	3.99253e-06
3566	3.99233e-06
3567	3.99212e-06
3568	3.99192e-06
3569	3.99171e-06
3570	3.9915e-06
3571	3.9913e-06
3572	3.99109e-06
3573	3.99089e-06
3574	3.99068e-06
3575	3.99048e-06
3576	3.99027e-06
3577	3.99007e-06
3578	3.98986e-06
3579	3.98966e-06
3580	3.98945e-06
3581	3.98925e-06
3582	3.98904e-06
3583	3.98884e-06
3584	3.98863e-06
3585	3.98843e-06
3586	3.98822e-06
3587	3.98802e-06
3588	3.98781e-06
3589	3.98761e-06
3590	3.9874e-06
3591	3.9872e-06
3592	3.98699e-06
3593	3.98679e-06
3594	3.98659e-06
3595	3.98638e-06
3596	3.98618e-06
3597	3.98597e-06
3598	3.98577e-06
3599	3.98556e-06
3600	3.98536e-06
3601	3.98515e-06
3602	3.98495e-06
3603	3.98474e-06
3604	3.98454e-06
3605	3.98433e-06
3606	3.98413e-06
3607	3.98393e-06
3608	3.98372e-06
3609	3.98352e-06
3610	3.98331e-06
3611	3.98311e-06
3612	3.9829e-06
3613	3.9827e-06
3614	3.98249e-06
3615	3.98229e-06
3616	3.98209e-06
3617	3.98188e-06
3618	3.98168e-06
3619	3.98147e-06
3620	3.98127e-06
3621	3.98107e-06
3622	3.98086e-06
3623	3.98066e-06
3624	3.98045e-06
3625	3.98025e-06
3626	3.98004e-06
3627	3.97984e-06
3628	3.97964e-06
3629	3.97943e-06
3630	3.97923e-06
3631	3.97902e-06
3632	3.97882e-06
3633	3.97862e-06
3634	3.97841e-06
3635	3.97821e-06
3636	3.97801e-06
3637	3.9778e-06
3638	3.9776e-06
3639	3.97739e-06
3640	3.97719e-06
3641	3.97699e-06
3642	3.97678e-06
3643	3.97658e-06
3644	3.97638e-06
3645	3.97617e-06
3646	3.97597e-06
3647	3.97576e-06
3648	3.97556e-06
3649	3.97536e-06
3650	3.97515e-06
3651	3.97495e-06
3652	3.97475e-06
3653	3.97454e-06
3654	3.97434e-06
3655	3.97414e-06
3656	3.97393e-06
3657	3.97373e-06
3658	3.97353e-06
3659	3.97332e-06
3660	3.97312e-06
3661	3.97292e-06
3662	3.97271e-06
3663	3.97251e-06
3664	3.97231e-06
3665	3.9721e-06
3666	3.9719e-06
3667	3.9717e-06
3668	3.97149e-06
3669	3.97129e-06
3670	3.97109e-06
3671	3.97088e-06
3672	3.97068e-06
3673	3.97048e-06
3674	3.97027e-06
3675	3.97007e-06
3676	3.96987e-06
3677	3.96967e-06
3678	3.96946e-06
3679	3.96926e-06
3680	3.96906e-06
3681	3.96885e-06
3682	3.96865e-06
3683	3.96845e-06
3684	3.96825e-06
3685	3.96804e-06
3686	3.96784e-06
3687	3.96764e-06
3688	3.96743e-06
3689	3.96723e-06
3690	3.96703e-06
3691	3.96683e-06
3692	3.96662e-06
3693	3.96642e-06
3694	3.96622e-06
3695	3.96602e-06
3696	3.96581e-06
3697	3.96561e-06
3698	3.96541e-06
3699	3.96521e-06
3700	3.965e-06
3701	3.9648e-06
3702	3.9646e-06
3703	3.9644e-06
3704	3.96419e-06
3705	3.96399e-06
3706	3.96379e-06
3707	3.96359e-06
3708	3.96338e-06
3709	3.96318e-06
3710	3.96298e-06
3711	3.96278e-06
3712	3.96257e-06
3713	3.96237e-06
3714	3.96217e-06
3715	3.96197e-06
3716	3.96177e-06
3717	3.96156e-06
3718	3.96136e-06
3719	3.96116e-06
3720	3.96096e-06
3721	3.96075e-06
3722	3.96055e-06
3723	3.96035e-06
3724	3.96015e-06
3725	3.95995e-06
3726	3.95974e-06
3727	3.95954e-06
3728	3.95934e-06
3729	3.95914e-06
3730	3.95894e-06
3731	3.95874e-06
3732	3.95853e-06
3733	3.95833e-06
3734	3.95813e-06
3735	3.95793e-06
3736	3.95773e-06
3737	3.95752e-06
3738	3.95732e-06
3739	3.95712e-06
3740	3.95692e-06
3741	3.95672e-06
3742	3.95652e-06
3743	3.95631e-06
3744	3.95611e-06
3745	3.95591e-06
3746	3.95571e-06
3747	3.95551e-06
3748	3.95531e-06
3749	3.95511e-06
3750	3.9549e-06
3751	3.9547e-06
3752	3.9545e-06
3753	3.9543e-06
3754	3.9541e-06
3755	3.9539e-06
3756	3.9537e-06
3757	3.95349e-06
3758	3.95329e-06
3759	3.95309e-06
3760	3.95289e-06
3761	3.95269e-06
3762	3.95249e-06
3763	3.95229e-06
3764	3.95209e-06
3765	3.95188e-06
3766	3.95168e-06
3767	3.95148e-06
3768	3.95128e-06
3769	3.95108e-06
3770	3.95088e-06
3771	3.95068e-06
3772	3.95048e-06
3773	3.95028e-06
3774	3.95007e-06
3775	3.94987e-06
3776	3.94967e-06
3777	3.94947e-06
3778	3.94927e-06
3779	3.94907e-06
3780	3.94887e-06
3781	3.94867e-06
3782	3.94847e-06
3783	3.94827e-06
3784	3.94807e-06
3785	3.94787e-06
3786	3.94766e-06
3787	3.94746e-06
3788	3.94726e-06
3789	3.94706e-06
3790	3.94686e-06
3791	3.94666e-06
3792	3.94646e-06
3793	3.94626e-06
3794	3.94606e-06
3795	3.94586e-06
3796	3.94566e-06
3797	3.94546e-06
3798	3.94526e-06
3799	3.94506e-06
3800	3.94486e-06
3801	3.94466e-06
3802	3.94446e-06
3803	3.94426e-06
3804	3.94405e-06
3805	3.94385e-06
3806	3.94365e-06
3807	3.94345e-06
3808	3.94325e-06
3809	3.94305e-06
3810	3.94285e-06
3811	3.94265e-06
3812	3.94245e-06
3813	3.94225e-06
3814	3.94205e-06
3815	3.94185e-06
3816	3.94165e-06
3817	3.94145e-06
3818	3.94125e-06
3819	3.94105e-06
3820	3.94085e-06
3821	3.94065e-06
3822	3.94045e-06
3823	3.94025e-06
3824	3.94005e-06
3825	3.93985e-06
3826	3.93965e-06
3827	3.93945e-06
3828	3.93925e-06
3829	3.93905e-06
3830	3.93885e-06
3831	3.93865e-06
3832	3.93845e-06
3833	3.93825e-06
3834	3.93805e-06
3835	3.93785e-06
3836	3.93765e-06
3837	3.93745e-06
3838	3.93725e-06
3839	3.93706e-06
3840	3.93686e-06
3841	3.93666e-06
3842	3.93646e-06
3843	3.93626e-06
3844	3.93606e-06
3845	3.93586e-06
3846	3.93566e-06
3847	3.93546e-06
3848	3.93526e-06
3849	3.93506e-06
3850	3.93486e-06
3851	3.93466e-06
3852	3.93446e-06
3853	3.93426e-06
3854	3.93406e-06
3855	3.93386e-06
3856	3.93366e-06
3857	3.93346e-06
3858	3.93327e-06
3859	3.93307e-06
3860	3.93287e-06
3861	3.93267e-06
3862	3.93247e-06
3863	3.93227e-06
3864	3.93207e-06
3865	3.93187e-06
3866	3.93167e-06
3867	3.93147e-06
3868	3.93127e-06
3869	3.93108e-06
3870	3.93088e-06
3871	3.93068e-06
3872	3.93048e-06
3873	3.93028e-06
3874	3.93008e-06
3875	3.92988e-06
3876	3.92968e-06
3877	3.92948e-06
3878	3.92928e-06
3879	3.92909e-06
3880	3.92889e-06
3881	3.92869e-06
3882	3.92849e-06
3883	3.92829e-06
3884	3.92809e-06
3885	3.92789e-06
3886	3.92769e-06
3887	3.9275e-06
3888	3.9273e-06
3889	3.9271e-06
3890	3.9269e-06
3891	3.9267e-06
3892	3.9265e-06
3893	3.9263e-06
3894	3.92611e-06
3895	3.92591e-06
3896	3.92571e-06
3897	3.92551e-06
3898	3.92531e-06
3899	3.92511e-06
3900	3.92491e-06
3901	3.92472e-06
3902	3.92452e-06
3903	3.92432e-06
3904	3.92412e-06
3905	3.92392e-06
3906	3.92372e-06
3907	3.92353e-06
3908	3.92333e-06
3909	3.92313e-06
3910	3.92293e-06
3911	3.92273e-06
3912	3.92254e-06
3913	3.92234e-06
3914	3.92214e-06
3915	3.92194e-06
3916	3.92174e-06
3917	3.92155e-06
3918	3.92135e-06
3919	3.92115e-06
3920	3.92095e-06
3921	3.92075e-06
3922	3.92056e-06
3923	3.92036e-06
3924	3.92016e-06
3925	3.91996e-06
3926	3.91976e-06
3927	3.91957e-06
3928	3.91937e-06
3929	3.91917e-06
3930	3.91897e-06
3931	3.91877e-06
3932	3.91858e-06
3933	3.91838e-06
3934	3.91818e-06
3935	3.91798e-06
3936	3.91779e-06
3937	3.91759e-06
3938	3.91739e-06
3939	3.91719e-06
3940	3.917e-06
3941	3.9168e-06
3942	3.9166e-06
3943	3.9164e-06
3944	3.9162e-06
3945	3.91601e-06
3946	3.91581e-06
3947	3.91561e-06
3948	3.91541e-06
3949	3.91522e-06
3950	3.91502e-06
3951	3.91482e-06
3952	3.91463e-06
3953	3.91443e-06
3954	3.91423e-06
3955	3.91403e-06
3956	3.91384e-06
3957	3.91364e-06
3958	3.91344e-06
3959	3.91324e-06
3960	3.91305e-06
3961	3.91285e-06
3962	3.91265e-06
3963	3.91246e-06
3964	3.91226e-06
3965	3.91206e-06
3966	3.91186e-06
3967	3.91167e-06
3968	3.91147e-06
3969	3.91127e-06
3970	3.91108e-06
3971	3.91088e-06
3972	3.91068e-06
3973	3.91049e-06
3974	3.91029e-06
3975	3.91009e-06
3976	3.90989e-06
3977	3.9097e-06
3978	3.9095e-06
3979	3.9093e-06
3980	3.90911e-06
3981	3.90891e-06
3982	3.90871e-06
3983	3.90852e-06
3984	3.90832e-06
3985	3.90812e-06
3986	3.90793e-06
3987	3.90773e-06
3988	3.90753e-06
3989	3.90734e-06
3990	3.90714e-06
3991	3.90694e-06
3992	3.90675e-06
3993	3.90655e-06
3994	3.90635e-06
3995	3.90616e-06
3996	3.90596e-06
3997	3.90576e-06
3998	3.90557e-06
3999	3.90537e-06
4000	3.90518e-06
4001	3.90498e-06
4002	3.90478e-06
4003	3.90459e-06
4004	3.90439e-06
4005	3.90419e-06
4006	3.904e-06
4007	3.9038e-06
4008	3.9036e-06
4009	3.90341e-06
4010	3.90321e-06
4011	3.90302e-06
4012	3.90282e-06
4013	3.90262e-06
4014	3.90243e-06
4015	3.90223e-06
4016	3.90204e-06
4017	3.90184e-06
4018	3.90164e-06
4019	3.90145e-06
4020	3.90125e-06
4021	3.90106e-06
4022	3.90086e-06
4023	3.90066e-06
4024	3.90047e-06
4025	3.90027e-06
4026	3.90008e-06
4027	3.89988e-06
4028	3.89968e-06
4029	3.89949e-06
4030	3.89929e-06
4031	3.8991e-06
4032	3.8989e-06
4033	3.8987e-06
4034	3.89851e-06
4035	3.89831e-06
4036	3.89812e-06
4037	3.89792e-06
4038	3.89773e-06
4039	3.89753e-06
4040	3.89733e-06
4041	3.89714e-06
4042	3.89694e-06
4043	3.89675e-06
4044	3.89655e-06
4045	3.89636e-06
4046	3.89616e-06
4047	3.89597e-06
4048	3.89577e-06
4049	3.89558e-06
4050	3.89538e-06
4051	3.89518e-06
4052	3.89499e-06
4053	3.89479e-06
4054	3.8946e-06
4055	3.8944e-06
4056	3.89421e-06
4057	3.89401e-06
4058	3.89382e-06
4059	3.89362e-06
4060	3.89343e-06
4061	3.89323e-06
4062	3.89304e-06
4063	3.89284e-06
4064	3.89265e-06
4065	3.89245e-06
4066	3.89226e-06
4067	3.89206e-06
4068	3.89187e-06
4069	3.89167e-06
4070	3.89148e-06
4071	3.89128e-06
4072	3.89109e-06
4073	3.89089e-06
4074	3.8907e-06
4075	3.8905e-06
4076	3.89031e-06
4077	3.89011e-06
4078	3.88992e-06
4079	3.88972e-06
4080	3.88953e-06
4081	3.88933e-06
4082	3.88914e-06
4083	3.88894e-06
4084	3.88875e-06
4085	3.88855e-06
4086	3.88836e-06
4087	3.88816e-06
4088	3.88797e-06
4089	3.88777e-06
4090	3.88758e-06
4091	3.88738e-06
4092	3.88719e-06
4093	3.887e-06
4094	3.8868e-06
4095	3.88661e-06
4096	3.88641e-06
4097	3.88622e-06
4098	3.88602e-06
4099	3.88583e-06
4100	3.88563e-06
4101	3.88544e-06
4102	3.88525e-06
4103	3.88505e-06
4104	3.88486e-06
4105	3.88466e-06
4106	3.88447e-06
4107	3.88427e-06
4108	3.88408e-06
4109	3.88388e-06
4110	3.88369e-06
4111	3.8835e-06
4112	3.8833e-06
4113	3.88311e-06
4114	3.88291e-06
4115	3.88272e-06
4116	3.88253e-06
4117	3.88233e-06
4118	3.88214e-06
4119	3.88194e-06
4120	3.88175e-06
4121	3.88156e-06
4122	3.88136e-06
4123	3.88117e-06
4124	3.88097e-06
4125	3.88078e-06
4126	3.88059e-06
4127	3.88039e-06
4128	3.8802e-06
4129	3.88e-06
4130	3.87981e-06
4131	3.87962e-06
4132	3.87942e-06
4133	3.87923e-06
4134	3.87903e-06
4135	3.87884e-06
4136	3.87865e-06
4137	3.87845e-06
4138	3.87826e-06
4139	3.87807e-06
4140	3.87787e-06
4141	3.87768e-06
4142	3.87749e-06
4143	3.87729e-06
4144	3.8771e-06
4145	3.8769e-06
4146	3.87671e-06
4147	3.87652e-06
4148	3.87632e-06
4149	3.87613e-06
4150	3.87594e-06
4151	3.87574e-06
4152	3.87555e-06
4153	3.87536e-06
4154	3.87516e-06
4155	3.87497e-06
4156	3.87478e-06
4157	3.87458e-06
4158	3.87439e-06
4159	3.8742e-06
4160	3.874e-06
4161	3.87381e-06
4162	3.87362e-06
4163	3.87342e-06
4164	3.87323e-06
4165	3.87304e-06
4166	3.87284e-06
4167	3.87265e-06
4168	3.87246e-06
4169	3.87226e-06
4170	3.87207e-06
4171	3.87188e-06
4172	3.87169e-06
4173	3.87149e-06
4174	3.8713e-06
4175	3.87111e-06
4176	3.87091e-06
4177	3.87072e-06
4178	3.87053e-06
4179	3.87033e-06
4180	3.87014e-06
4181	3.86995e-06
4182	3.86976e-06
4183	3.86956e-06
4184	3.86937e-06
4185	3.86918e-06
4186	3.86898e-06
4187	3.86879e-06
4188	3.8686e-06
4189	3.86841e-06
4190	3.86821e-06
4191	3.86802e-06
4192	3.86783e-06
4193	3.86764e-06
4194	3.86744e-06
4195	3.86725e-06
4196	3.86706e-06
4197	3.86687e-06
4198	3.86667e-06
4199	3.86648e-06
4200	3.86629e-06
4201	3.8661e-06
4202	3.8659e-06
4203	3.86571e-06
4204	3.86552e-06
4205	3.86533e-06
4206	3.86513e-06
4207	3.86494e-06
4208	3.86475e-06
4209	3.86456e-06
4210	3.86436e-06
4211	3.86417e-06
4212	3.86398e-06
4213	3.86379e-06
4214	3.8636e-06
4215	3.8634e-06
4216	3.86321e-06
4217	3.86302e-06
4218	3.86283e-06
4219	3.86263e-06
4220	3.86244e-06
4221	3.86225e-06
4222	3.86206e-06
4223	3.86187e-06
4224	3.86167e-06
4225	3.86148e-06
4226	3.86129e-06
4227	3.8611e-06
4228	3.86091e-06
4229	3.86071e-06
4230	3.86052e-06
4231	3.86033e-06
4232	3.86014e-06
4233	3.85995e-06
4234	3.85975e-06
4235	3.85956e-06
4236	3.85937e-06
4237	3.85918e-06
4238	3.85899e-06
4239	3.8588e-06
4240	3.8586e-06
4241	3.85841e-06
4242	3.85822e-06
4243	3.85803e-06
4244	3.85784e-06
4245	3.85765e-06
4246	3.85745e-06
4247	3.85726e-06
4248	3.85707e-06
4249	3.85688e-06
4250	3.85669e-06
4251	3.8565e-06
4252	3.8563e-06
4253	3.85611e-06
4254	3.85592e-06
4255	3.85573e-06
4256	3.85554e-06
4257	3.85535e-06
4258	3.85516e-06
4259	3.85496e-06
4260	3.85477e-06
4261	3.85458e-06
4262	3.85439e-06
4263	3.8542e-06
4264	3.85401e-06
4265	3.85382e-06
4266	3.85363e-06
4267	3.85343e-06
4268	3.85324e-06
4269	3.85305e-06
4270	3.85286e-06
4271	3.85267e-06
4272	3.85248e-06
4273	3.85229e-06
4274	3.8521e-06
4275	3.85191e-06
4276	3.85171e-06
4277	3.85152e-06
4278	3.85133e-06
4279	3.85114e-06
4280	3.85095e-06
4281	3.85076e-06
4282	3.85057e-06
4283	3.85038e-06
4284	3.85019e-06
4285	3.85e-06
4286	3.84981e-06
4287	3.84961e-06
4288	3.84942e-06
4289	3.84923e-06
4290	3.84904e-06
4291	3.84885e-06
4292	3.84866e-06
4293	3.84847e-06
4294	3.84828e-06
4295	3.84809e-06
4296	3.8479e-06
4297	3.84771e-06
4298	3.84752e-06
4299	3.84733e-06
4300	3.84714e-06
4301	3.84694e-06
4302	3.84675e-06
4303	3.84656e-06
4304	3.84637e-06
4305	3.84618e-06
4306	3.84599e-06
4307	3.8458e-06
4308	3.84561e-06
4309	3.84542e-06
4310	3.84523e-06
4311	3.84504e-06
4312	3.84485e-06
4313	3.84466e-06
4314	3.84447e-06
4315	3.84428e-06
4316	3.84409e-06
4317	3.8439e-06
4318	3.84371e-06
4319	3.84352e-06
4320	3.84333e-06
4321	3.84314e-06
4322	3.84295e-06
4323	3.84276e-06
4324	3.84257e-06
4325	3.84238e-06
4326	3.84219e-06
4327	3.842e-06
4328	3.84181e-06
4329	3.84162e-06
4330	3.84143e-06
4331	3.84124e-06
4332	3.84105e-06
4333	3.84086e-06
4334	3.84067e-06
4335	3.84048e-06
4336	3.84029e-06
4337	3.8401e-06
4338	3.83991e-06
4339	3.83972e-06
4340	3.83953e-06
4341	3.83934e-06
4342	3.83915e-06
4343	3.83896e-06
4344	3.83877e-06
4345	3.83858e-06
4346	3.83839e-06
4347	3.8382e-06
4348	3.83801e-06
4349	3.83782e-06
4350	3.83763e-06
4351	3.83744e-06
4352	3.83725e-06
4353	3.83706e-06
4354	3.83687e-06
4355	3.83668e-06
4356	3.83649e-06
4357	3.8363e-06
4358	3.83611e-06
4359	3.83592e-06
4360	3.83573e-06
4361	3.83555e-06
4362	3.83536e-06
4363	3.83517e-06
4364	3.83498e-06
4365	3.83479e-06
4366	3.8346e-06
4367	3.83441e-06
4368	3.83422e-06
4369	3.83403e-06
4370	3.83384e-06
4371	3.83365e-06
4372	3.83346e-06
4373	3.83327e-06
4374	3.83308e-06
4375	3.8329e-06
4376	3.83271e-06
4377	3.83252e-06
4378	3.83233e-06
4379	3.83214e-06
4380	3.83195e-06
4381	3.83176e-06
4382	3.83157e-06
4383	3.83138e-06
4384	3.83119e-06
4385	3.831e-06
4386	3.83082e-06
4387	3.83063e-06
4388	3.83044e-06
4389	3.83025e-06
4390	3.83006e-06
4391	3.82987e-06
4392	3.82968e-06
4393	3.82949e-06
4394	3.8293e-06
4395	3.82912e-06
4396	3.82893e-06
4397	3.82874e-06
4398	3.82855e-06
4399	3.82836e-06
4400	3.82817e-06
4401	3.82798e-06
4402	3.82779e-06
4403	3.82761e-06
4404	3.82742e-06
4405	3.82723e-06
4406	3.82704e-06
4407	3.82685e-06
4408	3.82666e-06
4409	3.82647e-06
4410	3.82629e-06
4411	3.8261e-06
4412	3.82591e-06
4413	3.82572e-06
4414	3.82553e-06
4415	3.82534e-06
4416	3.82516e-06
4417	3.82497e-06
4418	3.82478e-06
4419	3.82459e-06
4420	3.8244e-06
4421	3.82421e-06
4422	3.82403e-06
4423	3.82384e-06
4424	3.82365e-06
4425	3.82346e-06
4426	3.82327e-06
4427	3.82308e-06
4428	3.8229e-06
4429	3.82271e-06
4430	3.82252e-06
4431	3.82233e-06
4432	3.82214e-06
4433	3.82196e-06
4434	3.82177e-06
4435	3.82158e-06
4436	3.82139e-06
4437	3.8212e-06
4438	3.82102e-06
4439	3.82083e-06
4440	3.82064e-06
4441	3.82045e-06
4442	3.82026e-06
4443	3.82008e-06
4444	3.81989e-06
4445	3.8197e-06
4446	3.81951e-06
4447	3.81932e-06
4448	3.81914e-06
4449	3.81895e-06
4450	3.81876e-06
4451	3.81857e-06
4452	3.81839e-06
4453	3.8182e-06
4454	3.81801e-06
4455	3.81782e-06
4456	3.81763e-06
4457	3.81745e-06
4458	3.81726e-06
4459	3.81707e-06
4460	3.81688e-06
4461	3.8167e-06
4462	3.81651e-06
4463	3.81632e-06
4464	3.81613e-06
4465	3.81595e-06
4466	3.81576e-06
4467	3.81557e-06
4468	3.81538e-06
4469	3.8152e-06
4470	3.81501e-06
4471	3.81482e-06
4472	3.81463e-06
4473	3.81445e-06
4474	3.81426e-06
4475	3.81407e-06
4476	3.81389e-06
4477	3.8137e-06
4478	3.81351e-06
4479	3.81332e-06
4480	3.81314e-06
4481	3.81295e-06
4482	3.81276e-06
4483	3.81257e-06
4484	3.81239e-06
4485	3.8122e-06
4486	3.81201e-06
4487	3.81183e-06
4488	3.81164e-06
4489	3.81145e-06
4490	3.81127e-06
4491	3.81108e-06
4492	3.81089e-06
4493	3.8107e-06
4494	3.81052e-06
4495	3.81033e-06
4496	3.81014e-06
4497	3.80996e-06
4498	3.80977e-06
4499	3.80958e-06
4500	3.8094e-06
4501	3.80921e-06
4502	3.80902e-06
4503	3.80884e-06
4504	3.80865e-06
4505	3.80846e-06
4506	3.80828e-06
4507	3.80809e-06
4508	3.8079e-06
4509	3.80771e-06
4510	3.80753e-06
4511	3.80734e-06
4512	3.80716e-06
4513	3.80697e-06
4514	3.80678e-06
4515	3.8066e-06
4516	3.80641e-06
4517	3.80622e-06
4518	3.80604e-06
4519	3.80585e-06
4520	3.80566e-06
4521	3.80548e-06
4522	3.80529e-06
4523	3.8051e-06
4524	3.80492e-06
4525	3.80473e-06
4526	3.80454e-06
4527	3.80436e-06
4528	3.80417e-06
4529	3.80399e-06
4530	3.8038e-06
4531	3.80361e-06
4532	3.80343e-06
4533	3.80324e-06
4534	3.80305e-06
4535	3.80287e-06
4536	3.80268e-06
4537	3.8025e-06
4538	3.80231e-06
4539	3.80212e-06
4540	3.80194e-06
4541	3.80175e-06
4542	3.80156e-06
4543	3.80138e-06
4544	3.80119e-06
4545	3.80101e-06
4546	3.80082e-06
4547	3.80063e-06
4548	3.80045e-06
4549	3.80026e-06
4550	3.80008e-06
4551	3.79989e-06
4552	3.79971e-06
4553	3.79952e-06
4554	3.79933e-06
4555	3.79915e-06
4556	3.79896e-06
4557	3.79878e-06
4558	3.79859e-06
4559	3.7984e-06
4560	3.79822e-06
4561	3.79803e-06
4562	3.79785e-06
4563	3.79766e-06
4564	3.79748e-06
4565	3.79729e-06
4566	3.7971e-06
4567	3.79692e-06
4568	3.79673e-06
4569	3.79655e-06
4570	3.79636e-06
4571	3.79618e-06
4572	3.79599e-06
4573	3.79581e-06
4574	3.79562e-06
4575	3.79543e-06
4576	3.79525e-06
4577	3.79506e-06
4578	3.79488e-06
4579	3.79469e-06
4580	3.79451e-06
4581	3.79432e-06
4582	3.79414e-06
4583	3.79395e-06
4584	3.79377e-06
4585	3.79358e-06
4586	3.7934e-06
4587	3.79321e-06
4588	3.79303e-06
4589	3.79284e-06
4590	3.79265e-06
4591	3.79247e-06
4592	3.79228e-06
4593	3.7921e-06
4594	3.79191e-06
4595	3.79173e-06
4596	3.79154e-06
4597	3.79136e-06
4598	3.79117e-06
4599	3.79099e-06
4600	3.7908e-06
4601	3.79062e-06
4602	3.79043e-06
4603	3.79025e-06
4604	3.79006e-06
4605	3.78988e-06
4606	3.78969e-06
4607	3.78951e-06
4608	3.78932e-06
4609	3.78914e-06
4610	3.78895e-06
4611	3.78877e-06
4612	3.78858e-06
4613	3.7884e-06
4614	3.78822e-06
4615	3.78803e-06
4616	3.78785e-06
4617	3.78766e-06
4618	3.78748e-06
4619	3.78729e-06
4620	3.78711e-06
4621	3.78692e-06
4622	3.78674e-06
4623	3.78655e-06
4624	3.78637e-06
4625	3.78618e-06
4626	3.786e-06
4627	3.78582e-06
4628	3.78563e-06
4629	3.78545e-06
4630	3.78526e-06
4631	3.78508e-06
4632	3.78489e-06
4633	3.78471e-06
4634	3.78452e-06
4635	3.78434e-06
4636	3.78416e-06
4637	3.78397e-06
4638	3.78379e-06
4639	3.7836e-06
4640	3.78342e-06
4641	3.78323e-06
4642	3.78305e-06
4643	3.78287e-06
4644	3.78268e-06
4645	3.7825e-06
4646	3.78231e-06
4647	3.78213e-06
4648	3.78194e-06
4649	3.78176e-06
4650	3.78158e-06
4651	3.78139e-06
4652	3.78121e-06
4653	3.78102e-06
4654	3.78084e-06
4655	3.78066e-06
4656	3.78047e-06
4657	3.78029e-06
4658	3.7801e-06
4659	3.77992e-06
4660	3.77974e-06
4661	3.77955e-06
4662	3.77937e-06
4663	3.77918e-06
4664	3.779e-06
4665	3.77882e-06
4666	3.77863e-06
4667	3.77845e-06
4668	3.77826e-06
4669	3.77808e-06
4670	3.7779e-06
4671	3.77771e-06
4672	3.77753e-06
4673	3.77735e-06
4674	3.77716e-06
4675	3.77698e-06
4676	3.7768e-06
4677	3.77661e-06
4678	3.77643e-06
4679	3.77624e-06
4680	3.77606e-06
4681	3.77588e-06
4682	3.77569e-06
4683	3.77551e-06
4684	3.77533e-06
4685	3.77514e-06
4686	3.77496e-06
4687	3.77478e-06
4688	3.77459e-06
4689	3.77441e-06
4690	3.77423e-06
4691	3.77404e-06
4692	3.77386e-06
4693	3.77368e-06
4694	3.77349e-06
4695	3.77331e-06
4696	3.77313e-06
4697	3.77294e-06
4698	3.77276e-06
4699	3.77258e-06
4700	3.77239e-06
4701	3.77221e-06
4702	3.77203e-06
4703	3.77184e-06
4704	3.77166e-06
4705	3.77148e-06
4706	3.77129e-06
4707	3.77111e-06
4708	3.77093e-06
4709	3.77074e-06
4710	3.77056e-06
4711	3.77038e-06
4712	3.7702e-06
4713	3.77001e-06
4714	3.76983e-06
4715	3.76965e-06
4716	3.76946e-06
4717	3.76928e-06
4718	3.7691e-06
4719	3.76892e-06
4720	3.76873e-06
4721	3.76855e-06
4722	3.76837e-06
4723	3.76818e-06
4724	3.768e-06
4725	3.76782e-06
4726	3.76764e-06
4727	3.76745e-06
4728	3.76727e-06
4729	3.76709e-06
4730	3.7669e-06
4731	3.76672e-06
4732	3.76654e-06
4733	3.76636e-06
4734	3.76617e-06
4735	3.76599e-06
4736	3.76581e-06
4737	3.76563e-06
4738	3.76544e-06
4739	3.76526e-06
4740	3.76508e-06
4741	3.7649e-06
4742	3.76471e-06
4743	3.76453e-06
4744	3.76435e-06
4745	3.76417e-06
4746	3.76398e-06
4747	3.7638e-06
4748	3.76362e-06
4749	3.76344e-06
4750	3.76326e-06
4751	3.76307e-06
4752	3.76289e-06
4753	3.76271e-06
4754	3.76253e-06
4755	3.76234e-06
4756	3.76216e-06
4757	3.76198e-06
4758	3.7618e-06
4759	3.76161e-06
4760	3.76143e-06
4761	3.76125e-06
4762	3.76107e-06
4763	3.76089e-06
4764	3.7607e-06
4765	3.76052e-06
4766	3.76034e-06
4767	3.76016e-06
4768	3.75998e-06
4769	3.75979e-06
4770	3.75961e-06
4771	3.75943e-06
4772	3.75925e-06
4773	3.75907e-06
4774	3.75888e-06
4775	3.7587e-06
4776	3.75852e-06
4777	3.75834e-06
4778	3.75816e-06
4779	3.75798e-06
4780	3.75779e-06
4781	3.75761e-06
4782	3.75743e-06
4783	3.75725e-06
4784	3.75707e-06
4785	3.75688e-06
4786	3.7567e-06
4787	3.75652e-06
4788	3.75634e-06
4789	3.75616e-06
4790	3.75598e-06
4791	3.75579e-06
4792	3.75561e-06
4793	3.75543e-06
4794	3.75525e-06
4795	3.75507e-06
4796	3.75489e-06
4797	3.75471e-06
4798	3.75452e-06
4799	3.75434e-06
4800	3.75416e-06
4801	3.75398e-06
4802	3.7538e-06
4803	3.75362e-06
4804	3.75344e-06
4805	3.75325e-06
4806	3.75307e-06
4807	3.75289e-06
4808	3.75271e-06
4809	3.75253e-06
4810	3.75235e-06
4811	3.75217e-06
4812	3.75199e-06
4813	3.7518e-06
4814	3.75162e-06
4815	3.75144e-06
4816	3.75126e-06
4817	3.75108e-06
4818	3.7509e-06
4819	3.75072e-06
4820	3.75054e-06
4821	3.75036e-06
4822	3.75017e-06
4823	3.74999e-06
4824	3.74981e-06
4825	3.74963e-06
4826	3.74945e-06
4827	3.74927e-06
4828	3.74909e-06
4829	3.74891e-06
4830	3.74873e-06
4831	3.74855e-06
4832	3.74836e-06
4833	3.74818e-06
4834	3.748e-06
4835	3.74782e-06
4836	3.74764e-06
4837	3.74746e-06
4838	3.74728e-06
4839	3.7471e-06
4840	3.74692e-06
4841	3.74674e-06
4842	3.74656e-06
4843	3.74638e-06
4844	3.7462e-06
4845	3.74601e-06
4846	3.74583e-06
4847	3.74565e-06
4848	3.74547e-06
4849	3.74529e-06
4850	3.74511e-06
4851	3.74493e-06
4852	3.74475e-06
4853	3.74457e-06
4854	3.74439e-06
4855	3.74421e-06
4856	3.74403e-06
4857	3.74385e-06
4858	3.74367e-06
4859	3.74349e-06
4860	3.74331e-06
4861	3.74313e-06
4862	3.74295e-06
4863	3.74277e-06
4864	3.74259e-06
4865	3.74241e-06
4866	3.74223e-06
4867	3.74204e-06
4868	3.74186e-06
4869	3.74168e-06
4870	3.7415e-06
4871	3.74132e-06
4872	3.74114e-06
4873	3.74096e-06
4874	3.74078e-06
4875	3.7406e-06
4876	3.74042e-06
4877	3.74024e-06
4878	3.74006e-06
4879	3.73988e-06
4880	3.7397e-06
4881	3.73952e-06
4882	3.73934e-06
4883	3.73916e-06
4884	3.73898e-06
4885	3.7388e-06
4886	3.73862e-06
4887	3.73844e-06
4888	3.73826e-06
4889	3.73808e-06
4890	3.7379e-06
4891	3.73772e-06
4892	3.73754e-06
4893	3.73736e-06
4894	3.73718e-06
4895	3.737e-06
4896	3.73682e-06
4897	3.73664e-06
4898	3.73647e-06
4899	3.73629e-06
4900	3.73611e-06
4901	3.73593e-06
4902	3.73575e-06
4903	3.73557e-06
4904	3.73539e-06
4905	3.73521e-06
4906	3.73503e-06
4907	3.73485e-06
4908	3.73467e-06
4909	3.73449e-06
4910	3.73431e-06
4911	3.73413e-06
4912	3.73395e-06
4913	3.73377e-06
4914	3.73359e-06
4915	3.73341e-06
4916	3.73323e-06
4917	3.73305e-06
4918	3.73287e-06
4919	3.7327e-06
4920	3.73252e-06
4921	3.73234e-06
4922	3.73216e-06
4923	3.73198e-06
4924	3.7318e-06
4925	3.73162e-06
4926	3.73144e-06
4927	3.73126e-06
4928	3.73108e-06
4929	3.7309e-06
4930	3.73072e-06
4931	3.73054e-06
4932	3.73036e-06
4933	3.73019e-06
4934	3.73001e-06
4935	3.72983e-06
4936	3.72965e-06
4937	3.72947e-06
4938	3.72929e-06
4939	3.72911e-06
4940	3.72893e-06
4941	3.72875e-06
4942	3.72857e-06
4943	3.7284e-06
4944	3.72822e-06
4945	3.72804e-06
4946	3.72786e-06
4947	3.72768e-06
4948	3.7275e-06
4949	3.72732e-06
4950	3.72714e-06
4951	3.72696e-06
4952	3.72679e-06
4953	3.72661e-06
4954	3.72643e-06
4955	3.72625e-06
4956	3.72607e-06
4957	3.72589e-06
4958	3.72571e-06
4959	3.72553e-06
4960	3.72536e-06
4961	3.72518e-06
4962	3.725e-06
4963	3.72482e-06
4964	3.72464e-06
4965	3.72446e-06
4966	3.72428e-06
4967	3.72411e-06
4968	3.72393e-06
4969	3.72375e-06
4970	3.72357e-06
4971	3.72339e-06
4972	3.72321e-06
4973	3.72304e-06
4974	3.72286e-06
4975	3.72268e-06
4976	3.7225e-06
4977	3.72232e-06
4978	3.72214e-06
4979	3.72196e-06
4980	3.72179e-06
4981	3.72161e-06
4982	3.72143e-06
4983	3.72125e-06
4984	3.72107e-06
4985	3.7209e-06
4986	3.72072e-06
4987	3.72054e-06
4988	3.72036e-06
4989	3.72018e-06
4990	3.72e-06
4991	3.71983e-06
4992	3.71965e-06
4993	3.71947e-06
4994	3.71929e-06
4995	3.71911e-06
4996	3.71894e-06
4997	3.71876e-06
4998	3.71858e-06
4999	3.7184e-06
5000	3.71822e-06
