0	0
1	0.00249039
2	0.0049606
3	0.00740927
4	0.00983505
5	0.0122366
6	0.0146128
7	0.0169623
8	0.019284
9	0.0215768
10	0.0238397
11	0.0260716
12	0.0282716
13	0.0304389
14	0.0325726
15	0.034672
16	0.0367363
17	0.038765
18	0.0407573
19	0.0427129
20	0.0446312
21	0.0465118
22	0.0483544
23	0.0501587
24	0.0519243
25	0.0536512
26	0.0553391
27	0.056988
28	0.0585978
29	0.0601685
30	0.0617002
31	0.0631929
32	0.0646468
33	0.066062
34	0.0674388
35	0.0687773
36	0.0700779
37	0.0713408
38	0.0725664
39	0.073755
40	0.074907
41	0.0760228
42	0.0771028
43	0.0781476
44	0.0791574
45	0.080133
46	0.0810746
47	0.0819829
48	0.0828584
49	0.0837015
50	0.084513
51	0.0852932
52	0.0860427
53	0.0867622
54	0.0874522
55	0.0881132
56	0.0887459
57	0.0893508
58	0.0899284
59	0.0904794
60	0.0910044
61	0.0915038
62	0.0919783
63	0.0924285
64	0.0928548
65	0.0932579
66	0.0936383
67	0.0939965
68	0.0943332
69	0.0946487
70	0.0949437
71	0.0952187
72	0.0954741
73	0.0957106
74	0.0959285
75	0.0961284
76	0.0963107
77	0.096476
78	0.0966246
79	0.0967571
80	0.0968739
81	0.0969754
82	0.0970621
83	0.0971343
84	0.0971926
85	0.0972372
86	0.0972686
87	0.0972873
88	0.0972934
89	0.0972875
90	0.0972699
91	0.097241
92	0.097201
93	0.0971503
94	0.0970893
95	0.0970183
96	0.0969376
97	0.0968474
98	0.0967482
99	0.0966401
100	0.0965235
101	0.0963986
102	0.0962658
103	0.0961252
104	0.0959771
105	0.0958218
106	0.0956596
107	0.0954906
108	0.095315
109	0.0951332
110	0.0949453
111	0.0947516
112	0.0945521
113	0.0943473
114	0.0941371
115	0.0939219
116	0.0937018
117	0.093477
118	0.0932476
119	0.0930139
120	0.092776
121	0.092534
122	0.0922881
123	0.0920385
124	0.0917854
125	0.0915287
126	0.0912688
127	0.0910057
128	0.0907395
129	0.0904704
130	0.0901985
131	0.089924
132	0.0896469
133	0.0893673
134	0.0890854
135	0.0888013
136	0.0885151
137	0.0882268
138	0.0879366
139	0.0876446
140	0.0873508
141	0.0870554
142	0.0867584
143	0.0864599
144	0.0861601
145	0.0858589
146	0.0855565
147	0.0852529
148	0.0849482
149	0.0846425
150	0.0843358
151	0.0840282
152	0.0837198
153	0.0834106
154	0.0831008
155	0.0827903
156	0.0824791
157	0.0821675
158	0.0818554
159	0.0815428
160	0.0812299
161	0.0809166
162	0.080603
163	0.0802892
164	0.0799752
165	0.0796611
166	0.0793468
167	0.0790325
168	0.0787181
169	0.0784038
170	0.0780895
171	0.0777752
172	0.0774611
173	0.0771471
174	0.0768333
175	0.0765198
176	0.0762064
177	0.0758933
178	0.0755805
179	0.0752681
180	0.074956
181	0.0746443
182	0.0743329
183	0.0740221
184	0.0737116
185	0.0734016
186	0.0730922
187	0.0727832
188	0.0724748
189	0.0721669
190	0.0718596
191	0.0715529
192	0.0712468
193	0.0709413
194	0.0706365
195	0.0703323
196	0.0700289
197	0.0697261
198	0.069424
199	0.0691226
200	0.068822
201	0.0685221
202	0.0682229
203	0.0679246
204	0.067627
205	0.0673302
206	0.0670342
207	0.066739
208	0.0664447
209	0.0661511
210	0.0658585
211	0.0655666
212	0.0652756
213	0.0649855
214	0.0646963
215	0.064408
216	0.0641205
217	0.0638339
218	0.0635483
219	0.0632635
220	0.0629797
221	0.0626967
222	0.0624147
223	0.0621337
224	0.0618535
225	0.0615743
226	0.0612961
227	0.0610188
228	0.0607424
229	0.0604671
230	0.0601926
231	0.0599192
232	0.0596466
233	0.0593751
234	0.0591045
235	0.058835
236	0.0585663
237	0.0582987
238	0.058032
239	0.0577664
240	0.0575017
241	0.057238
242	0.0569753
243	0.0567135
244	0.0564528
245	0.056193
246	0.0559343
247	0.0556765
248	0.0554197
249	0.0551639
250	0.0549091
251	0.0546553
252	0.0544025
253	0.0541507
254	0.0538999
255	0.0536501
256	0.0534012
257	0.0531534
258	0.0529065
259	0.0526607
260	0.0524158
261	0.0521719
262	0.051929
263	0.0516871
264	0.0514462
265	0.0512063
266	0.0509674
267	0.0507294
268	0.0504924
269	0.0502564
270	0.0500214
271	0.0497873
272	0.0495543
273	0.0493222
274	0.0490911
275	0.0488609
276	0.0486317
277	0.0484035
278	0.0481763
279	0.04795
280	0.0477247
281	0.0475003
282	0.0472769
283	0.0470545
284	0.046833
285	0.0466124
286	0.0463928
287	0.0461742
288	0.0459565
289	0.0457397
290	0.0455239
291	0.045309
292	0.045095
293	0.044882
294	0.0446699
295	0.0444588
296	0.0442485
297	0.0440392
298	0.0438308
299	0.0436233
300	0.0434168
301	0.0432111
302	0.0430063
303	0.0428025
304	0.0425996
305	0.0423975
306	0.0421964
307	0.0419961
308	0.0417968
309	0.0415983
310	0.0414007
311	0.0412041
312	0.0410082
313	0.0408133
314	0.0406192
315	0.0404261
316	0.0402337
317	0.0400423
318	0.0398517
319	0.039662
320	0.0394731
321	0.0392851
322	0.0390979
323	0.0389116
324	0.0387261
325	0.0385415
326	0.0383577
327	0.0381747
328	0.0379926
329	0.0378113
330	0.0376308
331	0.0374512
332	0.0372723
333	0.0370943
334	0.0369172
335	0.0367408
336	0.0365652
337	0.0363904
338	0.0362165
339	0.0360433
340	0.035871
341	0.0356994
342	0.0355286
343	0.0353586
344	0.0351894
345	0.035021
346	0.0348533
347	0.0346864
348	0.0345203
349	0.034355
350	0.0341904
351	0.0340266
352	0.0338636
353	0.0337013
354	0.0335398
355	0.033379
356	0.033219
357	0.0330597
358	0.0329011
359	0.0327433
360	0.0325862
361	0.0324299
362	0.0322743
363	0.0321194
364	0.0319652
365	0.0318118
366	0.0316591
367	0.0315071
368	0.0313558
369	0.0312052
370	0.0310553
371	0.0309061
372	0.0307577
373	0.0306099
374	0.0304628
375	0.0303164
376	0.0301707
377	0.0300257
378	0.0298813
379	0.0297377
380	0.0295947
381	0.0294524
382	0.0293108
383	0.0291698
384	0.0290295
385	0.0288898
386	0.0287509
387	0.0286125
388	0.0284749
389	0.0283378
390	0.0282015
391	0.0280657
392	0.0279307
393	0.0277962
394	0.0276624
395	0.0275292
396	0.0273967
397	0.0272648
398	0.0271335
399	0.0270028
400	0.0268728
401	0.0267433
402	0.0266145
403	0.0264863
404	0.0263587
405	0.0262317
406	0.0261054
407	0.0259796
408	0.0258544
409	0.0257298
410	0.0256058
411	0.0254824
412	0.0253596
413	0.0252374
414	0.0251157
415	0.0249947
416	0.0248742
417	0.0247543
418	0.0246349
419	0.0245162
420	0.024398
421	0.0242803
422	0.0241633
423	0.0240467
424	0.0239308
425	0.0238154
426	0.0237005
427	0.0235862
428	0.0234725
429	0.0233593
430	0.0232466
431	0.0231345
432	0.0230229
433	0.0229118
434	0.0228013
435	0.0226913
436	0.0225818
437	0.0224729
438	0.0223645
439	0.0222566
440	0.0221492
441	0.0220423
442	0.021936
443	0.0218301
444	0.0217248
445	0.02162
446	0.0215157
447	0.0214118
448	0.0213085
449	0.0212057
450	0.0211034
451	0.0210015
452	0.0209002
453	0.0207993
454	0.0206989
455	0.020599
456	0.0204996
457	0.0204007
458	0.0203022
459	0.0202043
460	0.0201068
461	0.0200097
462	0.0199131
463	0.019817
464	0.0197214
465	0.0196262
466	0.0195315
467	0.0194372
468	0.0193434
469	0.0192501
470	0.0191572
471	0.0190647
472	0.0189727
473	0.0188811
474	0.01879
475	0.0186993
476	0.0186091
477	0.0185193
478	0.0184299
479	0.0183409
480	0.0182524
481	0.0181643
482	0.0180767
483	0.0179894
484	0.0179026
485	0.0178162
486	0.0177303
487	0.0176447
488	0.0175595
489	0.0174748
490	0.0173905
491	0.0173066
492	0.0172231
493	0.01714
494	0.0170573
495	0.016975
496	0.0168931
497	0.0168115
498	0.0167304
499	0.0166497
500	0.0165694
501	0.0164895
502	0.0164099
503	0.0163307
504	0.016252
505	0.0161736
506	0.0160955
507	0.0160179
508	0.0159406
509	0.0158638
510	0.0157872
511	0.0157111
512	0.0156353
513	0.0155599
514	0.0154849
515	0.0154102
516	0.0153359
517	0.0152619
518	0.0151883
519	0.0151151
520	0.0150422
521	0.0149697
522	0.0148975
523	0.0148257
524	0.0147542
525	0.0146831
526	0.0146123
527	0.0145419
528	0.0144718
529	0.014402
530	0.0143326
531	0.0142636
532	0.0141948
533	0.0141264
534	0.0140583
535	0.0139906
536	0.0139232
537	0.0138561
538	0.0137893
539	0.0137229
540	0.0136568
541	0.013591
542	0.0135255
543	0.0134604
544	0.0133956
545	0.013331
546	0.0132668
547	0.013203
548	0.0131394
549	0.0130761
550	0.0130131
551	0.0129505
552	0.0128881
553	0.0128261
554	0.0127644
555	0.0127029
556	0.0126418
557	0.0125809
558	0.0125204
559	0.0124601
560	0.0124002
561	0.0123405
562	0.0122811
563	0.012222
564	0.0121632
565	0.0121047
566	0.0120465
567	0.0119886
568	0.0119309
569	0.0118735
570	0.0118164
571	0.0117596
572	0.0117031
573	0.0116468
574	0.0115908
575	0.0115351
576	0.0114796
577	0.0114245
578	0.0113695
579	0.0113149
580	0.0112605
581	0.0112064
582	0.0111526
583	0.011099
584	0.0110457
585	0.0109926
586	0.0109398
587	0.0108873
588	0.010835
589	0.010783
590	0.0107312
591	0.0106797
592	0.0106284
593	0.0105774
594	0.0105266
595	0.0104761
596	0.0104258
597	0.0103758
598	0.010326
599	0.0102764
600	0.0102271
601	0.0101781
602	0.0101293
603	0.0100807
604	0.0100323
605	0.00998421
606	0.00993634
607	0.0098887
608	0.00984129
609	0.00979412
610	0.00974717
611	0.00970046
612	0.00965397
613	0.00960771
614	0.00956168
615	0.00951587
616	0.00947029
617	0.00942493
618	0.00937979
619	0.00933487
620	0.00929017
621	0.00924569
622	0.00920143
623	0.00915738
624	0.00911355
625	0.00906993
626	0.00902653
627	0.00898334
628	0.00894036
629	0.00889759
630	0.00885503
631	0.00881268
632	0.00877054
633	0.0087286
634	0.00868687
635	0.00864534
636	0.00860401
637	0.00856289
638	0.00852197
639	0.00848124
640	0.00844072
641	0.0084004
642	0.00836027
643	0.00832034
644	0.00828061
645	0.00824107
646	0.00820172
647	0.00816257
648	0.00812361
649	0.00808483
650	0.00804625
651	0.00800786
652	0.00796966
653	0.00793164
654	0.00789381
655	0.00785616
656	0.0078187
657	0.00778142
658	0.00774432
659	0.00770741
660	0.00767068
661	0.00763412
662	0.00759775
663	0.00756155
664	0.00752554
665	0.00748969
666	0.00745403
667	0.00741854
668	0.00738322
669	0.00734807
670	0.0073131
671	0.0072783
672	0.00724367
673	0.00720921
674	0.00717491
675	0.00714079
676	0.00710683
677	0.00707304
678	0.00703942
679	0.00700596
680	0.00697266
681	0.00693953
682	0.00690656
683	0.00687375
684	0.0068411
685	0.00680861
686	0.00677628
687	0.00674411
688	0.0067121
689	0.00668025
690	0.00664855
691	0.006617
692	0.00658561
693	0.00655438
694	0.0065233
695	0.00649237
696	0.00646159
697	0.00643096
698	0.00640048
699	0.00637015
700	0.00633998
701	0.00630994
702	0.00628006
703	0.00625032
704	0.00622073
705	0.00619129
706	0.00616198
707	0.00613283
708	0.00610381
709	0.00607494
710	0.00604621
711	0.00601762
712	0.00598917
713	0.00596086
714	0.00593268
715	0.00590465
716	0.00587675
717	0.005849
718	0.00582137
719	0.00579389
720	0.00576653
721	0.00573931
722	0.00571223
723	0.00568528
724	0.00565846
725	0.00563177
726	0.00560521
727	0.00557879
728	0.00555249
729	0.00552632
730	0.00550028
731	0.00547437
732	0.00544858
733	0.00542293
734	0.00539739
735	0.00537199
736	0.0053467
737	0.00532155
738	0.00529651
739	0.0052716
740	0.00524681
741	0.00522214
742	0.0051976
743	0.00517317
744	0.00514886
745	0.00512468
746	0.00510061
747	0.00507666
748	0.00505282
749	0.00502911
750	0.00500551
751	0.00498202
752	0.00495866
753	0.0049354
754	0.00491226
755	0.00488924
756	0.00486632
757	0.00484352
758	0.00482084
759	0.00479826
760	0.00477579
761	0.00475344
762	0.00473119
763	0.00470905
764	0.00468703
765	0.00466511
766	0.00464329
767	0.00462159
768	0.00459999
769	0.0045785
770	0.00455711
771	0.00453583
772	0.00451465
773	0.00449358
774	0.00447261
775	0.00445174
776	0.00443097
777	0.00441031
778	0.00438975
779	0.00436929
780	0.00434893
781	0.00432867
782	0.00430851
783	0.00428845
784	0.00426849
785	0.00424862
786	0.00422885
787	0.00420918
788	0.00418961
789	0.00417013
790	0.00415075
791	0.00413147
792	0.00411227
793	0.00409318
794	0.00407417
795	0.00405526
796	0.00403644
797	0.00401772
798	0.00399909
799	0.00398055
800	0.00396209
801	0.00394373
802	0.00392547
803	0.00390729
804	0.00388919
805	0.00387119
806	0.00385328
807	0.00383545
808	0.00381772
809	0.00380007
810	0.0037825
811	0.00376502
812	0.00374763
813	0.00373033
814	0.00371311
815	0.00369597
816	0.00367892
817	0.00366195
818	0.00364506
819	0.00362826
820	0.00361154
821	0.0035949
822	0.00357835
823	0.00356187
824	0.00354548
825	0.00352917
826	0.00351293
827	0.00349678
828	0.00348071
829	0.00346471
830	0.00344879
831	0.00343296
832	0.0034172
833	0.00340151
834	0.00338591
835	0.00337038
836	0.00335493
837	0.00333955
838	0.00332425
839	0.00330902
840	0.00329387
841	0.00327879
842	0.00326379
843	0.00324886
844	0.00323401
845	0.00321922
846	0.00320451
847	0.00318988
848	0.00317531
849	0.00316082
850	0.00314639
851	0.00313204
852	0.00311776
853	0.00310355
854	0.00308941
855	0.00307534
856	0.00306133
857	0.0030474
858	0.00303353
859	0.00301974
860	0.00300601
861	0.00299234
862	0.00297875
863	0.00296522
864	0.00295176
865	0.00293836
866	0.00292503
867	0.00291177
868	0.00289857
869	0.00288544
870	0.00287237
871	0.00285936
872	0.00284642
873	0.00283354
874	0.00282073
875	0.00280798
876	0.00279529
877	0.00278266
878	0.0027701
879	0.00275759
880	0.00274515
881	0.00273277
882	0.00272045
883	0.00270819
884	0.002696
885	0.00268386
886	0.00267178
887	0.00265976
888	0.0026478
889	0.0026359
890	0.00262405
891	0.00261227
892	0.00260054
893	0.00258887
894	0.00257726
895	0.00256571
896	0.00255421
897	0.00254277
898	0.00253138
899	0.00252005
900	0.00250878
901	0.00249756
902	0.0024864
903	0.00247529
904	0.00246423
905	0.00245324
906	0.00244229
907	0.0024314
908	0.00242056
909	0.00240978
910	0.00239904
911	0.00238837
912	0.00237774
913	0.00236717
914	0.00235664
915	0.00234617
916	0.00233575
917	0.00232539
918	0.00231507
919	0.0023048
920	0.00229459
921	0.00228442
922	0.00227431
923	0.00226424
924	0.00225422
925	0.00224426
926	0.00223434
927	0.00222447
928	0.00221465
929	0.00220488
930	0.00219515
931	0.00218548
932	0.00217585
933	0.00216626
934	0.00215673
935	0.00214724
936	0.0021378
937	0.00212841
938	0.00211906
939	0.00210976
940	0.0021005
941	0.00209129
942	0.00208212
943	0.002073
944	0.00206392
945	0.00205489
946	0.00204591
947	0.00203696
948	0.00202806
949	0.00201921
950	0.0020104
951	0.00200163
952	0.0019929
953	0.00198422
954	0.00197558
955	0.00196698
956	0.00195843
957	0.00194991
958	0.00194144
959	0.00193301
960	0.00192463
961	0.00191628
962	0.00190797
963	0.00189971
964	0.00189148
965	0.0018833
966	0.00187516
967	0.00186705
968	0.00185899
969	0.00185096
970	0.00184298
971	0.00183503
972	0.00182713
973	0.00181926
974	0.00181143
975	0.00180364
976	0.00179589
977	0.00178817
978	0.0017805
979	0.00177286
980	0.00176526
981	0.0017577
982	0.00175017
983	0.00174268
984	0.00173523
985	0.00172781
986	0.00172043
987	0.00171309
988	0.00170578
989	0.00169851
990	0.00169127
991	0.00168407
992	0.00167691
993	0.00166978
994	0.00166269
995	0.00165563
996	0.0016486
997	0.00164161
998	0.00163466
999	0.00162774
1000	0.00162085
1001	0.00161399
1002	0.00160717
1003	0.00160039
1004	0.00159363
1005	0.00158691
1006	0.00158023
1007	0.00157357
1008	0.00156695
1009	0.00156036
1010	0.00155381
1011	0.00154728
1012	0.00154079
1013	0.00153433
1014	0.0015279
1015	0.0015215
1016	0.00151514
1017	0.00150881
1018	0.0015025
1019	0.00149623
1020	0.00148999
1021	0.00148378
1022	0.0014776
1023	0.00147145
1024	0.00146533
1025	0.00145924
1026	0.00145318
1027	0.00144715
1028	0.00144115
1029	0.00143518
1030	0.00142924
1031	0.00142333
1032	0.00141744
1033	0.00141159
1034	0.00140576
1035	0.00139997
1036	0.0013942
1037	0.00138846
1038	0.00138275
1039	0.00137706
1040	0.00137141
1041	0.00136578
1042	0.00136018
1043	0.00135461
1044	0.00134906
1045	0.00134354
1046	0.00133805
1047	0.00133259
1048	0.00132715
1049	0.00132174
1050	0.00131636
1051	0.001311
1052	0.00130567
1053	0.00130036
1054	0.00129509
1055	0.00128983
1056	0.00128461
1057	0.0012794
1058	0.00127423
1059	0.00126908
1060	0.00126395
1061	0.00125885
1062	0.00125378
1063	0.00124873
1064	0.0012437
1065	0.0012387
1066	0.00123373
1067	0.00122878
1068	0.00122385
1069	0.00121895
1070	0.00121407
1071	0.00120921
1072	0.00120438
1073	0.00119957
1074	0.00119479
1075	0.00119003
1076	0.00118529
1077	0.00118058
1078	0.00117589
1079	0.00117122
1080	0.00116658
1081	0.00116196
1082	0.00115736
1083	0.00115278
1084	0.00114823
1085	0.0011437
1086	0.00113919
1087	0.0011347
1088	0.00113023
1089	0.00112579
1090	0.00112137
1091	0.00111697
1092	0.00111259
1093	0.00110824
1094	0.0011039
1095	0.00109959
1096	0.0010953
1097	0.00109102
1098	0.00108677
1099	0.00108254
1100	0.00107834
1101	0.00107415
1102	0.00106998
1103	0.00106583
1104	0.00106171
1105	0.0010576
1106	0.00105351
1107	0.00104945
1108	0.0010454
1109	0.00104137
1110	0.00103737
1111	0.00103338
1112	0.00102941
1113	0.00102547
1114	0.00102154
1115	0.00101763
1116	0.00101374
1117	0.00100987
1118	0.00100601
1119	0.00100218
1120	0.000998367
1121	0.000994572
1122	0.000990795
1123	0.000987037
1124	0.000983297
1125	0.000979575
1126	0.000975872
1127	0.000972187
1128	0.00096852
1129	0.000964871
1130	0.00096124
1131	0.000957627
1132	0.000954031
1133	0.000950454
1134	0.000946893
1135	0.00094335
1136	0.000939825
1137	0.000936317
1138	0.000932826
1139	0.000929352
1140	0.000925896
1141	0.000922456
1142	0.000919033
1143	0.000915627
1144	0.000912238
1145	0.000908865
1146	0.000905509
1147	0.000902169
1148	0.000898846
1149	0.000895539
1150	0.000892248
1151	0.000888974
1152	0.000885715
1153	0.000882473
1154	0.000879246
1155	0.000876035
1156	0.00087284
1157	0.000869661
1158	0.000866497
1159	0.000863349
1160	0.000860216
1161	0.000857099
1162	0.000853997
1163	0.00085091
1164	0.000847838
1165	0.000844781
1166	0.00084174
1167	0.000838713
1168	0.000835701
1169	0.000832704
1170	0.000829721
1171	0.000826754
1172	0.0008238
1173	0.000820862
1174	0.000817937
1175	0.000815027
1176	0.000812132
1177	0.00080925
1178	0.000806383
1179	0.000803529
1180	0.00080069
1181	0.000797865
1182	0.000795053
1183	0.000792255
1184	0.000789471
1185	0.000786701
1186	0.000783944
1187	0.000781201
1188	0.000778471
1189	0.000775755
1190	0.000773052
1191	0.000770362
1192	0.000767685
1193	0.000765021
1194	0.000762371
1195	0.000759734
1196	0.000757109
1197	0.000754497
1198	0.000751898
1199	0.000749312
1200	0.000746739
1201	0.000744178
1202	0.00074163
1203	0.000739094
1204	0.000736571
1205	0.00073406
1206	0.000731561
1207	0.000729074
1208	0.0007266
1209	0.000724138
1210	0.000721688
1211	0.00071925
1212	0.000716824
1213	0.00071441
1214	0.000712007
1215	0.000709617
1216	0.000707238
1217	0.000704871
1218	0.000702515
1219	0.000700171
1220	0.000697838
1221	0.000695517
1222	0.000693207
1223	0.000690909
1224	0.000688622
1225	0.000686346
1226	0.000684081
1227	0.000681827
1228	0.000679584
1229	0.000677353
1230	0.000675132
1231	0.000672922
1232	0.000670723
1233	0.000668535
1234	0.000666357
1235	0.00066419
1236	0.000662034
1237	0.000659888
1238	0.000657753
1239	0.000655628
1240	0.000653514
1241	0.00065141
1242	0.000649316
1243	0.000647232
1244	0.000645159
1245	0.000643096
1246	0.000641043
1247	0.000639
1248	0.000636967
1249	0.000634944
1250	0.000632931
1251	0.000630928
1252	0.000628934
1253	0.000626951
1254	0.000624977
1255	0.000623013
1256	0.000621058
1257	0.000619113
1258	0.000617177
1259	0.000615251
1260	0.000613334
1261	0.000611427
1262	0.000609529
1263	0.000607641
1264	0.000605761
1265	0.000603891
1266	0.00060203
1267	0.000600178
1268	0.000598335
1269	0.000596501
1270	0.000594676
1271	0.00059286
1272	0.000591053
1273	0.000589255
1274	0.000587465
1275	0.000585685
1276	0.000583913
1277	0.000582149
1278	0.000580395
1279	0.000578648
1280	0.000576911
1281	0.000575182
1282	0.000573461
1283	0.000571749
1284	0.000570045
1285	0.00056835
1286	0.000566662
1287	0.000564984
1288	0.000563313
1289	0.00056165
1290	0.000559996
1291	0.000558349
1292	0.000556711
1293	0.000555081
1294	0.000553459
1295	0.000551844
1296	0.000550238
1297	0.000548639
1298	0.000547048
1299	0.000545465
1300	0.00054389
1301	0.000542322
1302	0.000540762
1303	0.00053921
1304	0.000537665
1305	0.000536128
1306	0.000534598
1307	0.000533076
1308	0.000531561
1309	0.000530054
1310	0.000528554
1311	0.000527061
1312	0.000525576
1313	0.000524098
1314	0.000522627
1315	0.000521163
1316	0.000519707
1317	0.000518257
1318	0.000516815
1319	0.000515379
1320	0.000513951
1321	0.00051253
1322	0.000511115
1323	0.000509708
1324	0.000508307
1325	0.000506914
1326	0.000505527
1327	0.000504146
1328	0.000502773
1329	0.000501406
1330	0.000500046
1331	0.000498693
1332	0.000497346
1333	0.000496006
1334	0.000494672
1335	0.000493345
1336	0.000492024
1337	0.00049071
1338	0.000489402
1339	0.0004881
1340	0.000486805
1341	0.000485516
1342	0.000484234
1343	0.000482957
1344	0.000481687
1345	0.000480424
1346	0.000479166
1347	0.000477914
1348	0.000476669
1349	0.000475429
1350	0.000474196
1351	0.000472969
1352	0.000471747
1353	0.000470532
1354	0.000469323
1355	0.000468119
1356	0.000466921
1357	0.00046573
1358	0.000464544
1359	0.000463363
1360	0.000462189
1361	0.00046102
1362	0.000459857
1363	0.0004587
1364	0.000457548
1365	0.000456402
1366	0.000455261
1367	0.000454126
1368	0.000452997
1369	0.000451873
1370	0.000450754
1371	0.000449641
1372	0.000448533
1373	0.000447431
1374	0.000446334
1375	0.000445243
1376	0.000444157
1377	0.000443076
1378	0.000442
1379	0.00044093
1380	0.000439865
1381	0.000438805
1382	0.00043775
1383	0.0004367
1384	0.000435655
1385	0.000434616
1386	0.000433581
1387	0.000432552
1388	0.000431528
1389	0.000430508
1390	0.000429494
1391	0.000428484
1392	0.00042748
1393	0.00042648
1394	0.000425485
1395	0.000424495
1396	0.00042351
1397	0.000422529
1398	0.000421554
1399	0.000420583
1400	0.000419617
1401	0.000418655
1402	0.000417698
1403	0.000416746
1404	0.000415799
1405	0.000414856
1406	0.000413917
1407	0.000412984
1408	0.000412054
1409	0.00041113
1410	0.00041021
1411	0.000409294
1412	0.000408382
1413	0.000407476
1414	0.000406573
1415	0.000405675
1416	0.000404781
1417	0.000403892
1418	0.000403007
1419	0.000402126
1420	0.00040125
1421	0.000400378
1422	0.00039951
1423	0.000398646
1424	0.000397786
1425	0.000396931
1426	0.00039608
1427	0.000395233
1428	0.00039439
1429	0.000393551
1430	0.000392716
1431	0.000391885
1432	0.000391058
1433	0.000390236
1434	0.000389417
1435	0.000388602
1436	0.000387791
1437	0.000386984
1438	0.000386181
1439	0.000385382
1440	0.000384587
1441	0.000383796
1442	0.000383008
1443	0.000382225
1444	0.000381445
1445	0.000380669
1446	0.000379896
1447	0.000379128
1448	0.000378363
1449	0.000377602
1450	0.000376844
1451	0.00037609
1452	0.00037534
1453	0.000374594
1454	0.000373851
1455	0.000373111
1456	0.000372376
1457	0.000371643
1458	0.000370915
1459	0.00037019
1460	0.000369468
1461	0.00036875
1462	0.000368035
1463	0.000367324
1464	0.000366617
1465	0.000365912
1466	0.000365211
1467	0.000364514
1468	0.00036382
1469	0.000363129
1470	0.000362442
1471	0.000361758
1472	0.000361077
1473	0.000360399
1474	0.000359725
1475	0.000359054
1476	0.000358387
1477	0.000357722
1478	0.000357061
1479	0.000356403
1480	0.000355748
1481	0.000355096
1482	0.000354448
1483	0.000353802
1484	0.00035316
1485	0.000352521
1486	0.000351885
1487	0.000351251
1488	0.000350622
1489	0.000349995
1490	0.000349371
1491	0.00034875
1492	0.000348132
1493	0.000347517
1494	0.000346905
1495	0.000346296
1496	0.00034569
1497	0.000345087
1498	0.000344486
1499	0.000343889
1500	0.000343295
1501	0.000342703
1502	0.000342114
1503	0.000341528
1504	0.000340945
1505	0.000340365
1506	0.000339788
1507	0.000339213
1508	0.000338641
1509	0.000338072
1510	0.000337506
1511	0.000336942
1512	0.000336381
1513	0.000335823
1514	0.000335267
1515	0.000334714
1516	0.000334164
1517	0.000333616
1518	0.000333071
1519	0.000332529
1520	0.000331989
1521	0.000331452
1522	0.000330918
1523	0.000330386
1524	0.000329856
1525	0.00032933
1526	0.000328805
1527	0.000328283
1528	0.000327764
1529	0.000327247
1530	0.000326733
1531	0.000326221
1532	0.000325712
1533	0.000325205
1534	0.0003247
1535	0.000324198
1536	0.000323699
1537	0.000323201
1538	0.000322707
1539	0.000322214
1540	0.000321724
1541	0.000321236
1542	0.000320751
1543	0.000320268
1544	0.000319787
1545	0.000319309
1546	0.000318832
1547	0.000318358
1548	0.000317887
1549	0.000317417
1550	0.00031695
1551	0.000316486
1552	0.000316023
1553	0.000315562
1554	0.000315104
1555	0.000314648
1556	0.000314194
1557	0.000313743
1558	0.000313293
1559	0.000312846
1560	0.000312401
1561	0.000311958
1562	0.000311517
1563	0.000311078
1564	0.000310641
1565	0.000310207
1566	0.000309774
1567	0.000309344
1568	0.000308915
1569	0.000308489
1570	0.000308064
1571	0.000307642
1572	0.000307222
1573	0.000306804
1574	0.000306387
1575	0.000305973
1576	0.000305561
1577	0.00030515
1578	0.000304742
1579	0.000304336
1580	0.000303931
1581	0.000303529
1582	0.000303128
1583	0.000302729
1584	0.000302332
1585	0.000301937
1586	0.000301544
1587	0.000301153
1588	0.000300764
1589	0.000300376
1590	0.000299991
1591	0.000299607
1592	0.000299225
1593	0.000298845
1594	0.000298467
1595	0.00029809
1596	0.000297716
1597	0.000297343
1598	0.000296972
1599	0.000296602
1600	0.000296235
1601	0.000295869
1602	0.000295505
1603	0.000295142
1604	0.000294782
1605	0.000294423
1606	0.000294065
1607	0.00029371
1608	0.000293356
1609	0.000293004
1610	0.000292653
1611	0.000292304
1612	0.000291957
1613	0.000291612
1614	0.000291268
1615	0.000290926
1616	0.000290585
1617	0.000290246
1618	0.000289909
1619	0.000289573
1620	0.000289239
1621	0.000288906
1622	0.000288575
1623	0.000288245
1624	0.000287918
1625	0.000287591
1626	0.000287266
1627	0.000286943
1628	0.000286621
1629	0.000286301
1630	0.000285983
1631	0.000285665
1632	0.00028535
1633	0.000285035
1634	0.000284723
1635	0.000284412
1636	0.000284102
1637	0.000283793
1638	0.000283487
1639	0.000283181
1640	0.000282877
1641	0.000282575
1642	0.000282274
1643	0.000281974
1644	0.000281676
1645	0.000281379
1646	0.000281084
1647	0.00028079
1648	0.000280497
1649	0.000280206
1650	0.000279916
1651	0.000279627
1652	0.00027934
1653	0.000279054
1654	0.00027877
1655	0.000278487
1656	0.000278205
1657	0.000277924
1658	0.000277645
1659	0.000277368
1660	0.000277091
1661	0.000276816
1662	0.000276542
1663	0.000276269
1664	0.000275998
1665	0.000275728
1666	0.000275459
1667	0.000275191
1668	0.000274925
1669	0.00027466
1670	0.000274396
1671	0.000274134
1672	0.000273872
1673	0.000273612
1674	0.000273354
1675	0.000273096
1676	0.000272839
1677	0.000272584
1678	0.00027233
1679	0.000272077
1680	0.000271826
1681	0.000271575
1682	0.000271326
1683	0.000271078
1684	0.000270831
1685	0.000270585
1686	0.00027034
1687	0.000270097
1688	0.000269854
1689	0.000269613
1690	0.000269373
1691	0.000269134
1692	0.000268896
1693	0.000268659
1694	0.000268423
1695	0.000268189
1696	0.000267955
1697	0.000267723
1698	0.000267492
1699	0.000267261
1700	0.000267032
1701	0.000266804
1702	0.000266577
1703	0.000266351
1704	0.000266126
1705	0.000265902
1706	0.000265679
1707	0.000265458
1708	0.000265237
1709	0.000265017
1710	0.000264798
1711	0.000264581
1712	0.000264364
1713	0.000264148
1714	0.000263934
1715	0.00026372
1716	0.000263507
1717	0.000263295
1718	0.000263085
1719	0.000262875
1720	0.000262666
1721	0.000262458
1722	0.000262252
1723	0.000262046
1724	0.000261841
1725	0.000261637
1726	0.000261434
1727	0.000261232
1728	0.00026103
1729	0.00026083
1730	0.000260631
1731	0.000260433
1732	0.000260235
1733	0.000260038
1734	0.000259843
1735	0.000259648
1736	0.000259454
1737	0.000259261
1738	0.000259069
1739	0.000258878
1740	0.000258688
1741	0.000258498
1742	0.00025831
1743	0.000258122
1744	0.000257935
1745	0.000257749
1746	0.000257564
1747	0.00025738
1748	0.000257196
1749	0.000257014
1750	0.000256832
1751	0.000256651
1752	0.000256471
1753	0.000256292
1754	0.000256114
1755	0.000255936
1756	0.000255759
1757	0.000255583
1758	0.000255408
1759	0.000255234
1760	0.00025506
1761	0.000254887
1762	0.000254715
1763	0.000254544
1764	0.000254374
1765	0.000254204
1766	0.000254035
1767	0.000253867
1768	0.0002537
1769	0.000253533
1770	0.000253368
1771	0.000253203
1772	0.000253038
1773	0.000252875
1774	0.000252712
1775	0.00025255
1776	0.000252389
1777	0.000252228
1778	0.000252068
1779	0.000251909
1780	0.000251751
1781	0.000251593
1782	0.000251436
1783	0.00025128
1784	0.000251124
1785	0.000250969
1786	0.000250815
1787	0.000250662
1788	0.000250509
1789	0.000250357
1790	0.000250206
1791	0.000250055
1792	0.000249905
1793	0.000249756
1794	0.000249607
1795	0.000249459
1796	0.000249312
1797	0.000249165
1798	0.000249019
1799	0.000248874
1800	0.000248729
1801	0.000248585
1802	0.000248442
1803	0.000248299
1804	0.000248157
1805	0.000248016
1806	0.000247875
1807	0.000247735
1808	0.000247595
1809	0.000247456
1810	0.000247318
1811	0.00024718
1812	0.000247043
1813	0.000246907
1814	0.000246771
1815	0.000246636
1816	0.000246501
1817	0.000246367
1818	0.000246234
1819	0.000246101
1820	0.000245969
1821	0.000245837
1822	0.000245706
1823	0.000245576
1824	0.000245446
1825	0.000245317
1826	0.000245188
1827	0.00024506
1828	0.000244932
1829	0.000244805
1830	0.000244679
1831	0.000244553
1832	0.000244428
1833	0.000244303
1834	0.000244179
1835	0.000244055
1836	0.000243932
1837	0.000243809
1838	0.000243687
1839	0.000243566
1840	0.000243445
1841	0.000243325
1842	0.000243205
1843	0.000243085
1844	0.000242967
1845	0.000242848
1846	0.000242731
1847	0.000242613
1848	0.000242497
1849	0.00024238
1850	0.000242265
1851	0.00024215
1852	0.000242035
1853	0.000241921
1854	0.000241807
1855	0.000241694
1856	0.000241581
1857	0.000241469
1858	0.000241357
1859	0.000241246
1860	0.000241135
1861	0.000241025
1862	0.000240915
1863	0.000240806
1864	0.000240697
1865	0.000240589
1866	0.000240481
1867	0.000240374
1868	0.000240267
1869	0.000240161
1870	0.000240055
1871	0.000239949
1872	0.000239844
1873	0.00023974
1874	0.000239635
1875	0.000239532
1876	0.000239428
1877	0.000239326
1878	0.000239223
1879	0.000239121
1880	0.00023902
1881	0.000238919
1882	0.000238818
1883	0.000238718
1884	0.000238619
1885	0.000238519
1886	0.000238421
1887	0.000238322
1888	0.000238224
1889	0.000238127
1890	0.000238029
1891	0.000237933
1892	0.000237836
1893	0.000237741
1894	0.000237645
1895	0.00023755
1896	0.000237455
1897	0.000237361
1898	0.000237267
1899	0.000237174
1900	0.000237081
1901	0.000236988
1902	0.000236896
1903	0.000236804
1904	0.000236712
1905	0.000236621
1906	0.000236531
1907	0.00023644
1908	0.00023635
1909	0.000236261
1910	0.000236172
1911	0.000236083
1912	0.000235995
1913	0.000235907
1914	0.000235819
1915	0.000235732
1916	0.000235645
1917	0.000235558
1918	0.000235472
1919	0.000235386
1920	0.000235301
1921	0.000235216
1922	0.000235131
1923	0.000235047
1924	0.000234963
1925	0.000234879
1926	0.000234796
1927	0.000234713
1928	0.00023463
1929	0.000234548
1930	0.000234466
1931	0.000234384
1932	0.000234303
1933	0.000234222
1934	0.000234142
1935	0.000234061
1936	0.000233982
1937	0.000233902
1938	0.000233823
1939	0.000233744
1940	0.000233665
1941	0.000233587
1942	0.000233509
1943	0.000233432
1944	0.000233354
1945	0.000233277
1946	0.000233201
1947	0.000233124
1948	0.000233049
1949	0.000232973
1950	0.000232897
1951	0.000232822
1952	0.000232748
1953	0.000232673
1954	0.000232599
1955	0.000232525
1956	0.000232452
1957	0.000232379
1958	0.000232306
1959	0.000232233
1960	0.000232161
1961	0.000232089
1962	0.000232017
1963	0.000231946
1964	0.000231875
1965	0.000231804
1966	0.000231733
1967	0.000231663
1968	0.000231593
1969	0.000231523
1970	0.000231454
1971	0.000231385
1972	0.000231316
1973	0.000231247
1974	0.000231179
1975	0.000231111
1976	0.000231043
1977	0.000230976
1978	0.000230909
1979	0.000230842
1980	0.000230775
1981	0.000230709
1982	0.000230643
1983	0.000230577
1984	0.000230511
1985	0.000230446
1986	0.000230381
1987	0.000230316
1988	0.000230251
1989	0.000230187
1990	0.000230123
1991	0.000230059
1992	0.000229996
1993	0.000229933
1994	0.00022987
1995	0.000229807
1996	0.000229744
1997	0.000229682
1998	0.00022962
1999	0.000229558
2000	0.000229497
2001	0.000229435
2002	0.000229374
2003	0.000229314
2004	0.000229253
2005	0.000229193
2006	0.000229133
2007	0.000229073
2008	0.000229013
2009	0.000228954
2010	0.000228895
2011	0.000228836
2012	0.000228777
2013	0.000228719
2014	0.00022866
2015	0.000228603
2016	0.000228545
2017	0.000228487
2018	0.00022843
2019	0.000228373
2020	0.000228316
2021	0.000228259
2022	0.000228203
2023	0.000228147
2024	0.000228091
2025	0.000228035
2026	0.000227979
2027	0.000227924
2028	0.000227869
2029	0.000227814
2030	0.000227759
2031	0.000227705
2032	0.00022765
2033	0.000227596
2034	0.000227542
2035	0.000227489
2036	0.000227435
2037	0.000227382
2038	0.000227329
2039	0.000227276
2040	0.000227223
2041	0.000227171
2042	0.000227119
2043	0.000227067
2044	0.000227015
2045	0.000226963
2046	0.000226912
2047	0.00022686
2048	0.000226809
2049	0.000226758
2050	0.000226708
2051	0.000226657
2052	0.000226607
2053	0.000226557
2054	0.000226507
2055	0.000226457
2056	0.000226408
2057	0.000226358
2058	0.000226309
2059	0.00022626
2060	0.000226211
2061	0.000226162
2062	0.000226114
2063	0.000226066
2064	0.000226018
2065	0.00022597
2066	0.000225922
2067	0.000225874
2068	0.000225827
2069	0.00022578
2070	0.000225733
2071	0.000225686
2072	0.000225639
2073	0.000225592
2074	0.000225546
2075	0.0002255
2076	0.000225454
2077	0.000225408
2078	0.000225362
2079	0.000225317
2080	0.000225271
2081	0.000225226
2082	0.000225181
2083	0.000225136
2084	0.000225092
2085	0.000225047
2086	0.000225003
2087	0.000224958
2088	0.000224914
2089	0.00022487
2090	0.000224827
2091	0.000224783
2092	0.000224739
2093	0.000224696
2094	0.000224653
2095	0.00022461
2096	0.000224567
2097	0.000224525
2098	0.000224482
2099	0.00022444
2100	0.000224397
2101	0.000224355
2102	0.000224313
2103	0.000224272
2104	0.00022423
2105	0.000224188
2106	0.000224147
2107	0.000224106
2108	0.000224065
2109	0.000224024
2110	0.000223983
2111	0.000223943
2112	0.000223902
2113	0.000223862
2114	0.000223821
2115	0.000223781
2116	0.000223741
2117	0.000223702
2118	0.000223662
2119	0.000223622
2120	0.000223583
2121	0.000223544
2122	0.000223505
2123	0.000223466
2124	0.000223427
2125	0.000223388
2126	0.00022335
2127	0.000223311
2128	0.000223273
2129	0.000223235
2130	0.000223197
2131	0.000223159
2132	0.000223121
2133	0.000223083
2134	0.000223046
2135	0.000223008
2136	0.000222971
2137	0.000222934
2138	0.000222897
2139	0.00022286
2140	0.000222823
2141	0.000222786
2142	0.00022275
2143	0.000222713
2144	0.000222677
2145	0.000222641
2146	0.000222605
2147	0.000222569
2148	0.000222533
2149	0.000222497
2150	0.000222462
2151	0.000222426
2152	0.000222391
2153	0.000222355
2154	0.00022232
2155	0.000222285
2156	0.00022225
2157	0.000222216
2158	0.000222181
2159	0.000222146
2160	0.000222112
2161	0.000222077
2162	0.000222043
2163	0.000222009
2164	0.000221975
2165	0.000221941
2166	0.000221907
2167	0.000221874
2168	0.00022184
2169	0.000221807
2170	0.000221773
2171	0.00022174
2172	0.000221707
2173	0.000221674
2174	0.000221641
2175	0.000221608
2176	0.000221575
2177	0.000221542
2178	0.00022151
2179	0.000221477
2180	0.000221445
2181	0.000221413
2182	0.000221381
2183	0.000221349
2184	0.000221317
2185	0.000221285
2186	0.000221253
2187	0.000221222
2188	0.00022119
2189	0.000221159
2190	0.000221127
2191	0.000221096
2192	0.000221065
2193	0.000221034
2194	0.000221003
2195	0.000220972
2196	0.000220941
2197	0.00022091
2198	0.00022088
2199	0.000220849
2200	0.000220819
2201	0.000220789
2202	0.000220758
2203	0.000220728
2204	0.000220698
2205	0.000220668
2206	0.000220638
2207	0.000220608
2208	0.000220579
2209	0.000220549
2210	0.00022052
2211	0.00022049
2212	0.000220461
2213	0.000220432
2214	0.000220402
2215	0.000220373
2216	0.000220344
2217	0.000220315
2218	0.000220287
2219	0.000220258
2220	0.000220229
2221	0.000220201
2222	0.000220172
2223	0.000220144
2224	0.000220115
2225	0.000220087
2226	0.000220059
2227	0.000220031
2228	0.000220003
2229	0.000219975
2230	0.000219947
2231	0.000219919
2232	0.000219891
2233	0.000219864
2234	0.000219836
2235	0.000219809
2236	0.000219781
2237	0.000219754
2238	0.000219727
2239	0.0002197
2240	0.000219673
2241	0.000219646
2242	0.000219619
2243	0.000219592
2244	0.000219565
2245	0.000219538
2246	0.000219512
2247	0.000219485
2248	0.000219459
2249	0.000219432
2250	0.000219406
2251	0.00021938
2252	0.000219353
2253	0.000219327
2254	0.000219301
2255	0.000219275
2256	0.000219249
2257	0.000219223
2258	0.000219198
2259	0.000219172
2260	0.000219146
2261	0.000219121
2262	0.000219095
2263	0.00021907
2264	0.000219044
2265	0.000219019
2266	0.000218994
2267	0.000218969
2268	0.000218944
2269	0.000218918
2270	0.000218893
2271	0.000218869
2272	0.000218844
2273	0.000218819
2274	0.000218794
2275	0.00021877
2276	0.000218745
2277	0.00021872
2278	0.000218696
2279	0.000218672
2280	0.000218647
2281	0.000218623
2282	0.000218599
2283	0.000218575
2284	0.00021855
2285	0.000218526
2286	0.000218502
2287	0.000218479
2288	0.000218455
2289	0.000218431
2290	0.000218407
2291	0.000218383
2292	0.00021836
2293	0.000218336
2294	0.000218313
2295	0.000218289
2296	0.000218266
2297	0.000218243
2298	0.000218219
2299	0.000218196
2300	0.000218173
2301	0.00021815
2302	0.000218127
2303	0.000218104
2304	0.000218081
2305	0.000218058
2306	0.000218035
2307	0.000218012
2308	0.00021799
2309	0.000217967
2310	0.000217944
2311	0.000217922
2312	0.000217899
2313	0.000217877
2314	0.000217855
2315	0.000217832
2316	0.00021781
2317	0.000217788
2318	0.000217766
2319	0.000217743
2320	0.000217721
2321	0.000217699
2322	0.000217677
2323	0.000217655
2324	0.000217633
2325	0.000217612
2326	0.00021759
2327	0.000217568
2328	0.000217546
2329	0.000217525
2330	0.000217503
2331	0.000217482
2332	0.00021746
2333	0.000217439
2334	0.000217417
2335	0.000217396
2336	0.000217375
2337	0.000217354
2338	0.000217332
2339	0.000217311
2340	0.00021729
2341	0.000217269
2342	0.000217248
2343	0.000217227
2344	0.000217206
2345	0.000217185
2346	0.000217164
2347	0.000217144
2348	0.000217123
2349	0.000217102
2350	0.000217082
2351	0.000217061
2352	0.00021704
2353	0.00021702
2354	0.000216999
2355	0.000216979
2356	0.000216959
2357	0.000216938
2358	0.000216918
2359	0.000216898
2360	0.000216877
2361	0.000216857
2362	0.000216837
2363	0.000216817
2364	0.000216797
2365	0.000216777
2366	0.000216757
2367	0.000216737
2368	0.000216717
2369	0.000216697
2370	0.000216677
2371	0.000216658
2372	0.000216638
2373	0.000216618
2374	0.000216599
2375	0.000216579
2376	0.000216559
2377	0.00021654
2378	0.00021652
2379	0.000216501
2380	0.000216482
2381	0.000216462
2382	0.000216443
2383	0.000216424
2384	0.000216404
2385	0.000216385
2386	0.000216366
2387	0.000216347
2388	0.000216328
2389	0.000216309
2390	0.00021629
2391	0.000216271
2392	0.000216252
2393	0.000216233
2394	0.000216214
2395	0.000216195
2396	0.000216176
2397	0.000216157
2398	0.000216139
2399	0.00021612
2400	0.000216101
2401	0.000216083
2402	0.000216064
2403	0.000216045
2404	0.000216027
2405	0.000216008
2406	0.00021599
2407	0.000215971
2408	0.000215953
2409	0.000215935
2410	0.000215916
2411	0.000215898
2412	0.00021588
2413	0.000215861
2414	0.000215843
2415	0.000215825
2416	0.000215807
2417	0.000215789
2418	0.000215771
2419	0.000215753
2420	0.000215735
2421	0.000215717
2422	0.000215699
2423	0.000215681
2424	0.000215663
2425	0.000215645
2426	0.000215627
2427	0.000215609
2428	0.000215592
2429	0.000215574
2430	0.000215556
2431	0.000215539
2432	0.000215521
2433	0.000215503
2434	0.000215486
2435	0.000215468
2436	0.000215451
2437	0.000215433
2438	0.000215416
2439	0.000215398
2440	0.000215381
2441	0.000215363
2442	0.000215346
2443	0.000215329
2444	0.000215311
2445	0.000215294
2446	0.000215277
2447	0.00021526
2448	0.000215243
2449	0.000215225
2450	0.000215208
2451	0.000215191
2452	0.000215174
2453	0.000215157
2454	0.00021514
2455	0.000215123
2456	0.000215106
2457	0.000215089
2458	0.000215072
2459	0.000215055
2460	0.000215038
2461	0.000215022
2462	0.000215005
2463	0.000214988
2464	0.000214971
2465	0.000214955
2466	0.000214938
2467	0.000214921
2468	0.000214905
2469	0.000214888
2470	0.000214871
2471	0.000214855
2472	0.000214838
2473	0.000214822
2474	0.000214805
2475	0.000214789
2476	0.000214772
2477	0.000214756
2478	0.000214739
2479	0.000214723
2480	0.000214707
2481	0.00021469
2482	0.000214674
2483	0.000214658
2484	0.000214641
2485	0.000214625
2486	0.000214609
2487	0.000214593
2488	0.000214577
2489	0.000214561
2490	0.000214544
2491	0.000214528
2492	0.000214512
2493	0.000214496
2494	0.00021448
2495	0.000214464
2496	0.000214448
2497	0.000214432
2498	0.000214416
2499	0.0002144
2500	0.000214384
2501	0.000214369
2502	0.000214353
2503	0.000214337
2504	0.000214321
2505	0.000214305
2506	0.000214289
2507	0.000214274
2508	0.000214258
2509	0.000214242
2510	0.000214227
2511	0.000214211
2512	0.000214195
2513	0.00021418
2514	0.000214164
2515	0.000214148
2516	0.000214133
2517	0.000214117
2518	0.000214102
2519	0.000214086
2520	0.000214071
2521	0.000214055
2522	0.00021404
2523	0.000214025
2524	0.000214009
2525	0.000213994
2526	0.000213978
2527	0.000213963
2528	0.000213948
2529	0.000213932
2530	0.000213917
2531	0.000213902
2532	0.000213887
2533	0.000213871
2534	0.000213856
2535	0.000213841
2536	0.000213826
2537	0.000213811
2538	0.000213795
2539	0.00021378
2540	0.000213765
2541	0.00021375
2542	0.000213735
2543	0.00021372
2544	0.000213705
2545	0.00021369
2546	0.000213675
2547	0.00021366
2548	0.000213645
2549	0.00021363
2550	0.000213615
2551	0.0002136
2552	0.000213585
2553	0.00021357
2554	0.000213556
2555	0.000213541
2556	0.000213526
2557	0.000213511
2558	0.000213496
2559	0.000213482
2560	0.000213467
2561	0.000213452
2562	0.000213437
2563	0.000213423
2564	0.000213408
2565	0.000213393
2566	0.000213379
2567	0.000213364
2568	0.000213349
2569	0.000213335
2570	0.00021332
2571	0.000213306
2572	0.000213291
2573	0.000213276
2574	0.000213262
2575	0.000213247
2576	0.000213233
2577	0.000213218
2578	0.000213204
2579	0.000213189
2580	0.000213175
2581	0.000213161
2582	0.000213146
2583	0.000213132
2584	0.000213117
2585	0.000213103
2586	0.000213089
2587	0.000213074
2588	0.00021306
2589	0.000213046
2590	0.000213031
2591	0.000213017
2592	0.000213003
2593	0.000212989
2594	0.000212974
2595	0.00021296
2596	0.000212946
2597	0.000212932
2598	0.000212917
2599	0.000212903
2600	0.000212889
2601	0.000212875
2602	0.000212861
2603	0.000212847
2604	0.000212833
2605	0.000212819
2606	0.000212805
2607	0.00021279
2608	0.000212776
2609	0.000212762
2610	0.000212748
2611	0.000212734
2612	0.00021272
2613	0.000212706
2614	0.000212692
2615	0.000212678
2616	0.000212665
2617	0.000212651
2618	0.000212637
2619	0.000212623
2620	0.000212609
2621	0.000212595
2622	0.000212581
2623	0.000212567
2624	0.000212553
2625	0.00021254
2626	0.000212526
2627	0.000212512
2628	0.000212498
2629	0.000212484
2630	0.000212471
2631	0.000212457
2632	0.000212443
2633	0.000212429
2634	0.000212416
2635	0.000212402
2636	0.000212388
2637	0.000212375
2638	0.000212361
2639	0.000212347
2640	0.000212334
2641	0.00021232
2642	0.000212306
2643	0.000212293
2644	0.000212279
2645	0.000212266
2646	0.000212252
2647	0.000212238
2648	0.000212225
2649	0.000212211
2650	0.000212198
2651	0.000212184
2652	0.000212171
2653	0.000212157
2654	0.000212144
2655	0.00021213
2656	0.000212117
2657	0.000212103
2658	0.00021209
2659	0.000212076
2660	0.000212063
2661	0.00021205
2662	0.000212036
2663	0.000212023
2664	0.000212009
2665	0.000211996
2666	0.000211983
2667	0.000211969
2668	0.000211956
2669	0.000211943
2670	0.000211929
2671	0.000211916
2672	0.000211903
2673	0.000211889
2674	0.000211876
2675	0.000211863
2676	0.000211849
2677	0.000211836
2678	0.000211823
2679	0.00021181
2680	0.000211796
2681	0.000211783
2682	0.00021177
2683	0.000211757
2684	0.000211744
2685	0.00021173
2686	0.000211717
2687	0.000211704
2688	0.000211691
2689	0.000211678
2690	0.000211665
2691	0.000211652
2692	0.000211638
2693	0.000211625
2694	0.000211612
2695	0.000211599
2696	0.000211586
2697	0.000211573
2698	0.00021156
2699	0.000211547
2700	0.000211534
2701	0.000211521
2702	0.000211508
2703	0.000211495
2704	0.000211482
2705	0.000211469
2706	0.000211456
2707	0.000211443
2708	0.00021143
2709	0.000211417
2710	0.000211404
2711	0.000211391
2712	0.000211378
2713	0.000211365
2714	0.000211352
2715	0.000211339
2716	0.000211326
2717	0.000211313
2718	0.000211301
2719	0.000211288
2720	0.000211275
2721	0.000211262
2722	0.000211249
2723	0.000211236
2724	0.000211223
2725	0.000211211
2726	0.000211198
2727	0.000211185
2728	0.000211172
2729	0.000211159
2730	0.000211147
2731	0.000211134
2732	0.000211121
2733	0.000211108
2734	0.000211095
2735	0.000211083
2736	0.00021107
2737	0.000211057
2738	0.000211044
2739	0.000211032
2740	0.000211019
2741	0.000211006
2742	0.000210994
2743	0.000210981
2744	0.000210968
2745	0.000210956
2746	0.000210943
2747	0.00021093
2748	0.000210918
2749	0.000210905
2750	0.000210892
2751	0.00021088
2752	0.000210867
2753	0.000210854
2754	0.000210842
2755	0.000210829
2756	0.000210817
2757	0.000210804
2758	0.000210791
2759	0.000210779
2760	0.000210766
2761	0.000210754
2762	0.000210741
2763	0.000210729
2764	0.000210716
2765	0.000210703
2766	0.000210691
2767	0.000210678
2768	0.000210666
2769	0.000210653
2770	0.000210641
2771	0.000210628
2772	0.000210616
2773	0.000210603
2774	0.000210591
2775	0.000210578
2776	0.000210566
2777	0.000210554
2778	0.000210541
2779	0.000210529
2780	0.000210516
2781	0.000210504
2782	0.000210491
2783	0.000210479
2784	0.000210467
2785	0.000210454
2786	0.000210442
2787	0.000210429
2788	0.000210417
2789	0.000210405
2790	0.000210392
2791	0.00021038
2792	0.000210367
2793	0.000210355
2794	0.000210343
2795	0.00021033
2796	0.000210318
2797	0.000210306
2798	0.000210293
2799	0.000210281
2800	0.000210269
2801	0.000210256
2802	0.000210244
2803	0.000210232
2804	0.00021022
2805	0.000210207
2806	0.000210195
2807	0.000210183
2808	0.00021017
2809	0.000210158
2810	0.000210146
2811	0.000210134
2812	0.000210121
2813	0.000210109
2814	0.000210097
2815	0.000210085
2816	0.000210072
2817	0.00021006
2818	0.000210048
2819	0.000210036
2820	0.000210024
2821	0.000210011
2822	0.000209999
2823	0.000209987
2824	0.000209975
2825	0.000209963
2826	0.00020995
2827	0.000209938
2828	0.000209926
2829	0.000209914
2830	0.000209902
2831	0.00020989
2832	0.000209878
2833	0.000209865
2834	0.000209853
2835	0.000209841
2836	0.000209829
2837	0.000209817
2838	0.000209805
2839	0.000209793
2840	0.000209781
2841	0.000209769
2842	0.000209756
2843	0.000209744
2844	0.000209732
2845	0.00020972
2846	0.000209708
2847	0.000209696
2848	0.000209684
2849	0.000209672
2850	0.00020966
2851	0.000209648
2852	0.000209636
2853	0.000209624
2854	0.000209612
2855	0.0002096
2856	0.000209588
2857	0.000209576
2858	0.000209564
2859	0.000209552
2860	0.00020954
2861	0.000209528
2862	0.000209516
2863	0.000209504
2864	0.000209492
2865	0.00020948
2866	0.000209468
2867	0.000209456
2868	0.000209444
2869	0.000209432
2870	0.00020942
2871	0.000209408
2872	0.000209396
2873	0.000209384
2874	0.000209372
2875	0.00020936
2876	0.000209348
2877	0.000209336
2878	0.000209324
2879	0.000209313
2880	0.000209301
2881	0.000209289
2882	0.000209277
2883	0.000209265
2884	0.000209253
2885	0.000209241
2886	0.000209229
2887	0.000209217
2888	0.000209205
2889	0.000209194
2890	0.000209182
2891	0.00020917
2892	0.000209158
2893	0.000209146
2894	0.000209134
2895	0.000209122
2896	0.000209111
2897	0.000209099
2898	0.000209087
2899	0.000209075
2900	0.000209063
2901	0.000209051
2902	0.00020904
2903	0.000209028
2904	0.000209016
2905	0.000209004
2906	0.000208992
2907	0.000208981
2908	0.000208969
2909	0.000208957
2910	0.000208945
2911	0.000208933
2912	0.000208922
2913	0.00020891
2914	0.000208898
2915	0.000208886
2916	0.000208875
2917	0.000208863
2918	0.000208851
2919	0.000208839
2920	0.000208828
2921	0.000208816
2922	0.000208804
2923	0.000208792
2924	0.000208781
2925	0.000208769
2926	0.000208757
2927	0.000208745
2928	0.000208734
2929	0.000208722
2930	0.00020871
2931	0.000208699
2932	0.000208687
2933	0.000208675
2934	0.000208663
2935	0.000208652
2936	0.00020864
2937	0.000208628
2938	0.000208617
2939	0.000208605
2940	0.000208593
2941	0.000208582
2942	0.00020857
2943	0.000208558
2944	0.000208547
2945	0.000208535
2946	0.000208523
2947	0.000208512
2948	0.0002085
2949	0.000208488
2950	0.000208477
2951	0.000208465
2952	0.000208453
2953	0.000208442
2954	0.00020843
2955	0.000208419
2956	0.000208407
2957	0.000208395
2958	0.000208384
2959	0.000208372
2960	0.000208361
2961	0.000208349
2962	0.000208337
2963	0.000208326
2964	0.000208314
2965	0.000208303
2966	0.000208291
2967	0.000208279
2968	0.000208268
2969	0.000208256
2970	0.000208245
2971	0.000208233
2972	0.000208221
2973	0.00020821
2974	0.000208198
2975	0.000208187
2976	0.000208175
2977	0.000208164
2978	0.000208152
2979	0.000208141
2980	0.000208129
2981	0.000208118
2982	0.000208106
2983	0.000208094
2984	0.000208083
2985	0.000208071
2986	0.00020806
2987	0.000208048
2988	0.000208037
2989	0.000208025
2990	0.000208014
2991	0.000208002
2992	0.000207991
2993	0.000207979
2994	0.000207968
2995	0.000207956
2996	0.000207945
2997	0.000207933
2998	0.000207922
2999	0.00020791
3000	0.000207899
3001	0.000207887
3002	0.000207876
3003	0.000207864
3004	0.000207853
3005	0.000207841
3006	0.00020783
3007	0.000207819
3008	0.000207807
3009	0.000207796
3010	0.000207784
3011	0.000207773
3012	0.000207761
3013	0.00020775
3014	0.000207738
3015	0.000207727
3016	0.000207715
3017	0.000207704
3018	0.000207693
3019	0.000207681
3020	0.00020767
3021	0.000207658
3022	0.000207647
3023	0.000207635
3024	0.000207624
3025	0.000207613
3026	0.000207601
3027	0.00020759
3028	0.000207578
3029	0.000207567
3030	0.000207556
3031	0.000207544
3032	0.000207533
3033	0.000207521
3034	0.00020751
3035	0.000207499
3036	0.000207487
3037	0.000207476
3038	0.000207465
3039	0.000207453
3040	0.000207442
3041	0.00020743
3042	0.000207419
3043	0.000207408
3044	0.000207396
3045	0.000207385
3046	0.000207374
3047	0.000207362
3048	0.000207351
3049	0.00020734
3050	0.000207328
3051	0.000207317
3052	0.000207306
3053	0.000207294
3054	0.000207283
3055	0.000207271
3056	0.00020726
3057	0.000207249
3058	0.000207238
3059	0.000207226
3060	0.000207215
3061	0.000207204
3062	0.000207192
3063	0.000207181
3064	0.00020717
3065	0.000207158
3066	0.000207147
3067	0.000207136
3068	0.000207124
3069	0.000207113
3070	0.000207102
3071	0.00020709
3072	0.000207079
3073	0.000207068
3074	0.000207057
3075	0.000207045
3076	0.000207034
3077	0.000207023
3078	0.000207011
3079	0.000207
3080	0.000206989
3081	0.000206978
3082	0.000206966
3083	0.000206955
3084	0.000206944
3085	0.000206933
3086	0.000206921
3087	0.00020691
3088	0.000206899
3089	0.000206888
3090	0.000206876
3091	0.000206865
3092	0.000206854
3093	0.000206843
3094	0.000206831
3095	0.00020682
3096	0.000206809
3097	0.000206798
3098	0.000206786
3099	0.000206775
3100	0.000206764
3101	0.000206753
3102	0.000206741
3103	0.00020673
3104	0.000206719
3105	0.000206708
3106	0.000206697
3107	0.000206685
3108	0.000206674
3109	0.000206663
3110	0.000206652
3111	0.000206641
3112	0.000206629
3113	0.000206618
3114	0.000206607
3115	0.000206596
3116	0.000206585
3117	0.000206573
3118	0.000206562
3119	0.000206551
3120	0.00020654
3121	0.000206529
3122	0.000206517
3123	0.000206506
3124	0.000206495
3125	0.000206484
3126	0.000206473
3127	0.000206462
3128	0.00020645
3129	0.000206439
3130	0.000206428
3131	0.000206417
3132	0.000206406
3133	0.000206395
3134	0.000206383
3135	0.000206372
3136	0.000206361
3137	0.00020635
3138	0.000206339
3139	0.000206328
3140	0.000206317
3141	0.000206305
3142	0.000206294
3143	0.000206283
3144	0.000206272
3145	0.000206261
3146	0.00020625
3147	0.000206239
3148	0.000206228
3149	0.000206216
3150	0.000206205
3151	0.000206194
3152	0.000206183
3153	0.000206172
3154	0.000206161
3155	0.00020615
3156	0.000206139
3157	0.000206127
3158	0.000206116
3159	0.000206105
3160	0.000206094
3161	0.000206083
3162	0.000206072
3163	0.000206061
3164	0.00020605
3165	0.000206039
3166	0.000206028
3167	0.000206016
3168	0.000206005
3169	0.000205994
3170	0.000205983
3171	0.000205972
3172	0.000205961
3173	0.00020595
3174	0.000205939
3175	0.000205928
3176	0.000205917
3177	0.000205906
3178	0.000205895
3179	0.000205884
3180	0.000205872
3181	0.000205861
3182	0.00020585
3183	0.000205839
3184	0.000205828
3185	0.000205817
3186	0.000205806
3187	0.000205795
3188	0.000205784
3189	0.000205773
3190	0.000205762
3191	0.000205751
3192	0.00020574
3193	0.000205729
3194	0.000205718
3195	0.000205707
3196	0.000205696
3197	0.000205685
3198	0.000205674
3199	0.000205663
3200	0.000205652
3201	0.000205641
3202	0.00020563
3203	0.000205619
3204	0.000205607
3205	0.000205596
3206	0.000205585
3207	0.000205574
3208	0.000205563
3209	0.000205552
3210	0.000205541
3211	0.00020553
3212	0.000205519
3213	0.000205508
3214	0.000205497
3215	0.000205486
3216	0.000205475
3217	0.000205464
3218	0.000205453
3219	0.000205442
3220	0.000205431
3221	0.00020542
3222	0.000205409
3223	0.000205398
3224	0.000205387
3225	0.000205376
3226	0.000205365
3227	0.000205354
3228	0.000205344
3229	0.000205333
3230	0.000205322
3231	0.000205311
3232	0.0002053
3233	0.000205289
3234	0.000205278
3235	0.000205267
3236	0.000205256
3237	0.000205245
3238	0.000205234
3239	0.000205223
3240	0.000205212
3241	0.000205201
3242	0.00020519
3243	0.000205179
3244	0.000205168
3245	0.000205157
3246	0.000205146
3247	0.000205135
3248	0.000205124
3249	0.000205113
3250	0.000205102
3251	0.000205091
3252	0.000205081
3253	0.00020507
3254	0.000205059
3255	0.000205048
3256	0.000205037
3257	0.000205026
3258	0.000205015
3259	0.000205004
3260	0.000204993
3261	0.000204982
3262	0.000204971
3263	0.00020496
3264	0.000204949
3265	0.000204938
3266	0.000204928
3267	0.000204917
3268	0.000204906
3269	0.000204895
3270	0.000204884
3271	0.000204873
3272	0.000204862
3273	0.000204851
3274	0.00020484
3275	0.000204829
3276	0.000204818
3277	0.000204808
3278	0.000204797
3279	0.000204786
3280	0.000204775
3281	0.000204764
3282	0.000204753
3283	0.000204742
3284	0.000204731
3285	0.00020472
3286	0.00020471
3287	0.000204699
3288	0.000204688
3289	0.000204677
3290	0.000204666
3291	0.000204655
3292	0.000204644
3293	0.000204633
3294	0.000204623
3295	0.000204612
3296	0.000204601
3297	0.00020459
3298	0.000204579
3299	0.000204568
3300	0.000204557
3301	0.000204547
3302	0.000204536
3303	0.000204525
3304	0.000204514
3305	0.000204503
3306	0.000204492
3307	0.000204481
3308	0.000204471
3309	0.00020446
3310	0.000204449
3311	0.000204438
3312	0.000204427
3313	0.000204416
3314	0.000204405
3315	0.000204395
3316	0.000204384
3317	0.000204373
3318	0.000204362
3319	0.000204351
3320	0.00020434
3321	0.00020433
3322	0.000204319
3323	0.000204308
3324	0.000204297
3325	0.000204286
3326	0.000204275
3327	0.000204265
3328	0.000204254
3329	0.000204243
3330	0.000204232
3331	0.000204221
3332	0.000204211
3333	0.0002042
3334	0.000204189
3335	0.000204178
3336	0.000204167
3337	0.000204157
3338	0.000204146
3339	0.000204135
3340	0.000204124
3341	0.000204113
3342	0.000204103
3343	0.000204092
3344	0.000204081
3345	0.00020407
3346	0.000204059
3347	0.000204049
3348	0.000204038
3349	0.000204027
3350	0.000204016
3351	0.000204005
3352	0.000203995
3353	0.000203984
3354	0.000203973
3355	0.000203962
3356	0.000203951
3357	0.000203941
3358	0.00020393
3359	0.000203919
3360	0.000203908
3361	0.000203898
3362	0.000203887
3363	0.000203876
3364	0.000203865
3365	0.000203855
3366	0.000203844
3367	0.000203833
3368	0.000203822
3369	0.000203811
3370	0.000203801
3371	0.00020379
3372	0.000203779
3373	0.000203768
3374	0.000203758
3375	0.000203747
3376	0.000203736
3377	0.000203725
3378	0.000203715
3379	0.000203704
3380	0.000203693
3381	0.000203682
3382	0.000203672
3383	0.000203661
3384	0.00020365
3385	0.00020364
3386	0.000203629
3387	0.000203618
3388	0.000203607
3389	0.000203597
3390	0.000203586
3391	0.000203575
3392	0.000203564
3393	0.000203554
3394	0.000203543
3395	0.000203532
3396	0.000203521
3397	0.000203511
3398	0.0002035
3399	0.000203489
3400	0.000203479
3401	0.000203468
3402	0.000203457
3403	0.000203446
3404	0.000203436
3405	0.000203425
3406	0.000203414
3407	0.000203404
3408	0.000203393
3409	0.000203382
3410	0.000203371
3411	0.000203361
3412	0.00020335
3413	0.000203339
3414	0.000203329
3415	0.000203318
3416	0.000203307
3417	0.000203297
3418	0.000203286
3419	0.000203275
3420	0.000203265
3421	0.000203254
3422	0.000203243
3423	0.000203232
3424	0.000203222
3425	0.000203211
3426	0.0002032
3427	0.00020319
3428	0.000203179
3429	0.000203168
3430	0.000203158
3431	0.000203147
3432	0.000203136
3433	0.000203126
3434	0.000203115
3435	0.000203104
3436	0.000203094
3437	0.000203083
3438	0.000203072
3439	0.000203062
3440	0.000203051
3441	0.00020304
3442	0.00020303
3443	0.000203019
3444	0.000203008
3445	0.000202998
3446	0.000202987
3447	0.000202976
3448	0.000202966
3449	0.000202955
3450	0.000202944
3451	0.000202934
3452	0.000202923
3453	0.000202912
3454	0.000202902
3455	0.000202891
3456	0.000202881
3457	0.00020287
3458	0.000202859
3459	0.000202849
3460	0.000202838
3461	0.000202827
3462	0.000202817
3463	0.000202806
3464	0.000202795
3465	0.000202785
3466	0.000202774
3467	0.000202764
3468	0.000202753
3469	0.000202742
3470	0.000202732
3471	0.000202721
3472	0.00020271
3473	0.0002027
3474	0.000202689
3475	0.000202679
3476	0.000202668
3477	0.000202657
3478	0.000202647
3479	0.000202636
3480	0.000202625
3481	0.000202615
3482	0.000202604
3483	0.000202594
3484	0.000202583
3485	0.000202572
3486	0.000202562
3487	0.000202551
3488	0.000202541
3489	0.00020253
3490	0.000202519
3491	0.000202509
3492	0.000202498
3493	0.000202488
3494	0.000202477
3495	0.000202466
3496	0.000202456
3497	0.000202445
3498	0.000202435
3499	0.000202424
3500	0.000202413
3501	0.000202403
3502	0.000202392
3503	0.000202382
3504	0.000202371
3505	0.000202361
3506	0.00020235
3507	0.000202339
3508	0.000202329
3509	0.000202318
3510	0.000202308
3511	0.000202297
3512	0.000202287
3513	0.000202276
3514	0.000202265
3515	0.000202255
3516	0.000202244
3517	0.000202234
3518	0.000202223
3519	0.000202213
3520	0.000202202
3521	0.000202191
3522	0.000202181
3523	0.00020217
3524	0.00020216
3525	0.000202149
3526	0.000202139
3527	0.000202128
3528	0.000202118
3529	0.000202107
3530	0.000202096
3531	0.000202086
3532	0.000202075
3533	0.000202065
3534	0.000202054
3535	0.000202044
3536	0.000202033
3537	0.000202023
3538	0.000202012
3539	0.000202002
3540	0.000201991
3541	0.00020198
3542	0.00020197
3543	0.000201959
3544	0.000201949
3545	0.000201938
3546	0.000201928
3547	0.000201917
3548	0.000201907
3549	0.000201896
3550	0.000201886
3551	0.000201875
3552	0.000201865
3553	0.000201854
3554	0.000201844
3555	0.000201833
3556	0.000201823
3557	0.000201812
3558	0.000201802
3559	0.000201791
3560	0.000201781
3561	0.00020177
3562	0.000201759
3563	0.000201749
3564	0.000201738
3565	0.000201728
3566	0.000201717
3567	0.000201707
3568	0.000201696
3569	0.000201686
3570	0.000201675
3571	0.000201665
3572	0.000201654
3573	0.000201644
3574	0.000201633
3575	0.000201623
3576	0.000201612
3577	0.000201602
3578	0.000201591
3579	0.000201581
3580	0.00020157
3581	0.00020156
3582	0.00020155
3583	0.000201539
3584	0.000201529
3585	0.000201518
3586	0.000201508
3587	0.000201497
3588	0.000201487
3589	0.000201476
3590	0.000201466
3591	0.000201455
3592	0.000201445
3593	0.000201434
3594	0.000201424
3595	0.000201413
3596	0.000201403
3597	0.000201392
3598	0.000201382
3599	0.000201371
3600	0.000201361
3601	0.00020135
3602	0.00020134
3603	0.00020133
3604	0.000201319
3605	0.000201309
3606	0.000201298
3607	0.000201288
3608	0.000201277
3609	0.000201267
3610	0.000201256
3611	0.000201246
3612	0.000201235
3613	0.000201225
3614	0.000201215
3615	0.000201204
3616	0.000201194
3617	0.000201183
3618	0.000201173
3619	0.000201162
3620	0.000201152
3621	0.000201141
3622	0.000201131
3623	0.000201121
3624	0.00020111
3625	0.0002011
3626	0.000201089
3627	0.000201079
3628	0.000201068
3629	0.000201058
3630	0.000201048
3631	0.000201037
3632	0.000201027
3633	0.000201016
3634	0.000201006
3635	0.000200995
3636	0.000200985
3637	0.000200975
3638	0.000200964
3639	0.000200954
3640	0.000200943
3641	0.000200933
3642	0.000200922
3643	0.000200912
3644	0.000200902
3645	0.000200891
3646	0.000200881
3647	0.00020087
3648	0.00020086
3649	0.00020085
3650	0.000200839
3651	0.000200829
3652	0.000200818
3653	0.000200808
3654	0.000200798
3655	0.000200787
3656	0.000200777
3657	0.000200766
3658	0.000200756
3659	0.000200746
3660	0.000200735
3661	0.000200725
3662	0.000200714
3663	0.000200704
3664	0.000200694
3665	0.000200683
3666	0.000200673
3667	0.000200662
3668	0.000200652
3669	0.000200642
3670	0.000200631
3671	0.000200621
3672	0.00020061
3673	0.0002006
3674	0.00020059
3675	0.000200579
3676	0.000200569
3677	0.000200559
3678	0.000200548
3679	0.000200538
3680	0.000200527
3681	0.000200517
3682	0.000200507
3683	0.000200496
3684	0.000200486
3685	0.000200476
3686	0.000200465
3687	0.000200455
3688	0.000200444
3689	0.000200434
3690	0.000200424
3691	0.000200413
3692	0.000200403
3693	0.000200393
3694	0.000200382
3695	0.000200372
3696	0.000200362
3697	0.000200351
3698	0.000200341
3699	0.000200331
3700	0.00020032
3701	0.00020031
3702	0.0002003
3703	0.000200289
3704	0.000200279
3705	0.000200268
3706	0.000200258
3707	0.000200248
3708	0.000200237
3709	0.000200227
3710	0.000200217
3711	0.000200206
3712	0.000200196
3713	0.000200186
3714	0.000200175
3715	0.000200165
3716	0.000200155
3717	0.000200144
3718	0.000200134
3719	0.000200124
3720	0.000200113
3721	0.000200103
3722	0.000200093
3723	0.000200082
3724	0.000200072
3725	0.000200062
3726	0.000200051
3727	0.000200041
3728	0.000200031
3729	0.000200021
3730	0.00020001
3731	0.0002
3732	0.00019999
3733	0.000199979
3734	0.000199969
3735	0.000199959
3736	0.000199948
3737	0.000199938
3738	0.000199928
3739	0.000199917
3740	0.000199907
3741	0.000199897
3742	0.000199886
3743	0.000199876
3744	0.000199866
3745	0.000199856
3746	0.000199845
3747	0.000199835
3748	0.000199825
3749	0.000199814
3750	0.000199804
3751	0.000199794
3752	0.000199783
3753	0.000199773
3754	0.000199763
3755	0.000199753
3756	0.000199742
3757	0.000199732
3758	0.000199722
3759	0.000199711
3760	0.000199701
3761	0.000199691
3762	0.000199681
3763	0.00019967
3764	0.00019966
3765	0.00019965
3766	0.00019964
3767	0.000199629
3768	0.000199619
3769	0.000199609
3770	0.000199598
3771	0.000199588
3772	0.000199578
3773	0.000199568
3774	0.000199557
3775	0.000199547
3776	0.000199537
3777	0.000199527
3778	0.000199516
3779	0.000199506
3780	0.000199496
3781	0.000199485
3782	0.000199475
3783	0.000199465
3784	0.000199455
3785	0.000199444
3786	0.000199434
3787	0.000199424
3788	0.000199414
3789	0.000199403
3790	0.000199393
3791	0.000199383
3792	0.000199373
3793	0.000199362
3794	0.000199352
3795	0.000199342
3796	0.000199332
3797	0.000199321
3798	0.000199311
3799	0.000199301
3800	0.000199291
3801	0.00019928
3802	0.00019927
3803	0.00019926
3804	0.00019925
3805	0.00019924
3806	0.000199229
3807	0.000199219
3808	0.000199209
3809	0.000199199
3810	0.000199188
3811	0.000199178
3812	0.000199168
3813	0.000199158
3814	0.000199147
3815	0.000199137
3816	0.000199127
3817	0.000199117
3818	0.000199107
3819	0.000199096
3820	0.000199086
3821	0.000199076
3822	0.000199066
3823	0.000199056
3824	0.000199045
3825	0.000199035
3826	0.000199025
3827	0.000199015
3828	0.000199004
3829	0.000198994
3830	0.000198984
3831	0.000198974
3832	0.000198964
3833	0.000198953
3834	0.000198943
3835	0.000198933
3836	0.000198923
3837	0.000198913
3838	0.000198902
3839	0.000198892
3840	0.000198882
3841	0.000198872
3842	0.000198862
3843	0.000198851
3844	0.000198841
3845	0.000198831
3846	0.000198821
3847	0.000198811
3848	0.0001988
3849	0.00019879
3850	0.00019878
3851	0.00019877
3852	0.00019876
3853	0.00019875
3854	0.000198739
3855	0.000198729
3856	0.000198719
3857	0.000198709
3858	0.000198699
3859	0.000198688
3860	0.000198678
3861	0.000198668
3862	0.000198658
3863	0.000198648
3864	0.000198638
3865	0.000198627
3866	0.000198617
3867	0.000198607
3868	0.000198597
3869	0.000198587
3870	0.000198577
3871	0.000198566
3872	0.000198556
3873	0.000198546
3874	0.000198536
3875	0.000198526
3876	0.000198516
3877	0.000198505
3878	0.000198495
3879	0.000198485
3880	0.000198475
3881	0.000198465
3882	0.000198455
3883	0.000198445
3884	0.000198434
3885	0.000198424
3886	0.000198414
3887	0.000198404
3888	0.000198394
3889	0.000198384
3890	0.000198374
3891	0.000198363
3892	0.000198353
3893	0.000198343
3894	0.000198333
3895	0.000198323
3896	0.000198313
3897	0.000198303
3898	0.000198292
3899	0.000198282
3900	0.000198272
3901	0.000198262
3902	0.000198252
3903	0.000198242
3904	0.000198232
3905	0.000198222
3906	0.000198211
3907	0.000198201
3908	0.000198191
3909	0.000198181
3910	0.000198171
3911	0.000198161
3912	0.000198151
3913	0.000198141
3914	0.00019813
3915	0.00019812
3916	0.00019811
3917	0.0001981
3918	0.00019809
3919	0.00019808
3920	0.00019807
3921	0.00019806
3922	0.00019805
3923	0.000198039
3924	0.000198029
3925	0.000198019
3926	0.000198009
3927	0.000197999
3928	0.000197989
3929	0.000197979
3930	0.000197969
3931	0.000197959
3932	0.000197948
3933	0.000197938
3934	0.000197928
3935	0.000197918
3936	0.000197908
3937	0.000197898
3938	0.000197888
3939	0.000197878
3940	0.000197868
3941	0.000197858
3942	0.000197848
3943	0.000197837
3944	0.000197827
3945	0.000197817
3946	0.000197807
3947	0.000197797
3948	0.000197787
3949	0.000197777
3950	0.000197767
3951	0.000197757
3952	0.000197747
3953	0.000197737
3954	0.000197727
3955	0.000197717
3956	0.000197706
3957	0.000197696
3958	0.000197686
3959	0.000197676
3960	0.000197666
3961	0.000197656
3962	0.000197646
3963	0.000197636
3964	0.000197626
3965	0.000197616
3966	0.000197606
3967	0.000197596
3968	0.000197586
3969	0.000197576
3970	0.000197566
3971	0.000197555
3972	0.000197545
3973	0.000197535
3974	0.000197525
3975	0.000197515
3976	0.000197505
3977	0.000197495
3978	0.000197485
3979	0.000197475
3980	0.000197465
3981	0.000197455
3982	0.000197445
3983	0.000197435
3984	0.000197425
3985	0.000197415
3986	0.000197405
3987	0.000197395
3988	0.000197385
3989	0.000197375
3990	0.000197365
3991	0.000197355
3992	0.000197344
3993	0.000197334
3994	0.000197324
3995	0.000197314
3996	0.000197304
3997	0.000197294
3998	0.000197284
3999	0.000197274
4000	0.000197264
4001	0.000197254
4002	0.000197244
4003	0.000197234
4004	0.000197224
4005	0.000197214
4006	0.000197204
4007	0.000197194
4008	0.000197184
4009	0.000197174
4010	0.000197164
4011	0.000197154
4012	0.000197144
4013	0.000197134
4014	0.000197124
4015	0.000197114
4016	0.000197104
4017	0.000197094
4018	0.000197084
4019	0.000197074
4020	0.000197064
4021	0.000197054
4022	0.000197044
4023	0.000197034
4024	0.000197024
4025	0.000197014
4026	0.000197004
4027	0.000196994
4028	0.000196984
4029	0.000196974
4030	0.000196964
4031	0.000196954
4032	0.000196944
4033	0.000196934
4034	0.000196924
4035	0.000196914
4036	0.000196904
4037	0.000196894
4038	0.000196884
4039	0.000196874
4040	0.000196864
4041	0.000196854
4042	0.000196844
4043	0.000196834
4044	0.000196824
4045	0.000196814
4046	0.000196804
4047	0.000196794
4048	0.000196784
4049	0.000196774
4050	0.000196764
4051	0.000196754
4052	0.000196744
4053	0.000196734
4054	0.000196724
4055	0.000196714
4056	0.000196704
4057	0.000196694
4058	0.000196684
4059	0.000196674
4060	0.000196664
4061	0.000196654
4062	0.000196645
4063	0.000196635
4064	0.000196625
4065	0.000196615
4066	0.000196605
4067	0.000196595
4068	0.000196585
4069	0.000196575
4070	0.000196565
4071	0.000196555
4072	0.000196545
4073	0.000196535
4074	0.000196525
4075	0.000196515
4076	0.000196505
4077	0.000196495
4078	0.000196485
4079	0.000196475
4080	0.000196465
4081	0.000196455
4082	0.000196445
4083	0.000196436
4084	0.000196426
4085	0.000196416
4086	0.000196406
4087	0.000196396
4088	0.000196386
4089	0.000196376
4090	0.000196366
4091	0.000196356
4092	0.000196346
4093	0.000196336
4094	0.000196326
4095	0.000196316
4096	0.000196306
4097	0.000196296
4098	0.000196286
4099	0.000196277
4100	0.000196267
4101	0.000196257
4102	0.000196247
4103	0.000196237
4104	0.000196227
4105	0.000196217
4106	0.000196207
4107	0.000196197
4108	0.000196187
4109	0.000196177
4110	0.000196167
4111	0.000196158
4112	0.000196148
4113	0.000196138
4114	0.000196128
4115	0.000196118
4116	0.000196108
4117	0.000196098
4118	0.000196088
4119	0.000196078
4120	0.000196068
4121	0.000196058
4122	0.000196049
4123	0.000196039
4124	0.000196029
4125	0.000196019
4126	0.000196009
4127	0.000195999
4128	0.000195989
4129	0.000195979
4130	0.000195969
4131	0.000195959
4132	0.00019595
4133	0.00019594
4134	0.00019593
4135	0.00019592
4136	0.00019591
4137	0.0001959
4138	0.00019589
4139	0.00019588
4140	0.00019587
4141	0.000195861
4142	0.000195851
4143	0.000195841
4144	0.000195831
4145	0.000195821
4146	0.000195811
4147	0.000195801
4148	0.000195791
4149	0.000195782
4150	0.000195772
4151	0.000195762
4152	0.000195752
4153	0.000195742
4154	0.000195732
4155	0.000195722
4156	0.000195712
4157	0.000195703
4158	0.000195693
4159	0.000195683
4160	0.000195673
4161	0.000195663
4162	0.000195653
4163	0.000195643
4164	0.000195634
4165	0.000195624
4166	0.000195614
4167	0.000195604
4168	0.000195594
4169	0.000195584
4170	0.000195574
4171	0.000195565
4172	0.000195555
4173	0.000195545
4174	0.000195535
4175	0.000195525
4176	0.000195515
4177	0.000195505
4178	0.000195496
4179	0.000195486
4180	0.000195476
4181	0.000195466
4182	0.000195456
4183	0.000195446
4184	0.000195437
4185	0.000195427
4186	0.000195417
4187	0.000195407
4188	0.000195397
4189	0.000195387
4190	0.000195378
4191	0.000195368
4192	0.000195358
4193	0.000195348
4194	0.000195338
4195	0.000195328
4196	0.000195319
4197	0.000195309
4198	0.000195299
4199	0.000195289
4200	0.000195279
4201	0.000195269
4202	0.00019526
4203	0.00019525
4204	0.00019524
4205	0.00019523
4206	0.00019522
4207	0.00019521
4208	0.000195201
4209	0.000195191
4210	0.000195181
4211	0.000195171
4212	0.000195161
4213	0.000195152
4214	0.000195142
4215	0.000195132
4216	0.000195122
4217	0.000195112
4218	0.000195103
4219	0.000195093
4220	0.000195083
4221	0.000195073
4222	0.000195063
4223	0.000195054
4224	0.000195044
4225	0.000195034
4226	0.000195024
4227	0.000195014
4228	0.000195005
4229	0.000194995
4230	0.000194985
4231	0.000194975
4232	0.000194965
4233	0.000194956
4234	0.000194946
4235	0.000194936
4236	0.000194926
4237	0.000194916
4238	0.000194907
4239	0.000194897
4240	0.000194887
4241	0.000194877
4242	0.000194867
4243	0.000194858
4244	0.000194848
4245	0.000194838
4246	0.000194828
4247	0.000194819
4248	0.000194809
4249	0.000194799
4250	0.000194789
4251	0.000194779
4252	0.00019477
4253	0.00019476
4254	0.00019475
4255	0.00019474
4256	0.000194731
4257	0.000194721
4258	0.000194711
4259	0.000194701
4260	0.000194692
4261	0.000194682
4262	0.000194672
4263	0.000194662
4264	0.000194653
4265	0.000194643
4266	0.000194633
4267	0.000194623
4268	0.000194613
4269	0.000194604
4270	0.000194594
4271	0.000194584
4272	0.000194574
4273	0.000194565
4274	0.000194555
4275	0.000194545
4276	0.000194535
4277	0.000194526
4278	0.000194516
4279	0.000194506
4280	0.000194496
4281	0.000194487
4282	0.000194477
4283	0.000194467
4284	0.000194458
4285	0.000194448
4286	0.000194438
4287	0.000194428
4288	0.000194419
4289	0.000194409
4290	0.000194399
4291	0.000194389
4292	0.00019438
4293	0.00019437
4294	0.00019436
4295	0.00019435
4296	0.000194341
4297	0.000194331
4298	0.000194321
4299	0.000194312
4300	0.000194302
4301	0.000194292
4302	0.000194282
4303	0.000194273
4304	0.000194263
4305	0.000194253
4306	0.000194243
4307	0.000194234
4308	0.000194224
4309	0.000194214
4310	0.000194205
4311	0.000194195
4312	0.000194185
4313	0.000194175
4314	0.000194166
4315	0.000194156
4316	0.000194146
4317	0.000194137
4318	0.000194127
4319	0.000194117
4320	0.000194107
4321	0.000194098
4322	0.000194088
4323	0.000194078
4324	0.000194069
4325	0.000194059
4326	0.000194049
4327	0.00019404
4328	0.00019403
4329	0.00019402
4330	0.00019401
4331	0.000194001
4332	0.000193991
4333	0.000193981
4334	0.000193972
4335	0.000193962
4336	0.000193952
4337	0.000193943
4338	0.000193933
4339	0.000193923
4340	0.000193914
4341	0.000193904
4342	0.000193894
4343	0.000193885
4344	0.000193875
4345	0.000193865
4346	0.000193855
4347	0.000193846
4348	0.000193836
4349	0.000193826
4350	0.000193817
4351	0.000193807
4352	0.000193797
4353	0.000193788
4354	0.000193778
4355	0.000193768
4356	0.000193759
4357	0.000193749
4358	0.000193739
4359	0.00019373
4360	0.00019372
4361	0.00019371
4362	0.000193701
4363	0.000193691
4364	0.000193681
4365	0.000193672
4366	0.000193662
4367	0.000193652
4368	0.000193643
4369	0.000193633
4370	0.000193623
4371	0.000193614
4372	0.000193604
4373	0.000193594
4374	0.000193585
4375	0.000193575
4376	0.000193565
4377	0.000193556
4378	0.000193546
4379	0.000193537
4380	0.000193527
4381	0.000193517
4382	0.000193508
4383	0.000193498
4384	0.000193488
4385	0.000193479
4386	0.000193469
4387	0.000193459
4388	0.00019345
4389	0.00019344
4390	0.00019343
4391	0.000193421
4392	0.000193411
4393	0.000193402
4394	0.000193392
4395	0.000193382
4396	0.000193373
4397	0.000193363
4398	0.000193353
4399	0.000193344
4400	0.000193334
4401	0.000193325
4402	0.000193315
4403	0.000193305
4404	0.000193296
4405	0.000193286
4406	0.000193276
4407	0.000193267
4408	0.000193257
4409	0.000193248
4410	0.000193238
4411	0.000193228
4412	0.000193219
4413	0.000193209
4414	0.000193199
4415	0.00019319
4416	0.00019318
4417	0.000193171
4418	0.000193161
4419	0.000193151
4420	0.000193142
4421	0.000193132
4422	0.000193123
4423	0.000193113
4424	0.000193103
4425	0.000193094
4426	0.000193084
4427	0.000193075
4428	0.000193065
4429	0.000193055
4430	0.000193046
4431	0.000193036
4432	0.000193027
4433	0.000193017
4434	0.000193007
4435	0.000192998
4436	0.000192988
4437	0.000192979
4438	0.000192969
4439	0.000192959
4440	0.00019295
4441	0.00019294
4442	0.000192931
4443	0.000192921
4444	0.000192911
4445	0.000192902
4446	0.000192892
4447	0.000192883
4448	0.000192873
4449	0.000192864
4450	0.000192854
4451	0.000192844
4452	0.000192835
4453	0.000192825
4454	0.000192816
4455	0.000192806
4456	0.000192797
4457	0.000192787
4458	0.000192777
4459	0.000192768
4460	0.000192758
4461	0.000192749
4462	0.000192739
4463	0.00019273
4464	0.00019272
4465	0.00019271
4466	0.000192701
4467	0.000192691
4468	0.000192682
4469	0.000192672
4470	0.000192663
4471	0.000192653
4472	0.000192643
4473	0.000192634
4474	0.000192624
4475	0.000192615
4476	0.000192605
4477	0.000192596
4478	0.000192586
4479	0.000192577
4480	0.000192567
4481	0.000192557
4482	0.000192548
4483	0.000192538
4484	0.000192529
4485	0.000192519
4486	0.00019251
4487	0.0001925
4488	0.000192491
4489	0.000192481
4490	0.000192472
4491	0.000192462
4492	0.000192452
4493	0.000192443
4494	0.000192433
4495	0.000192424
4496	0.000192414
4497	0.000192405
4498	0.000192395
4499	0.000192386
4500	0.000192376
4501	0.000192367
4502	0.000192357
4503	0.000192348
4504	0.000192338
4505	0.000192329
4506	0.000192319
4507	0.000192309
4508	0.0001923
4509	0.00019229
4510	0.000192281
4511	0.000192271
4512	0.000192262
4513	0.000192252
4514	0.000192243
4515	0.000192233
4516	0.000192224
4517	0.000192214
4518	0.000192205
4519	0.000192195
4520	0.000192186
4521	0.000192176
4522	0.000192167
4523	0.000192157
4524	0.000192148
4525	0.000192138
4526	0.000192129
4527	0.000192119
4528	0.00019211
4529	0.0001921
4530	0.000192091
4531	0.000192081
4532	0.000192072
4533	0.000192062
4534	0.000192053
4535	0.000192043
4536	0.000192034
4537	0.000192024
4538	0.000192015
4539	0.000192005
4540	0.000191996
4541	0.000191986
4542	0.000191977
4543	0.000191967
4544	0.000191958
4545	0.000191948
4546	0.000191939
4547	0.000191929
4548	0.00019192
4549	0.00019191
4550	0.000191901
4551	0.000191891
4552	0.000191882
4553	0.000191872
4554	0.000191863
4555	0.000191853
4556	0.000191844
4557	0.000191834
4558	0.000191825
4559	0.000191815
4560	0.000191806
4561	0.000191796
4562	0.000191787
4563	0.000191778
4564	0.000191768
4565	0.000191759
4566	0.000191749
4567	0.00019174
4568	0.00019173
4569	0.000191721
4570	0.000191711
4571	0.000191702
4572	0.000191692
4573	0.000191683
4574	0.000191673
4575	0.000191664
4576	0.000191654
4577	0.000191645
4578	0.000191636
4579	0.000191626
4580	0.000191617
4581	0.000191607
4582	0.000191598
4583	0.000191588
4584	0.000191579
4585	0.000191569
4586	0.00019156
4587	0.00019155
4588	0.000191541
4589	0.000191532
4590	0.000191522
4591	0.000191513
4592	0.000191503
4593	0.000191494
4594	0.000191484
4595	0.000191475
4596	0.000191465
4597	0.000191456
4598	0.000191447
4599	0.000191437
4600	0.000191428
4601	0.000191418
4602	0.000191409
4603	0.000191399
4604	0.00019139
4605	0.000191381
4606	0.000191371
4607	0.000191362
4608	0.000191352
4609	0.000191343
4610	0.000191333
4611	0.000191324
4612	0.000191315
4613	0.000191305
4614	0.000191296
4615	0.000191286
4616	0.000191277
4617	0.000191267
4618	0.000191258
4619	0.000191249
4620	0.000191239
4621	0.00019123
4622	0.00019122
4623	0.000191211
4624	0.000191201
4625	0.000191192
4626	0.000191183
4627	0.000191173
4628	0.000191164
4629	0.000191154
4630	0.000191145
4631	0.000191136
4632	0.000191126
4633	0.000191117
4634	0.000191107
4635	0.000191098
4636	0.000191089
4637	0.000191079
4638	0.00019107
4639	0.00019106
4640	0.000191051
4641	0.000191042
4642	0.000191032
4643	0.000191023
4644	0.000191013
4645	0.000191004
4646	0.000190995
4647	0.000190985
4648	0.000190976
4649	0.000190966
4650	0.000190957
4651	0.000190948
4652	0.000190938
4653	0.000190929
4654	0.000190919
4655	0.00019091
4656	0.000190901
4657	0.000190891
4658	0.000190882
4659	0.000190873
4660	0.000190863
4661	0.000190854
4662	0.000190844
4663	0.000190835
4664	0.000190826
4665	0.000190816
4666	0.000190807
4667	0.000190797
4668	0.000190788
4669	0.000190779
4670	0.000190769
4671	0.00019076
4672	0.000190751
4673	0.000190741
4674	0.000190732
4675	0.000190723
4676	0.000190713
4677	0.000190704
4678	0.000190694
4679	0.000190685
4680	0.000190676
4681	0.000190666
4682	0.000190657
4683	0.000190648
4684	0.000190638
4685	0.000190629
4686	0.00019062
4687	0.00019061
4688	0.000190601
4689	0.000190591
4690	0.000190582
4691	0.000190573
4692	0.000190563
4693	0.000190554
4694	0.000190545
4695	0.000190535
4696	0.000190526
4697	0.000190517
4698	0.000190507
4699	0.000190498
4700	0.000190489
4701	0.000190479
4702	0.00019047
4703	0.000190461
4704	0.000190451
4705	0.000190442
4706	0.000190433
4707	0.000190423
4708	0.000190414
4709	0.000190405
4710	0.000190395
4711	0.000190386
4712	0.000190377
4713	0.000190367
4714	0.000190358
4715	0.000190349
4716	0.000190339
4717	0.00019033
4718	0.000190321
4719	0.000190311
4720	0.000190302
4721	0.000190293
4722	0.000190283
4723	0.000190274
4724	0.000190265
4725	0.000190255
4726	0.000190246
4727	0.000190237
4728	0.000190227
4729	0.000190218
4730	0.000190209
4731	0.000190199
4732	0.00019019
4733	0.000190181
4734	0.000190171
4735	0.000190162
4736	0.000190153
4737	0.000190143
4738	0.000190134
4739	0.000190125
4740	0.000190116
4741	0.000190106
4742	0.000190097
4743	0.000190088
4744	0.000190078
4745	0.000190069
4746	0.00019006
4747	0.00019005
4748	0.000190041
4749	0.000190032
4750	0.000190023
4751	0.000190013
4752	0.000190004
4753	0.000189995
4754	0.000189985
4755	0.000189976
4756	0.000189967
4757	0.000189957
4758	0.000189948
4759	0.000189939
4760	0.00018993
4761	0.00018992
4762	0.000189911
4763	0.000189902
4764	0.000189892
4765	0.000189883
4766	0.000189874
4767	0.000189865
4768	0.000189855
4769	0.000189846
4770	0.000189837
4771	0.000189827
4772	0.000189818
4773	0.000189809
4774	0.0001898
4775	0.00018979
4776	0.000189781
4777	0.000189772
4778	0.000189763
4779	0.000189753
4780	0.000189744
4781	0.000189735
4782	0.000189725
4783	0.000189716
4784	0.000189707
4785	0.000189698
4786	0.000189688
4787	0.000189679
4788	0.00018967
4789	0.000189661
4790	0.000189651
4791	0.000189642
4792	0.000189633
4793	0.000189624
4794	0.000189614
4795	0.000189605
4796	0.000189596
4797	0.000189586
4798	0.000189577
4799	0.000189568
4800	0.000189559
4801	0.000189549
4802	0.00018954
4803	0.000189531
4804	0.000189522
4805	0.000189512
4806	0.000189503
4807	0.000189494
4808	0.000189485
4809	0.000189475
4810	0.000189466
4811	0.000189457
4812	0.000189448
4813	0.000189438
4814	0.000189429
4815	0.00018942
4816	0.000189411
4817	0.000189402
4818	0.000189392
4819	0.000189383
4820	0.000189374
4821	0.000189365
4822	0.000189355
4823	0.000189346
4824	0.000189337
4825	0.000189328
4826	0.000189318
4827	0.000189309
4828	0.0001893
4829	0.000189291
4830	0.000189282
4831	0.000189272
4832	0.000189263
4833	0.000189254
4834	0.000189245
4835	0.000189235
4836	0.000189226
4837	0.000189217
4838	0.000189208
4839	0.000189199
4840	0.000189189
4841	0.00018918
4842	0.000189171
4843	0.000189162
4844	0.000189152
4845	0.000189143
4846	0.000189134
4847	0.000189125
4848	0.000189116
4849	0.000189106
4850	0.000189097
4851	0.000189088
4852	0.000189079
4853	0.00018907
4854	0.00018906
4855	0.000189051
4856	0.000189042
4857	0.000189033
4858	0.000189024
4859	0.000189014
4860	0.000189005
4861	0.000188996
4862	0.000188987
4863	0.000188978
4864	0.000188968
4865	0.000188959
4866	0.00018895
4867	0.000188941
4868	0.000188932
4869	0.000188922
4870	0.000188913
4871	0.000188904
4872	0.000188895
4873	0.000188886
4874	0.000188876
4875	0.000188867
4876	0.000188858
4877	0.000188849
4878	0.00018884
4879	0.000188831
4880	0.000188821
4881	0.000188812
4882	0.000188803
4883	0.000188794
4884	0.000188785
4885	0.000188775
4886	0.000188766
4887	0.000188757
4888	0.000188748
4889	0.000188739
4890	0.00018873
4891	0.00018872
4892	0.000188711
4893	0.000188702
4894	0.000188693
4895	0.000188684
4896	0.000188675
4897	0.000188665
4898	0.000188656
4899	0.000188647
4900	0.000188638
4901	0.000188629
4902	0.00018862
4903	0.00018861
4904	0.000188601
4905	0.000188592
4906	0.000188583
4907	0.000188574
4908	0.000188565
4909	0.000188555
4910	0.000188546
4911	0.000188537
4912	0.000188528
4913	0.000188519
4914	0.00018851
4915	0.000188501
4916	0.000188491
4917	0.000188482
4918	0.000188473
4919	0.000188464
4920	0.000188455
4921	0.000188446
4922	0.000188437
4923	0.000188427
4924	0.000188418
4925	0.000188409
4926	0.0001884
4927	0.000188391
4928	0.000188382
4929	0.000188373
4930	0.000188363
4931	0.000188354
4932	0.000188345
4933	0.000188336
4934	0.000188327
4935	0.000188318
4936	0.000188309
4937	0.000188299
4938	0.00018829
4939	0.000188281
4940	0.000188272
4941	0.000188263
4942	0.000188254
4943	0.000188245
4944	0.000188236
4945	0.000188226
4946	0.000188217
4947	0.000188208
4948	0.000188199
4949	0.00018819
4950	0.000188181
4951	0.000188172
4952	0.000188163
4953	0.000188154
4954	0.000188144
4955	0.000188135
4956	0.000188126
4957	0.000188117
4958	0.000188108
4959	0.000188099
4960	0.00018809
4961	0.000188081
4962	0.000188072
4963	0.000188062
4964	0.000188053
4965	0.000188044
4966	0.000188035
4967	0.000188026
4968	0.000188017
4969	0.000188008
4970	0.000187999
4971	0.00018799
4972	0.00018798
4973	0.000187971
4974	0.000187962
4975	0.000187953
4976	0.000187944
4977	0.000187935
4978	0.000187926
4979	0.000187917
4980	0.000187908
4981	0.000187899
4982	0.00018789
4983	0.00018788
4984	0.000187871
4985	0.000187862
4986	0.000187853
4987	0.000187844
4988	0.000187835
4989	0.000187826
4990	0.000187817
4991	0.000187808
4992	0.000187799
4993	0.00018779
4994	0.000187781
4995	0.000187771
4996	0.000187762
4997	0.000187753
4998	0.000187744
4999	0.000187735
5000	0.000187726
