0	0.01
1	0.0133761
2	0.0217383
3	0.0430507
4	0.0728441
5	0.0923355
6	0.122624
7	0.201717
8	0.234119
9	0.277874
10	0.290477
11	0.306124
12	0.291563
13	0.277067
14	0.244232
15	0.216865
16	0.188101
17	0.159035
18	0.133865
19	0.115607
20	0.0973065
21	0.0814195
22	0.0677946
23	0.0563194
24	0.0474198
25	0.0396988
26	0.0340682
27	0.0285417
28	0.0243863
29	0.0202433
30	0.0169226
31	0.01454
32	0.0123125
33	0.0105019
34	0.0088782
35	0.00758008
36	0.00662835
37	0.00568666
38	0.00501526
39	0.00439904
40	0.00375418
41	0.00320137
42	0.00291574
43	0.00253466
44	0.0021651
45	0.00190616
46	0.00167602
47	0.00152361
48	0.00134005
49	0.00116969
50	0.00101593
51	0.000928216
52	0.000803198
53	0.000690857
54	0.000627842
55	0.000564452
56	0.000506116
57	0.00047358
58	0.00042717
59	0.000425937
60	0.000381349
61	0.000348461
62	0.00033622
63	0.000294883
64	0.000271461
65	0.000257488
66	0.000232957
67	0.000215878
68	0.000206642
69	0.000207834
70	0.000183878
71	0.000177824
72	0.000172255
73	0.000175881
74	0.000175558
75	0.000176638
76	0.000187388
77	0.000171223
78	0.000166002
79	0.000161551
80	0.000157194
81	0.000152984
82	0.000150002
83	0.000147417
84	0.000157596
85	0.000159971
86	0.000171356
87	0.000174061
88	0.000175605
89	0.000174492
90	0.000173593
91	0.00019054
92	0.000196946
93	0.00019896
94	0.000197879
95	0.000209362
96	0.000203654
97	0.000232824
98	0.000226194
99	0.00021913
100	0.000213148
101	0.000233349
102	0.000226291
103	0.00022812
104	0.000226461
105	0.000223293
106	0.000218557
107	0.000231526
108	0.000238335
109	0.000252764
110	0.000263032
111	0.00026677
112	0.000269842
113	0.000265825
114	0.00026899
115	0.000334639
116	0.000350413
117	0.000385612
118	0.000399916
119	0.000436952
120	0.000419187
121	0.000480388
122	0.000582921
123	0.00061585
124	0.000648683
125	0.000656908
126	0.000695666
127	0.000705719
128	0.000779362
129	0.000840336
130	0.000974505
131	0.00111423
132	0.00119178
133	0.00133415
134	0.00152684
135	0.00162059
136	0.00169047
137	0.00211765
138	0.00241786
139	0.00275786
140	0.00266825
141	0.00309785
142	0.00342083
143	0.00360793
144	0.00377272
145	0.00398042
146	0.00459945
147	0.00598268
148	0.00630275
149	0.00673301
150	0.00682144
151	0.00738477
152	0.00829782
153	0.00879149
154	0.0092985
155	0.0115118
156	0.0120941
157	0.013294
158	0.0160959
159	0.0184697
160	0.0204392
161	0.0247254
162	0.0271566
163	0.0266803
164	0.0312969
165	0.0339686
166	0.0408658
167	0.0450985
168	0.0494632
169	0.0539444
170	0.0553654
171	0.0556211
172	0.0571643
173	0.0572598
174	0.0548016
175	0.0528168
176	0.0517813
177	0.0518759
178	0.0460536
179	0.0429238
180	0.0413009
181	0.0403841
182	0.0394158
183	0.0366545
184	0.0367426
185	0.0362861
186	0.0349524
187	0.0335331
188	0.0317272
189	0.0298974
190	0.0301158
191	0.0280439
192	0.0271722
193	0.0252662
194	0.0232587
195	0.0221375
196	0.0205236
197	0.0188967
198	0.0167221
199	0.0148585
200	0.0143255
201	0.0135035
202	0.0129699
203	0.0118799
204	0.0110104
205	0.00999927
206	0.00912586
207	0.00808446
208	0.00788565
209	0.00723242
210	0.00692266
211	0.00683928
212	0.00629231
213	0.00633428
214	0.00574882
215	0.00535374
216	0.00538937
217	0.00533598
218	0.00557637
219	0.00549407
220	0.00537781
221	0.0051013
222	0.00505172
223	0.00482239
224	0.00521066
225	0.00513883
226	0.00477499
227	0.00481991
228	0.00476604
229	0.00454838
230	0.00430403
231	0.00418459
232	0.00395003
233	0.00398957
234	0.00398916
235	0.00388933
236	0.00411272
237	0.00410709
238	0.0038812
239	0.00369607
240	0.00362558
241	0.00367158
242	0.00354891
243	0.00370276
244	0.00379589
245	0.00388228
246	0.00424419
247	0.00425704
248	0.00425094
249	0.00413078
250	0.00407781
251	0.00410584
252	0.00414365
253	0.00412821
254	0.00432174
255	0.0047256
256	0.0048305
257	0.00495112
258	0.00489434
259	0.00506218
260	0.00514202
261	0.00500013
262	0.00529323
263	0.00506681
264	0.00540251
265	0.00577769
266	0.0058949
267	0.00637659
268	0.00710794
269	0.00707106
270	0.00795506
271	0.00747199
272	0.00787194
273	0.00874909
274	0.00920546
275	0.008876
276	0.00885066
277	0.00987125
278	0.0102404
279	0.0101229
280	0.00997952
281	0.010199
282	0.010521
283	0.0118971
284	0.0123213
285	0.0116037
286	0.0115705
287	0.0130146
288	0.0141953
289	0.0155379
290	0.0153258
291	0.0151568
292	0.0152413
293	0.0181332
294	0.0185564
295	0.0199461
296	0.0206289
297	0.0231005
298	0.0247154
299	0.0244626
300	0.0252885
301	0.0249062
302	0.0249025
303	0.0252152
304	0.0251895
305	0.0235229
306	0.0254034
307	0.0302835
308	0.0301947
309	0.0296108
310	0.0282686
311	0.0262571
312	0.0262465
313	0.0247932
314	0.0240116
315	0.0244792
316	0.0245988
317	0.0232545
318	0.0223275
319	0.0223215
320	0.0218111
321	0.0237652
322	0.0218621
323	0.0213913
324	0.020833
325	0.0195195
326	0.0178131
327	0.0158285
328	0.0151585
329	0.015015
330	0.0147594
331	0.0134083
332	0.0132145
333	0.0136683
334	0.0132487
335	0.0132796
336	0.0125855
337	0.0117616
338	0.0107947
339	0.0103401
340	0.0098529
341	0.00937062
342	0.00921392
343	0.00929748
344	0.008663
345	0.00835587
346	0.00772734
347	0.00773254
348	0.00770129
349	0.00718296
350	0.006937
351	0.00711094
352	0.00744313
353	0.00794668
354	0.0074605
355	0.00725462
356	0.00722721
357	0.00772875
358	0.00785931
359	0.00783234
360	0.00727219
361	0.00775581
362	0.00745311
363	0.00771665
364	0.00801238
365	0.00760549
366	0.00786002
367	0.00760341
368	0.00763979
369	0.00787898
370	0.00780654
371	0.0076654
372	0.00818383
373	0.00768217
374	0.00727171
375	0.00676187
376	0.00767251
377	0.00768877
378	0.00797987
379	0.00822696
380	0.00756034
381	0.00807616
382	0.00835042
383	0.00886808
384	0.00866151
385	0.00899182
386	0.00891953
387	0.0089928
388	0.00918777
389	0.00918624
390	0.00905939
391	0.00924725
392	0.00980235
393	0.0105763
394	0.0114643
395	0.0136564
396	0.0144809
397	0.0146037
398	0.0143954
399	0.0150453
400	0.0156289
401	0.0164771
402	0.0167583
403	0.0177008
404	0.0172665
405	0.0163749
406	0.0155921
407	0.0158966
408	0.0161797
409	0.0165917
410	0.0166414
411	0.0173097
412	0.0173297
413	0.0175086
414	0.0184095
415	0.0181962
416	0.0183051
417	0.0181113
418	0.0169192
419	0.0184396
420	0.0178683
421	0.0181137
422	0.0185827
423	0.0187516
424	0.0196661
425	0.0177815
426	0.0190952
427	0.0191391
428	0.0188692
429	0.0171398
430	0.0165413
431	0.0164137
432	0.0156735
433	0.015427
434	0.0150162
435	0.0141046
436	0.0141684
437	0.0141718
438	0.0137498
439	0.0140078
440	0.0128956
441	0.0125436
442	0.0126448
443	0.0125507
444	0.0127022
445	0.0120699
446	0.0124562
447	0.0128958
448	0.013166
449	0.0128157
450	0.0137134
451	0.0141414
452	0.0134581
453	0.0130296
454	0.0127245
455	0.0121457
456	0.0121986
457	0.0129057
458	0.01238
459	0.0120579
460	0.0129099
461	0.0125741
462	0.0123411
463	0.013033
464	0.0119957
465	0.0121505
466	0.0127316
467	0.0124481
468	0.0125112
469	0.0127276
470	0.0123226
471	0.011763
472	0.0116522
473	0.0115933
474	0.0119936
475	0.0118618
476	0.0119654
477	0.0123422
478	0.0128502
479	0.0124857
480	0.0119049
481	0.0128821
482	0.0131547
483	0.0134845
484	0.0139822
485	0.0140427
486	0.0144166
487	0.0137777
488	0.0133857
489	0.0136804
490	0.0143388
491	0.014924
492	0.0143463
493	0.0146579
494	0.0151431
495	0.0147135
496	0.0133055
497	0.0140568
498	0.013278
499	0.0125218
500	0.0124394
501	0.0119285
502	0.012037
503	0.0113042
504	0.0115616
505	0.0111175
506	0.0112659
507	0.0115559
508	0.0119456
509	0.0116126
510	0.0115756
511	0.0114586
512	0.0107346
513	0.0101784
514	0.00993178
515	0.00936679
516	0.0087937
517	0.00918414
518	0.00905556
519	0.009026
520	0.00886154
521	0.00879496
522	0.00878273
523	0.00842462
524	0.00869335
525	0.00887538
526	0.0090871
527	0.00944388
528	0.00993068
529	0.00952307
530	0.00891938
531	0.00883687
532	0.00899171
533	0.0087444
534	0.00830134
535	0.00885376
536	0.00894905
537	0.00894942
538	0.00875002
539	0.0086413
540	0.00891696
541	0.0105286
542	0.0100638
543	0.0100002
544	0.0102546
545	0.0106527
546	0.0111794
547	0.0113538
548	0.0105227
549	0.0107636
550	0.0110848
551	0.0112744
552	0.0109492
553	0.0124336
554	0.0121356
555	0.0130613
556	0.0126231
557	0.0131233
558	0.0143023
559	0.0138826
560	0.0128926
561	0.0133675
562	0.0133917
563	0.0139757
564	0.0140065
565	0.0148445
566	0.0149771
567	0.0143649
568	0.0133927
569	0.0135173
570	0.0142269
571	0.0143491
572	0.014665
573	0.014406
574	0.0152626
575	0.0169668
576	0.0166689
577	0.0165055
578	0.0165285
579	0.0164054
580	0.0170101
581	0.0169484
582	0.0163272
583	0.0165867
584	0.0175373
585	0.0165777
586	0.0155288
587	0.0146367
588	0.0136324
589	0.0137403
590	0.0138316
591	0.0131156
592	0.0135201
593	0.0134651
594	0.0134987
595	0.0124364
596	0.0129497
597	0.0138906
598	0.0132694
599	0.0125865
600	0.0126055
601	0.0131623
602	0.0128505
603	0.0127647
604	0.0133399
605	0.0132253
606	0.0139264
607	0.0143675
608	0.0142651
609	0.0137948
610	0.0146468
611	0.0147083
612	0.0153777
613	0.0157635
614	0.0154593
615	0.0163666
616	0.0171945
617	0.0173902
618	0.019147
619	0.0172094
620	0.0167092
621	0.0156311
622	0.0146599
623	0.0155387
624	0.0153371
625	0.0165825
626	0.0166371
627	0.0153886
628	0.0161388
629	0.0156605
630	0.0154973
631	0.0157697
632	0.0148683
633	0.0150456
634	0.0155458
635	0.0155979
636	0.016125
637	0.0159762
638	0.0162458
639	0.0158806
640	0.0153428
641	0.0154125
642	0.0155918
643	0.0149228
644	0.0151361
645	0.0157883
646	0.0143658
647	0.0139053
648	0.0140597
649	0.0142809
650	0.0136092
651	0.0138331
652	0.0130555
653	0.0135056
654	0.0141561
655	0.0151694
656	0.0144299
657	0.0141098
658	0.0137931
659	0.0131328
660	0.0126577
661	0.0129327
662	0.0127469
663	0.0128231
664	0.0130411
665	0.0133584
666	0.0133243
667	0.0131842
668	0.0140094
669	0.0143772
670	0.0152333
671	0.0143445
672	0.0155727
673	0.0146255
674	0.0133306
675	0.0132689
676	0.0126284
677	0.0127143
678	0.0124304
679	0.0121685
680	0.0108991
681	0.0110654
682	0.0105828
683	0.0110421
684	0.0105344
685	0.0108729
686	0.0106454
687	0.0102821
688	0.0106983
689	0.0106355
690	0.0107413
691	0.0104377
692	0.0101978
693	0.0104685
694	0.010631
695	0.0106315
696	0.0103913
697	0.0105928
698	0.00975044
699	0.00953872
700	0.0102805
701	0.010794
702	0.0106194
703	0.0101443
704	0.0101558
705	0.00981451
706	0.0102718
707	0.0100876
708	0.0102631
709	0.0104079
710	0.01032
711	0.0104449
712	0.0105347
713	0.0120025
714	0.0129363
715	0.0131985
716	0.013031
717	0.0128211
718	0.0127224
719	0.0138742
720	0.0152856
721	0.015345
722	0.0147522
723	0.0161187
724	0.0167353
725	0.0160608
726	0.0162059
727	0.015464
728	0.0151698
729	0.0147266
730	0.0151739
731	0.0147323
732	0.0147375
733	0.0144361
734	0.0135279
735	0.0125483
736	0.0125857
737	0.0131196
738	0.0123257
739	0.0125281
740	0.0129414
741	0.0132129
742	0.0133806
743	0.0136074
744	0.0133706
745	0.0145322
746	0.0144265
747	0.0146439
748	0.0149436
749	0.0153851
750	0.0152572
751	0.0138616
752	0.0138691
753	0.0140717
754	0.0131713
755	0.0139011
756	0.0127808
757	0.0132118
758	0.0124711
759	0.0126997
760	0.0126433
761	0.0131218
762	0.0128213
763	0.0138801
764	0.0141778
765	0.0144876
766	0.0147225
767	0.0141566
768	0.0134547
769	0.0133591
770	0.0137931
771	0.0139269
772	0.0141801
773	0.0140948
774	0.0133685
775	0.0131529
776	0.0132398
777	0.0130616
778	0.0129224
779	0.0124652
780	0.013052
781	0.0125741
782	0.0115703
783	0.0118159
784	0.0114293
785	0.0114328
786	0.0114294
787	0.0113133
788	0.0112362
789	0.0128965
790	0.0130997
791	0.0130357
792	0.0136068
793	0.0134118
794	0.012831
795	0.0127835
796	0.0120518
797	0.012379
798	0.0122864
799	0.011772
800	0.0113432
801	0.0109554
802	0.0108945
803	0.0110201
804	0.0110137
805	0.0107399
806	0.0108671
807	0.0107534
808	0.0104014
809	0.0109324
810	0.0107423
811	0.0104976
812	0.0101891
813	0.0104533
814	0.0108348
815	0.0111839
816	0.0107565
817	0.0108566
818	0.0109975
819	0.0117256
820	0.0134905
821	0.0148306
822	0.0146365
823	0.0149739
824	0.015635
825	0.0151912
826	0.0158009
827	0.0151224
828	0.0150619
829	0.016161
830	0.0161219
831	0.0159648
832	0.0170057
833	0.0170395
834	0.0181146
835	0.0183099
836	0.0193658
837	0.0199104
838	0.0197285
839	0.0201061
840	0.019145
841	0.0178562
842	0.0179836
843	0.017979
844	0.0172556
845	0.0171078
846	0.0160641
847	0.015595
848	0.0151206
849	0.0145821
850	0.0139742
851	0.0139524
852	0.0142727
853	0.0133874
854	0.0129962
855	0.0125432
856	0.0135324
857	0.0128835
858	0.0114081
859	0.0111766
860	0.0112341
861	0.0107966
862	0.010658
863	0.0103001
864	0.0106997
865	0.010165
866	0.0101127
867	0.00997934
868	0.0106795
869	0.0121747
870	0.0128672
871	0.0131178
872	0.0119631
873	0.0122602
874	0.0117817
875	0.0119473
876	0.0116133
877	0.0112014
878	0.0109919
879	0.0120088
880	0.0116621
881	0.0121531
882	0.0122001
883	0.0122868
884	0.0121469
885	0.0116473
886	0.0122849
887	0.0125199
888	0.0126286
889	0.0119306
890	0.0113501
891	0.0111595
892	0.0117223
893	0.0110283
894	0.0108221
895	0.011385
896	0.0105191
897	0.0104705
898	0.0106065
899	0.010511
900	0.0109428
901	0.0100549
902	0.0105654
903	0.0104886
904	0.0107404
905	0.00992741
906	0.0105007
907	0.0103099
908	0.0096378
909	0.00953014
910	0.0094445
911	0.00914906
912	0.00880306
913	0.00946232
914	0.0104347
915	0.0106883
916	0.0113457
917	0.0114981
918	0.0113339
919	0.011793
920	0.012082
921	0.0127868
922	0.0123657
923	0.0122716
924	0.0124084
925	0.0126752
926	0.0126729
927	0.0127652
928	0.0122809
929	0.0126428
930	0.0128516
931	0.0121874
932	0.0123102
933	0.012364
934	0.0121336
935	0.0127536
936	0.0130922
937	0.0137184
938	0.0140412
939	0.0138149
940	0.0146134
941	0.0141165
942	0.0137171
943	0.0150378
944	0.0152359
945	0.0149627
946	0.0151925
947	0.0150553
948	0.0175433
949	0.0164602
950	0.0161401
951	0.0163219
952	0.0162001
953	0.0163295
954	0.0170649
955	0.0170977
956	0.0171373
957	0.0178005
958	0.0177855
959	0.0176833
960	0.0176731
961	0.0171922
962	0.0171998
963	0.0163763
964	0.0151665
965	0.0151789
966	0.0152957
967	0.0155717
968	0.0161883
969	0.016807
970	0.0165249
971	0.0168339
972	0.0167118
973	0.0166261
974	0.0154669
975	0.0158517
976	0.0156209
977	0.014773
978	0.0140531
979	0.014262
980	0.0135858
981	0.0133965
982	0.0128316
983	0.0132528
984	0.0126838
985	0.0123739
986	0.0121717
987	0.0120771
988	0.0118019
989	0.011401
990	0.0115236
991	0.0105555
992	0.0100525
993	0.0101578
994	0.0100523
995	0.00983395
996	0.0101199
997	0.0106851
998	0.0115435
999	0.0123434
1000	0.012274
1001	0.0123391
1002	0.0119231
1003	0.0121022
1004	0.0123535
1005	0.0113638
1006	0.0112757
1007	0.0119171
1008	0.0117325
1009	0.012249
1010	0.0123496
1011	0.0119801
1012	0.0121506
1013	0.0126707
1014	0.0119925
1015	0.0118365
1016	0.0120207
1017	0.0121031
1018	0.0123548
1019	0.0120466
1020	0.0120292
1021	0.0131488
1022	0.0129316
1023	0.0124523
1024	0.0118177
1025	0.0121719
1026	0.0132113
1027	0.0128752
1028	0.0122628
1029	0.0118439
1030	0.0117467
1031	0.0110911
1032	0.0112446
1033	0.0116915
1034	0.0121009
1035	0.012496
1036	0.0125311
1037	0.0127427
1038	0.0129889
1039	0.0129611
1040	0.013424
1041	0.0142487
1042	0.0152905
1043	0.0163113
1044	0.0164758
1045	0.0160343
1046	0.0155382
1047	0.0155913
1048	0.0170403
1049	0.017752
1050	0.0171623
1051	0.0176652
1052	0.0177901
1053	0.0176978
1054	0.0174364
1055	0.0164792
1056	0.016378
1057	0.0163834
1058	0.0160521
1059	0.0165957
1060	0.016449
1061	0.0160875
1062	0.0152701
1063	0.0150058
1064	0.0143669
1065	0.0133206
1066	0.0124175
1067	0.0125814
1068	0.0118617
1069	0.0115461
1070	0.0112907
1071	0.0113667
1072	0.0111043
1073	0.010937
1074	0.0109559
1075	0.0109219
1076	0.0101857
1077	0.0098776
1078	0.00968469
1079	0.00928331
1080	0.0101273
1081	0.00998777
1082	0.00950778
1083	0.0096997
1084	0.00933126
1085	0.0086689
1086	0.00883506
1087	0.00834728
1088	0.00830515
1089	0.00870218
1090	0.00884749
1091	0.00870694
1092	0.00912912
1093	0.00922022
1094	0.00901238
1095	0.00902219
1096	0.00888389
1097	0.00906159
1098	0.00891275
1099	0.00991866
1100	0.00986335
1101	0.0102594
1102	0.0115966
1103	0.0118102
1104	0.0108015
1105	0.0107481
1106	0.0106727
1107	0.0109116
1108	0.0108551
1109	0.0112182
1110	0.0118639
1111	0.0118963
1112	0.0127437
1113	0.013301
1114	0.0129222
1115	0.0127911
1116	0.0121812
1117	0.0125313
1118	0.0125506
1119	0.0118348
1120	0.0126761
1121	0.0142652
1122	0.0149425
1123	0.0161799
1124	0.0160197
1125	0.0166536
1126	0.0176049
1127	0.0185366
1128	0.0193547
1129	0.0193551
1130	0.0199778
1131	0.0205441
1132	0.020319
1133	0.0206374
1134	0.0221861
1135	0.0221311
1136	0.0218676
1137	0.0199688
1138	0.0213085
1139	0.0193406
1140	0.0197494
1141	0.0190075
1142	0.0179861
1143	0.0184366
1144	0.0174353
1145	0.0173799
1146	0.0177472
1147	0.0170032
1148	0.0170957
1149	0.0160938
1150	0.0151154
1151	0.0149095
1152	0.0149973
1153	0.0140247
1154	0.0137252
1155	0.0135954
1156	0.0137932
1157	0.0132511
1158	0.0141446
1159	0.0147715
1160	0.0143669
1161	0.0137016
1162	0.012823
1163	0.0124189
1164	0.0125613
1165	0.012011
1166	0.0124854
1167	0.0116951
1168	0.0113457
1169	0.0103932
1170	0.0099149
1171	0.00939729
1172	0.00973746
1173	0.00943167
1174	0.00903245
1175	0.00911873
1176	0.00953441
1177	0.00878382
1178	0.00847186
1179	0.00818082
1180	0.00813596
1181	0.00844898
1182	0.00799241
1183	0.00814747
1184	0.00808324
1185	0.0078276
1186	0.00786092
1187	0.00756578
1188	0.0074476
1189	0.0076263
1190	0.00829862
1191	0.00925361
1192	0.00876559
1193	0.00920257
1194	0.00950747
1195	0.00992773
1196	0.00980598
1197	0.0103613
1198	0.00968763
1199	0.00939174
1200	0.00952848
1201	0.0102466
1202	0.0106866
1203	0.0106948
1204	0.0103212
1205	0.0103284
1206	0.0103046
1207	0.00972966
1208	0.00984734
1209	0.00894633
1210	0.00862669
1211	0.00839432
1212	0.00887309
1213	0.00912195
1214	0.00897706
1215	0.00909971
1216	0.00909331
1217	0.00904719
1218	0.00949129
1219	0.0103299
1220	0.0105953
1221	0.0111286
1222	0.0119704
1223	0.0122123
1224	0.0119669
1225	0.0117556
1226	0.0117314
1227	0.0112299
1228	0.0104206
1229	0.0109668
1230	0.0120158
1231	0.0126649
1232	0.0142566
1233	0.0153635
1234	0.0151164
1235	0.0146973
1236	0.0155616
1237	0.0156604
1238	0.0155075
1239	0.0158707
1240	0.0151474
1241	0.0150242
1242	0.0158329
1243	0.0157193
1244	0.0158193
1245	0.0159915
1246	0.0170978
1247	0.0166303
1248	0.0161122
1249	0.0163886
1250	0.0163906
1251	0.0178561
1252	0.0171868
1253	0.0180619
1254	0.0190237
1255	0.0184425
1256	0.0188095
1257	0.0190434
1258	0.0190146
1259	0.0200463
1260	0.0204794
1261	0.0204831
1262	0.0204072
1263	0.0192542
1264	0.0198823
1265	0.019794
1266	0.0207108
1267	0.0211441
1268	0.0211442
1269	0.0196855
1270	0.0209195
1271	0.0202347
1272	0.019633
1273	0.020216
1274	0.0200326
1275	0.0196227
1276	0.0193493
1277	0.0196593
1278	0.0188322
1279	0.0184101
1280	0.01646
1281	0.0172137
1282	0.0172965
1283	0.0175152
1284	0.0174259
1285	0.0167748
1286	0.0161974
1287	0.0165144
1288	0.0159515
1289	0.015333
1290	0.0141378
1291	0.0136697
1292	0.0133299
1293	0.0134504
1294	0.0124355
1295	0.0118702
1296	0.0108259
1297	0.0104954
1298	0.00961781
1299	0.00930195
1300	0.00969131
1301	0.00904289
1302	0.00878535
1303	0.00865387
1304	0.00820827
1305	0.00828567
1306	0.0084777
1307	0.00849289
1308	0.00850806
1309	0.0087586
1310	0.00874653
1311	0.0088952
1312	0.00873362
1313	0.00890894
1314	0.00898708
1315	0.00940687
1316	0.00940301
1317	0.00916947
1318	0.00906487
1319	0.00974178
1320	0.00957976
1321	0.00880964
1322	0.00893789
1323	0.010294
1324	0.00978333
1325	0.0101037
1326	0.0102909
1327	0.011243
1328	0.011075
1329	0.0108014
1330	0.0106244
1331	0.011433
1332	0.0114345
1333	0.0120212
1334	0.0117967
1335	0.0116964
1336	0.0130549
1337	0.0133487
1338	0.0129381
1339	0.0125313
1340	0.0138262
1341	0.014193
1342	0.0149468
1343	0.0153313
1344	0.0156866
1345	0.0160251
1346	0.0165416
1347	0.0151997
1348	0.0156857
1349	0.016658
1350	0.0151027
1351	0.0145203
1352	0.0137396
1353	0.0136724
1354	0.0142298
1355	0.0132499
1356	0.0134428
1357	0.0129955
1358	0.0123844
1359	0.0125987
1360	0.01315
1361	0.0133229
1362	0.0131991
1363	0.0128439
1364	0.0117417
1365	0.0121704
1366	0.0115978
1367	0.0116269
1368	0.0119163
1369	0.0121489
1370	0.0117719
1371	0.0124397
1372	0.0121284
1373	0.0116061
1374	0.0119993
1375	0.0115901
1376	0.0116765
1377	0.0116977
1378	0.0114733
1379	0.0115558
1380	0.0115908
1381	0.0110765
1382	0.0108999
1383	0.0102522
1384	0.0103886
1385	0.0106084
1386	0.00998874
1387	0.00960195
1388	0.00926316
1389	0.00986448
1390	0.00895779
1391	0.00925374
1392	0.00856701
1393	0.00882952
1394	0.00864914
1395	0.00891757
1396	0.00840332
1397	0.00817138
1398	0.00796265
1399	0.00813292
1400	0.00783671
1401	0.00744022
1402	0.00788998
1403	0.00811285
1404	0.00822407
1405	0.0090827
1406	0.00881669
1407	0.00919181
1408	0.0092421
1409	0.00928781
1410	0.00906229
1411	0.00896632
1412	0.00919732
1413	0.00906089
1414	0.0091976
1415	0.00928537
1416	0.00969399
1417	0.0100805
1418	0.0100802
1419	0.00968341
1420	0.00988643
1421	0.0103521
1422	0.0112296
1423	0.0131901
1424	0.0139855
1425	0.0138789
1426	0.0140618
1427	0.0140968
1428	0.0133747
1429	0.0125044
1430	0.0146606
1431	0.0155561
1432	0.016151
1433	0.0163763
1434	0.0167217
1435	0.0183845
1436	0.0204605
1437	0.0205786
1438	0.0205102
1439	0.0200478
1440	0.0205186
1441	0.0223226
1442	0.0234755
1443	0.0232812
1444	0.0236322
1445	0.0239815
1446	0.0239922
1447	0.0234186
1448	0.0235392
1449	0.0240726
1450	0.0232076
1451	0.0220944
1452	0.0235201
1453	0.0215812
1454	0.0199294
1455	0.0194067
1456	0.0190071
1457	0.018445
1458	0.0177345
1459	0.016039
1460	0.0157119
1461	0.0160825
1462	0.0151366
1463	0.0146192
1464	0.0156317
1465	0.0152903
1466	0.0156848
1467	0.0158669
1468	0.0153879
1469	0.0138919
1470	0.0142207
1471	0.0136254
1472	0.0137915
1473	0.0131735
1474	0.0124609
1475	0.0114953
1476	0.011257
1477	0.0108879
1478	0.0113863
1479	0.0112062
1480	0.0112704
1481	0.0106547
1482	0.0099504
1483	0.00979709
1484	0.00915649
1485	0.00863426
1486	0.00911011
1487	0.00891913
1488	0.00868362
1489	0.00847153
1490	0.00806888
1491	0.00846376
1492	0.00840937
1493	0.00837073
1494	0.00848023
1495	0.00913396
1496	0.00947552
1497	0.00929741
1498	0.00895726
1499	0.00897159
1500	0.00843326
1501	0.00814613
1502	0.00776896
1503	0.0079296
1504	0.00789423
1505	0.00799136
1506	0.00830831
1507	0.008508
1508	0.00895731
1509	0.00931236
1510	0.00856772
1511	0.00814916
1512	0.00819857
1513	0.00829258
1514	0.00818157
1515	0.00890601
1516	0.00894216
1517	0.00903854
1518	0.00941529
1519	0.00990062
1520	0.0108037
1521	0.0106794
1522	0.0104675
1523	0.0101513
1524	0.0107377
1525	0.0103977
1526	0.0115587
1527	0.0122942
1528	0.0127424
1529	0.0132445
1530	0.0126044
1531	0.0131192
1532	0.012741
1533	0.0126378
1534	0.0124634
1535	0.013503
1536	0.012565
1537	0.0124352
1538	0.0132244
1539	0.013573
1540	0.0154488
1541	0.0160855
1542	0.0152176
1543	0.0166904
1544	0.0180152
1545	0.0173594
1546	0.0173685
1547	0.0179936
1548	0.0186094
1549	0.0187139
1550	0.0181734
1551	0.0183091
1552	0.0185639
1553	0.0178378
1554	0.0184442
1555	0.0173069
1556	0.0177006
1557	0.0175581
1558	0.0172715
1559	0.016816
1560	0.0169572
1561	0.0167752
1562	0.016986
1563	0.0171231
1564	0.0177634
1565	0.0170583
1566	0.0165436
1567	0.0169127
1568	0.0166655
1569	0.0162816
1570	0.0167092
1571	0.0167605
1572	0.0167211
1573	0.0173576
1574	0.0166146
1575	0.0163983
1576	0.0169353
1577	0.0169165
1578	0.0172027
1579	0.0168644
1580	0.0169167
1581	0.0153266
1582	0.0148204
1583	0.0152412
1584	0.0152956
1585	0.0150541
1586	0.0163566
1587	0.014582
1588	0.0140634
1589	0.0132196
1590	0.0139785
1591	0.0124099
1592	0.0119683
1593	0.0128293
1594	0.012667
1595	0.0117637
1596	0.0111165
1597	0.0106178
1598	0.0100601
1599	0.00976126
1600	0.00938123
1601	0.00896769
1602	0.008894
1603	0.00858379
1604	0.00901184
1605	0.00906702
1606	0.00880591
1607	0.00956451
1608	0.00928563
1609	0.00942463
1610	0.00989144
1611	0.00928165
1612	0.00915151
1613	0.00893305
1614	0.00943114
1615	0.00893671
1616	0.00981258
1617	0.00981482
1618	0.00975789
1619	0.0104918
1620	0.0106429
1621	0.00996188
1622	0.00956243
1623	0.00936274
1624	0.0105067
1625	0.0103452
1626	0.0102654
1627	0.0112638
1628	0.0123231
1629	0.0119703
1630	0.0114665
1631	0.0107773
1632	0.0108971
1633	0.0103447
1634	0.0104305
1635	0.0107338
1636	0.0104126
1637	0.0108259
1638	0.010727
1639	0.0106603
1640	0.0101886
1641	0.010221
1642	0.0107835
1643	0.0114971
1644	0.0118563
1645	0.0119368
1646	0.0121187
1647	0.0127596
1648	0.0129471
1649	0.013584
1650	0.0147922
1651	0.0147715
1652	0.0140655
1653	0.0148287
1654	0.0146881
1655	0.0145592
1656	0.0159052
1657	0.0169342
1658	0.0156072
1659	0.0157841
1660	0.0151707
1661	0.0152789
1662	0.0154425
1663	0.014603
1664	0.0139711
1665	0.0140495
1666	0.0141889
1667	0.0130493
1668	0.0130069
1669	0.0135133
1670	0.0139576
1671	0.014585
1672	0.0146966
1673	0.0163723
1674	0.0150264
1675	0.0153629
1676	0.0152784
1677	0.0173913
1678	0.0179735
1679	0.0170851
1680	0.0174832
1681	0.0171402
1682	0.0181608
1683	0.0188324
1684	0.0189589
1685	0.017655
1686	0.0174079
1687	0.0169537
1688	0.0164535
1689	0.0169263
1690	0.0159398
1691	0.014674
1692	0.0138482
1693	0.013157
1694	0.0135051
1695	0.0136825
1696	0.0122774
1697	0.0125533
1698	0.0126733
1699	0.0134275
1700	0.0129203
1701	0.0128789
1702	0.0127006
1703	0.0127528
1704	0.0129648
1705	0.0135461
1706	0.0133345
1707	0.0128025
1708	0.0119161
1709	0.0131465
1710	0.012235
1711	0.0129394
1712	0.0131318
1713	0.012607
1714	0.0135535
1715	0.0132266
1716	0.0139389
1717	0.0142873
1718	0.0155578
1719	0.0159313
1720	0.0151892
1721	0.016131
1722	0.016118
1723	0.0162175
1724	0.0149036
1725	0.01577
1726	0.0154286
1727	0.0151742
1728	0.0141879
1729	0.014441
1730	0.0147655
1731	0.0143971
1732	0.0147974
1733	0.013872
1734	0.0132711
1735	0.0125646
1736	0.0122628
1737	0.0121247
1738	0.0118262
1739	0.0111955
1740	0.0127114
1741	0.0126169
1742	0.0120426
1743	0.0127658
1744	0.0137379
1745	0.0136363
1746	0.0133467
1747	0.0133275
1748	0.0133664
1749	0.0132557
1750	0.0130851
1751	0.0142703
1752	0.0137507
1753	0.0137305
1754	0.0136808
1755	0.0128312
1756	0.0119133
1757	0.0114368
1758	0.0112284
1759	0.01135
1760	0.0124714
1761	0.0124006
1762	0.0124241
1763	0.0127646
1764	0.0125566
1765	0.012548
1766	0.012721
1767	0.0128886
1768	0.0137788
1769	0.0136084
1770	0.0139749
1771	0.0137272
1772	0.0146231
1773	0.016482
1774	0.0158867
1775	0.0153971
1776	0.0154224
1777	0.0155359
1778	0.0152637
1779	0.0158393
1780	0.0147332
1781	0.0142601
1782	0.0142234
1783	0.0136894
1784	0.0127781
1785	0.0132397
1786	0.0126671
1787	0.0126578
1788	0.0122153
1789	0.0121512
1790	0.0117821
1791	0.0109912
1792	0.0106502
1793	0.0109305
1794	0.0118909
1795	0.0116992
1796	0.0118654
1797	0.0117679
1798	0.0120094
1799	0.0126401
1800	0.0128666
1801	0.0122159
1802	0.0117988
1803	0.0121903
1804	0.0119977
1805	0.0112483
1806	0.0113095
1807	0.0105697
1808	0.0110876
1809	0.0109038
1810	0.0100329
1811	0.0108414
1812	0.0104689
1813	0.00997094
1814	0.0105267
1815	0.0108681
1816	0.00984508
1817	0.00957243
1818	0.00929698
1819	0.00913035
1820	0.0095817
1821	0.0100371
1822	0.00963983
1823	0.00981409
1824	0.00937407
1825	0.00888306
1826	0.00877582
1827	0.00896571
1828	0.00974725
1829	0.00979179
1830	0.00963816
1831	0.00960257
1832	0.00912412
1833	0.00938597
1834	0.00905754
1835	0.00911564
1836	0.00932804
1837	0.00984488
1838	0.0095598
1839	0.0093582
1840	0.00909418
1841	0.00969535
1842	0.00992007
1843	0.0100159
1844	0.0104916
1845	0.0104131
1846	0.0109083
1847	0.0112378
1848	0.0108059
1849	0.0108731
1850	0.0100357
1851	0.0104005
1852	0.0102835
1853	0.0102622
1854	0.0105266
1855	0.0113727
1856	0.0107805
1857	0.0101755
1858	0.0106878
1859	0.0112308
1860	0.0110368
1861	0.0107767
1862	0.0109873
1863	0.0115844
1864	0.0118558
1865	0.0137102
1866	0.015274
1867	0.0159899
1868	0.0147345
1869	0.0143606
1870	0.0140172
1871	0.0151169
1872	0.0160714
1873	0.0169311
1874	0.017552
1875	0.0181666
1876	0.0182976
1877	0.0192375
1878	0.0211253
1879	0.022
1880	0.0220933
1881	0.022299
1882	0.021545
1883	0.020405
1884	0.019678
1885	0.0187626
1886	0.0181412
1887	0.0179507
1888	0.0172632
1889	0.017276
1890	0.0170724
1891	0.0178593
1892	0.0170913
1893	0.0165638
1894	0.0159816
1895	0.0163375
1896	0.0164198
1897	0.0177082
1898	0.019036
1899	0.019551
1900	0.0187615
1901	0.0178554
1902	0.0175362
1903	0.0180456
1904	0.0179328
1905	0.0177597
1906	0.0175846
1907	0.0184499
1908	0.018579
1909	0.0187336
1910	0.0172679
1911	0.0164147
1912	0.0155392
1913	0.0146489
1914	0.0146588
1915	0.0146247
1916	0.0148483
1917	0.0147596
1918	0.0132096
1919	0.012021
1920	0.0117144
1921	0.0118546
1922	0.0114773
1923	0.0112505
1924	0.0112507
1925	0.0107928
1926	0.0107872
1927	0.011617
1928	0.0110252
1929	0.0108506
1930	0.0107113
1931	0.0108708
1932	0.0109461
1933	0.0112359
1934	0.0111106
1935	0.0108657
1936	0.0102072
1937	0.0106945
1938	0.0107839
1939	0.00992244
1940	0.00901244
1941	0.0087729
1942	0.00866101
1943	0.00921492
1944	0.00814842
1945	0.00823792
1946	0.00819928
1947	0.00784484
1948	0.00755737
1949	0.00763759
1950	0.00755684
1951	0.00735741
1952	0.00753125
1953	0.00703685
1954	0.0068943
1955	0.00659982
1956	0.00694863
1957	0.00663066
1958	0.0066473
1959	0.00648634
1960	0.00685435
1961	0.00754005
1962	0.00759761
1963	0.00766719
1964	0.00777263
1965	0.00789817
1966	0.00805766
1967	0.00870298
1968	0.00953158
1969	0.00993743
1970	0.010658
1971	0.0101761
1972	0.0108881
1973	0.0114912
1974	0.0117853
1975	0.0117382
1976	0.0115002
1977	0.0117277
1978	0.0126204
1979	0.0138096
1980	0.0139896
1981	0.0140252
1982	0.0142101
1983	0.0153661
1984	0.0167224
1985	0.0176066
1986	0.0169661
1987	0.0167083
1988	0.0188373
1989	0.01934
1990	0.0198516
1991	0.0194801
1992	0.0193559
1993	0.0193517
1994	0.0197771
1995	0.0207966
1996	0.020645
1997	0.0199101
1998	0.0182665
1999	0.0174674
2000	0.0182823
2001	0.0190986
2002	0.0171608
2003	0.0174746
2004	0.0162969
2005	0.016313
2006	0.0151052
2007	0.0151492
2008	0.0157047
2009	0.0156072
2010	0.015198
2011	0.0145612
2012	0.0149641
2013	0.015633
2014	0.0141685
2015	0.014141
2016	0.0132327
2017	0.0127378
2018	0.0124434
2019	0.0116482
2020	0.0113567
2021	0.0104482
2022	0.00992194
2023	0.00972976
2024	0.00933698
2025	0.00904484
2026	0.00866955
2027	0.00917989
2028	0.00902157
2029	0.00857676
2030	0.00850056
2031	0.00836818
2032	0.00761175
2033	0.00761625
2034	0.00797372
2035	0.00774269
2036	0.00728893
2037	0.00703341
2038	0.00760838
2039	0.00760937
2040	0.00757439
2041	0.00778422
2042	0.0079872
2043	0.00820752
2044	0.00839471
2045	0.00873992
2046	0.00870134
2047	0.00868682
2048	0.00839871
2049	0.00875931
2050	0.0092417
2051	0.0092563
2052	0.00898791
2053	0.00867175
2054	0.00873352
2055	0.00910688
2056	0.00917482
2057	0.00893452
2058	0.00862816
2059	0.0087048
2060	0.00985996
2061	0.0100547
2062	0.0102976
2063	0.0104207
2064	0.0107352
2065	0.0108021
2066	0.0112344
2067	0.0121444
2068	0.0131918
2069	0.0135799
2070	0.0150132
2071	0.0147565
2072	0.0158197
2073	0.0149601
2074	0.0143916
2075	0.0149091
2076	0.0145721
2077	0.0158873
2078	0.0162208
2079	0.0157792
2080	0.0156339
2081	0.0165613
2082	0.0156829
2083	0.0158941
2084	0.0165691
2085	0.0170759
2086	0.0181577
2087	0.0190379
2088	0.0198067
2089	0.0189525
2090	0.0188055
2091	0.0178516
2092	0.0173168
2093	0.0184611
2094	0.018964
2095	0.0194937
2096	0.0186799
2097	0.0196249
2098	0.0176863
2099	0.0179274
2100	0.0179089
2101	0.0165446
2102	0.0163879
2103	0.0159049
2104	0.0153944
2105	0.01526
2106	0.0148812
2107	0.0161148
2108	0.0153118
2109	0.0155156
2110	0.0145432
2111	0.0146371
2112	0.0142433
2113	0.0147206
2114	0.014207
2115	0.0157066
2116	0.0169886
2117	0.0168784
2118	0.0178022
2119	0.0187018
2120	0.0195993
2121	0.0188438
2122	0.0174622
2123	0.0181324
2124	0.0186155
2125	0.0184227
2126	0.0187307
2127	0.0206232
2128	0.0185202
2129	0.0181885
2130	0.0168574
2131	0.0171553
2132	0.0174049
2133	0.0165753
2134	0.0165554
2135	0.0155021
2136	0.0158925
2137	0.01582
2138	0.0159581
2139	0.0163838
2140	0.015587
2141	0.0146575
2142	0.0142309
2143	0.0142583
2144	0.0142815
2145	0.0140161
2146	0.0139117
2147	0.0125342
2148	0.0119114
2149	0.0112964
2150	0.0114343
2151	0.0110646
2152	0.0110509
2153	0.0100863
2154	0.00946289
2155	0.00936069
2156	0.00888364
2157	0.00883099
2158	0.00829256
2159	0.00861463
2160	0.0086313
2161	0.00873896
2162	0.00840385
2163	0.00752006
2164	0.00731629
2165	0.00723841
2166	0.00775444
2167	0.0077563
2168	0.00748955
2169	0.00734964
2170	0.00705187
2171	0.00730587
2172	0.00700614
2173	0.00717396
2174	0.00789083
2175	0.00801573
2176	0.00804053
2177	0.00740977
2178	0.00796276
2179	0.00781531
2180	0.00772895
2181	0.00793914
2182	0.00795038
2183	0.00787976
2184	0.00812027
2185	0.00825962
2186	0.00871991
2187	0.00882385
2188	0.0099313
2189	0.0110111
2190	0.010606
2191	0.0105033
2192	0.0115816
2193	0.0106297
2194	0.0103527
2195	0.0099566
2196	0.00967362
2197	0.0101965
2198	0.0101559
2199	0.0102297
2200	0.010093
2201	0.0101713
2202	0.00989307
2203	0.0105785
2204	0.0109083
2205	0.0108253
2206	0.0111707
2207	0.0115796
2208	0.0123634
2209	0.0138117
2210	0.0148876
2211	0.0146027
2212	0.0148396
2213	0.015739
2214	0.0159838
2215	0.0163913
2216	0.0163835
2217	0.0160209
2218	0.015967
2219	0.0161542
2220	0.0158031
2221	0.0154831
2222	0.0158029
2223	0.0166813
2224	0.0163006
2225	0.016379
2226	0.0160463
2227	0.015637
2228	0.0164484
2229	0.0166523
2230	0.0172365
2231	0.018382
2232	0.0191749
2233	0.0187228
2234	0.019789
2235	0.0197267
2236	0.0217564
2237	0.0210702
2238	0.0203374
2239	0.0218581
2240	0.021886
2241	0.0221861
2242	0.0212004
2243	0.0186659
2244	0.0193703
2245	0.0187357
2246	0.0180719
2247	0.017471
2248	0.0169062
2249	0.0162529
2250	0.0155629
2251	0.0147667
2252	0.0142076
2253	0.01402
2254	0.0137699
2255	0.0124759
2256	0.0130195
2257	0.0122909
2258	0.0118544
2259	0.0116294
2260	0.0116358
2261	0.0124516
2262	0.0119884
2263	0.011277
2264	0.0120077
2265	0.0114001
2266	0.0112207
2267	0.0107359
2268	0.0108305
2269	0.0118279
2270	0.0110008
2271	0.0100422
2272	0.00955782
2273	0.00999742
2274	0.0102642
2275	0.0104387
2276	0.0101619
2277	0.00974673
2278	0.00986475
2279	0.00961864
2280	0.00968985
2281	0.00951405
2282	0.00964312
2283	0.00943007
2284	0.00923946
2285	0.00857096
2286	0.00818016
2287	0.00792549
2288	0.00790101
2289	0.00778584
2290	0.00755108
2291	0.00771045
2292	0.00793046
2293	0.00846066
2294	0.00806821
2295	0.00878356
2296	0.00876314
2297	0.0091834
2298	0.00926802
2299	0.00969239
2300	0.0101509
2301	0.00969579
2302	0.0104632
2303	0.0101267
2304	0.0109152
2305	0.0109424
2306	0.0116355
2307	0.0117379
2308	0.011845
2309	0.0115729
2310	0.0118356
2311	0.0114303
2312	0.0117771
2313	0.012337
2314	0.0119842
2315	0.0115799
2316	0.0123888
2317	0.0128236
2318	0.0126075
2319	0.0127844
2320	0.0129017
2321	0.0123591
2322	0.0128108
2323	0.0123856
2324	0.0121569
2325	0.0128498
2326	0.0132439
2327	0.0132208
2328	0.0137107
2329	0.0131143
2330	0.0127896
2331	0.0132401
2332	0.0131805
2333	0.0140437
2334	0.0150494
2335	0.0149376
2336	0.0143295
2337	0.0131989
2338	0.0139682
2339	0.014171
2340	0.0135614
2341	0.0130277
2342	0.0127935
2343	0.0129233
2344	0.0131019
2345	0.0141852
2346	0.0141396
2347	0.0139314
2348	0.0149987
2349	0.016319
2350	0.0160055
2351	0.016632
2352	0.0167017
2353	0.0162873
2354	0.0166242
2355	0.017495
2356	0.017631
2357	0.0166516
2358	0.0166569
2359	0.0178778
2360	0.0180995
2361	0.0190155
2362	0.0181775
2363	0.0194145
2364	0.0176882
2365	0.0165773
2366	0.0157624
2367	0.0163629
2368	0.015534
2369	0.015197
2370	0.0150722
2371	0.0157567
2372	0.0161488
2373	0.0158609
2374	0.0151093
2375	0.0151314
2376	0.0167152
2377	0.0184527
2378	0.0175063
2379	0.0173699
2380	0.0165865
2381	0.0174627
2382	0.0179296
2383	0.0171213
2384	0.017667
2385	0.017517
2386	0.0170345
2387	0.0171622
2388	0.0189714
2389	0.0182542
2390	0.0190305
2391	0.0180775
2392	0.0174739
2393	0.0175987
2394	0.0179549
2395	0.017347
2396	0.0175987
2397	0.0166438
2398	0.0155696
2399	0.0162059
2400	0.015842
2401	0.0150216
2402	0.0137576
2403	0.0137942
2404	0.0143927
2405	0.0134661
2406	0.013588
2407	0.0127328
2408	0.0132476
2409	0.0124495
2410	0.0118064
2411	0.0116978
2412	0.011727
2413	0.0120408
2414	0.0111809
2415	0.0108279
2416	0.010749
2417	0.0104814
2418	0.0107825
2419	0.0107293
2420	0.0100791
2421	0.0104753
2422	0.0101151
2423	0.00968593
2424	0.0100205
2425	0.0104047
2426	0.0107754
2427	0.0101705
2428	0.00964087
2429	0.00923928
2430	0.00905099
2431	0.00873911
2432	0.00876988
2433	0.00856866
2434	0.00826748
2435	0.00824008
2436	0.00846634
2437	0.00819914
2438	0.00929113
2439	0.0100931
2440	0.0104058
2441	0.0101846
2442	0.00998103
2443	0.00942799
2444	0.00956763
2445	0.00913918
2446	0.00941074
2447	0.00989533
2448	0.00967966
2449	0.0100666
2450	0.0103701
2451	0.0105392
2452	0.0116893
2453	0.0118211
2454	0.0116907
2455	0.0109918
2456	0.0117234
2457	0.0112467
2458	0.0118369
2459	0.0118256
2460	0.0124398
2461	0.0130577
2462	0.0137453
2463	0.0140041
2464	0.014067
2465	0.0142486
2466	0.0136732
2467	0.0139855
2468	0.0146473
2469	0.0148833
2470	0.0152336
2471	0.0143554
2472	0.0147479
2473	0.0150812
2474	0.015921
2475	0.0161739
2476	0.0159336
2477	0.0159544
2478	0.0159251
2479	0.01564
2480	0.015191
2481	0.0150213
2482	0.0155578
2483	0.0146627
2484	0.0142153
2485	0.0139909
2486	0.0141416
2487	0.0144619
2488	0.0140641
2489	0.0145065
2490	0.0147761
2491	0.0153489
2492	0.0162943
2493	0.0159164
2494	0.01587
2495	0.0153434
2496	0.0153608
2497	0.0159077
2498	0.0150526
2499	0.0152322
2500	0.0154085
2501	0.0151096
2502	0.0149158
2503	0.0148746
2504	0.0161529
2505	0.016088
2506	0.0159708
2507	0.0159813
2508	0.0157144
2509	0.0153346
2510	0.0142807
2511	0.0135177
2512	0.013081
2513	0.0127601
2514	0.0117492
2515	0.0118937
2516	0.0117427
2517	0.0131643
2518	0.0126445
2519	0.0125097
2520	0.0120135
2521	0.0119172
2522	0.0120338
2523	0.0116826
2524	0.0119298
2525	0.0119223
2526	0.0117614
2527	0.011506
2528	0.0117621
2529	0.0119778
2530	0.0117855
2531	0.0116553
2532	0.0122081
2533	0.0128156
2534	0.0120976
2535	0.0120962
2536	0.0126525
2537	0.0116754
2538	0.0112834
2539	0.0110456
2540	0.0111894
2541	0.0104522
2542	0.00962096
2543	0.00928487
2544	0.00867274
2545	0.00894833
2546	0.00905948
2547	0.00861246
2548	0.00831616
2549	0.00847494
2550	0.00841664
2551	0.00867226
2552	0.0090907
2553	0.0096389
2554	0.0103323
2555	0.0103306
2556	0.0110427
2557	0.0121775
2558	0.0121576
2559	0.0132002
2560	0.0136347
2561	0.0146796
2562	0.0141128
2563	0.0147645
2564	0.0142401
2565	0.0144778
2566	0.014954
2567	0.0154842
2568	0.0152307
2569	0.0151481
2570	0.0156442
2571	0.0162597
2572	0.0170106
2573	0.0165231
2574	0.016375
2575	0.0170515
2576	0.0161056
2577	0.0163179
2578	0.0154641
2579	0.0154393
2580	0.0148376
2581	0.0146652
2582	0.0146762
2583	0.0142392
2584	0.013053
2585	0.0128978
2586	0.0131459
2587	0.0129958
2588	0.0128181
2589	0.013582
2590	0.0138701
2591	0.0143513
2592	0.0140488
2593	0.013828
2594	0.0140193
2595	0.0137095
2596	0.0128369
2597	0.012581
2598	0.0125775
2599	0.0117944
2600	0.0120853
2601	0.0125736
2602	0.012886
2603	0.0126057
2604	0.0128834
2605	0.0135938
2606	0.0141166
2607	0.0136308
2608	0.0128631
2609	0.0129527
2610	0.0126748
2611	0.0132002
2612	0.0128992
2613	0.0125953
2614	0.0118974
2615	0.0115726
2616	0.0122151
2617	0.0121718
2618	0.0117019
2619	0.01328
2620	0.0124123
2621	0.0117073
2622	0.0113076
2623	0.0119826
2624	0.0122372
2625	0.0124757
2626	0.0124216
2627	0.0127885
2628	0.0123821
2629	0.0131852
2630	0.0125577
2631	0.0125995
2632	0.0136742
2633	0.0137003
2634	0.0148563
2635	0.0155463
2636	0.0149021
2637	0.0147067
2638	0.0152294
2639	0.0151855
2640	0.0151224
2641	0.0152101
2642	0.0155384
2643	0.0151587
2644	0.0148376
2645	0.0153137
2646	0.0158142
2647	0.01631
2648	0.0155301
2649	0.0149171
2650	0.0151246
2651	0.0151688
2652	0.0151228
2653	0.0147064
2654	0.0156716
2655	0.0149352
2656	0.0150706
2657	0.0140928
2658	0.0148409
2659	0.0142226
2660	0.01486
2661	0.0149998
2662	0.0155046
2663	0.0162895
2664	0.0163329
2665	0.0155155
2666	0.0156269
2667	0.0152611
2668	0.0147724
2669	0.0140998
2670	0.0138773
2671	0.0138496
2672	0.0140416
2673	0.0133507
2674	0.0132103
2675	0.011982
2676	0.0114391
2677	0.0109143
2678	0.0107467
2679	0.0114952
2680	0.0112009
2681	0.0114619
2682	0.0109883
2683	0.0109538
2684	0.0106009
2685	0.0105722
2686	0.00996389
2687	0.00987513
2688	0.00920204
2689	0.00873901
2690	0.00872847
2691	0.00891433
2692	0.00877346
2693	0.00874181
2694	0.00847341
2695	0.00877194
2696	0.00843665
2697	0.00862308
2698	0.00830432
2699	0.00783386
2700	0.00782788
2701	0.00836162
2702	0.00850829
2703	0.0086239
2704	0.00894485
2705	0.00856383
2706	0.00894899
2707	0.00905236
2708	0.00916864
2709	0.0086605
2710	0.00904288
2711	0.00930221
2712	0.00907396
2713	0.00935716
2714	0.00938569
2715	0.00922773
2716	0.00976764
2717	0.00965763
2718	0.00989979
2719	0.00934141
2720	0.0100991
2721	0.0106185
2722	0.0114511
2723	0.0118973
2724	0.0127375
2725	0.0136879
2726	0.0138005
2727	0.01412
2728	0.0145861
2729	0.0137201
2730	0.0139603
2731	0.0140903
2732	0.0137952
2733	0.0156092
2734	0.0165737
2735	0.0171502
2736	0.0176888
2737	0.0184607
2738	0.0191734
2739	0.0190496
2740	0.0201736
2741	0.0189335
2742	0.0174143
2743	0.0174056
2744	0.0188091
2745	0.0186021
2746	0.0186208
2747	0.0177342
2748	0.0171086
2749	0.0159046
2750	0.0156364
2751	0.0149
2752	0.0142582
2753	0.0140655
2754	0.0142188
2755	0.0142514
2756	0.0138793
2757	0.0138464
2758	0.0143253
2759	0.0141543
2760	0.0144739
2761	0.0140332
2762	0.014257
2763	0.0161364
2764	0.0168597
2765	0.0164506
2766	0.016202
2767	0.0153444
2768	0.0138458
2769	0.0144623
2770	0.013344
2771	0.0128891
2772	0.0129046
2773	0.012798
2774	0.0122192
2775	0.0123674
2776	0.0124853
2777	0.0127426
2778	0.0139537
2779	0.0134341
2780	0.0133215
2781	0.012944
2782	0.0121226
2783	0.0121865
2784	0.0127303
2785	0.0135319
2786	0.0136044
2787	0.0136839
2788	0.0137985
2789	0.0135319
2790	0.0134199
2791	0.01278
2792	0.0128533
2793	0.012141
2794	0.0125031
2795	0.0123355
2796	0.0120363
2797	0.0129351
2798	0.0128709
2799	0.0123266
2800	0.0125509
2801	0.0134336
2802	0.0148455
2803	0.0142259
2804	0.014037
2805	0.0150135
2806	0.0143483
2807	0.0133207
2808	0.013281
2809	0.0129837
2810	0.0127347
2811	0.0133096
2812	0.012391
2813	0.0122418
2814	0.0127344
2815	0.0131286
2816	0.0132523
2817	0.012867
2818	0.0133455
2819	0.0124863
2820	0.012581
2821	0.0119108
2822	0.0114273
2823	0.0107412
2824	0.0110946
2825	0.0104795
2826	0.0104747
2827	0.0100916
2828	0.0100855
2829	0.00961359
2830	0.00963593
2831	0.00991449
2832	0.0101832
2833	0.0113399
2834	0.0119472
2835	0.0124149
2836	0.0127637
2837	0.0134394
2838	0.0131195
2839	0.0129617
2840	0.0129977
2841	0.0136197
2842	0.0141098
2843	0.0129458
2844	0.0136478
2845	0.0129218
2846	0.0126854
2847	0.0130419
2848	0.0133873
2849	0.0132074
2850	0.0125572
2851	0.0123618
2852	0.0126226
2853	0.0128079
2854	0.0126186
2855	0.0123239
2856	0.0130203
2857	0.012444
2858	0.0123302
2859	0.0121621
2860	0.0124623
2861	0.011317
2862	0.0112477
2863	0.0117371
2864	0.0114768
2865	0.0108678
2866	0.0104871
2867	0.0100483
2868	0.0103974
2869	0.0107717
2870	0.0113391
2871	0.0106142
2872	0.0101579
2873	0.00977165
2874	0.00992974
2875	0.0106992
2876	0.00990268
2877	0.0104222
2878	0.0100706
2879	0.0100051
2880	0.010024
2881	0.0100332
2882	0.00959327
2883	0.00867055
2884	0.00943675
2885	0.00998749
2886	0.0101072
2887	0.0108188
2888	0.011591
2889	0.0116442
2890	0.0114822
2891	0.0121161
2892	0.0129885
2893	0.0128332
2894	0.0129353
2895	0.0126533
2896	0.0151864
2897	0.0154474
2898	0.015748
2899	0.0163111
2900	0.0173318
2901	0.0181928
2902	0.0176116
2903	0.0163273
2904	0.0164143
2905	0.0162372
2906	0.0165019
2907	0.0154487
2908	0.015353
2909	0.0152394
2910	0.0145506
2911	0.01451
2912	0.0148412
2913	0.0147214
2914	0.0141565
2915	0.0150757
2916	0.0142006
2917	0.0137514
2918	0.0143787
2919	0.0133708
2920	0.0137669
2921	0.0135719
2922	0.0128969
2923	0.0131186
2924	0.0130648
2925	0.0132607
2926	0.0128282
2927	0.0122345
2928	0.0127045
2929	0.0129113
2930	0.0143471
2931	0.0141872
2932	0.0139162
2933	0.0130819
2934	0.0131523
2935	0.0131336
2936	0.0133913
2937	0.0139311
2938	0.0134273
2939	0.0134872
2940	0.0142051
2941	0.0143305
2942	0.0140336
2943	0.0140839
2944	0.0136495
2945	0.0134484
2946	0.0129618
2947	0.0138005
2948	0.013584
2949	0.0124514
2950	0.0127639
2951	0.0126158
2952	0.0130324
2953	0.0131667
2954	0.0145269
2955	0.0144857
2956	0.0143303
2957	0.0149282
2958	0.0146638
2959	0.0139594
2960	0.014751
2961	0.0137586
2962	0.0139888
2963	0.014006
2964	0.0136087
2965	0.0137038
2966	0.0148577
2967	0.0147653
2968	0.0160045
2969	0.0158897
2970	0.0161821
2971	0.0166295
2972	0.0173603
2973	0.0170895
2974	0.0175643
2975	0.016724
2976	0.0180524
2977	0.0179955
2978	0.0175202
2979	0.0184378
2980	0.0178375
2981	0.016973
2982	0.0157652
2983	0.0157838
2984	0.0142587
2985	0.0143976
2986	0.0134986
2987	0.0136145
2988	0.0130224
2989	0.0133769
2990	0.0131976
2991	0.012703
2992	0.0122268
2993	0.0120821
2994	0.011581
2995	0.0114725
2996	0.0109145
2997	0.0115039
2998	0.0119813
2999	0.0116587
3000	0.0115496
3001	0.0115079
3002	0.0116395
3003	0.011724
3004	0.0111958
3005	0.0111851
3006	0.0112978
3007	0.0115582
3008	0.0112007
3009	0.0116199
3010	0.0109584
3011	0.0105316
3012	0.0106
3013	0.0108101
3014	0.0106965
3015	0.0107015
3016	0.0114487
3017	0.0106832
3018	0.00984611
3019	0.00968826
3020	0.00921606
3021	0.00900162
3022	0.00968439
3023	0.00906672
3024	0.00955261
3025	0.00923895
3026	0.00937372
3027	0.00924959
3028	0.00987262
3029	0.00969557
3030	0.0090934
3031	0.00892828
3032	0.00844858
3033	0.00859789
3034	0.00867408
3035	0.00908157
3036	0.00973044
3037	0.00941503
3038	0.0099692
3039	0.0100496
3040	0.0104602
3041	0.0105634
3042	0.0109447
3043	0.0108944
3044	0.0111192
3045	0.0121679
3046	0.0122685
3047	0.0115374
3048	0.0114937
3049	0.0120981
3050	0.0125652
3051	0.0112851
3052	0.011784
3053	0.0116962
3054	0.0116782
3055	0.0119967
3056	0.0121249
3057	0.0130802
3058	0.0127359
3059	0.0128939
3060	0.0123523
3061	0.0129304
3062	0.0123479
3063	0.012327
3064	0.0132293
3065	0.0141808
3066	0.0136431
3067	0.0143477
3068	0.0135982
3069	0.0137078
3070	0.0135698
3071	0.0129893
3072	0.0137266
3073	0.0136167
3074	0.013649
3075	0.0142166
3076	0.0146375
3077	0.0149984
3078	0.0140738
3079	0.0148119
3080	0.0149335
3081	0.0146759
3082	0.015235
3083	0.0156145
3084	0.015383
3085	0.0145402
3086	0.0145224
3087	0.0155277
3088	0.0158461
3089	0.0154758
3090	0.0150544
3091	0.0149454
3092	0.0150512
3093	0.0152781
3094	0.0150145
3095	0.0152202
3096	0.0150355
3097	0.0158894
3098	0.015602
3099	0.0156526
3100	0.0152695
3101	0.0145814
3102	0.0155137
3103	0.0157056
3104	0.0163174
3105	0.0161153
3106	0.0170405
3107	0.016716
3108	0.0158986
3109	0.0165813
3110	0.0165624
3111	0.0160327
3112	0.0155628
3113	0.0159532
3114	0.016465
3115	0.0165228
3116	0.0158991
3117	0.0158915
3118	0.0153324
3119	0.0154422
3120	0.0148813
3121	0.0133504
3122	0.0129074
3123	0.0132474
3124	0.0131281
3125	0.012634
3126	0.0119711
3127	0.0116886
3128	0.0119471
3129	0.0121662
3130	0.0122668
3131	0.0125229
3132	0.0127341
3133	0.0130235
3134	0.0124348
3135	0.0128111
3136	0.0131073
3137	0.0130289
3138	0.0129775
3139	0.0124952
3140	0.0122252
3141	0.0116939
3142	0.011253
3143	0.0111863
3144	0.0106701
3145	0.0101738
3146	0.0106915
3147	0.0105473
3148	0.0103704
3149	0.0102638
3150	0.0103517
3151	0.0102964
3152	0.0104443
3153	0.0105231
3154	0.0104797
3155	0.0102283
3156	0.0108885
3157	0.0107972
3158	0.0107724
3159	0.0111172
3160	0.0103895
3161	0.0104958
3162	0.0112541
3163	0.0115202
3164	0.0122829
3165	0.0121538
3166	0.0127908
3167	0.0125324
3168	0.0124065
3169	0.0122079
3170	0.012206
3171	0.012544
3172	0.0134859
3173	0.0133928
3174	0.0136548
3175	0.0134971
3176	0.0134847
3177	0.0136973
3178	0.0144223
3179	0.0145604
3180	0.0146033
3181	0.0144941
3182	0.0139428
3183	0.0141198
3184	0.0147971
3185	0.0148652
3186	0.0141411
3187	0.0135798
3188	0.0133113
3189	0.0143564
3190	0.0151401
3191	0.0150823
3192	0.0146634
3193	0.0143929
3194	0.0129533
3195	0.0133814
3196	0.013773
3197	0.0144958
3198	0.0145987
3199	0.0135513
3200	0.0139758
3201	0.0139015
3202	0.0142691
3203	0.0141703
3204	0.0135602
3205	0.013876
3206	0.0142434
3207	0.0144122
3208	0.0134046
3209	0.0130454
3210	0.0137976
3211	0.0136731
3212	0.014406
3213	0.0143644
3214	0.0153487
3215	0.01469
3216	0.0154229
3217	0.0165207
3218	0.0162359
3219	0.0153342
3220	0.01511
3221	0.0148844
3222	0.0161216
3223	0.0157953
3224	0.0165599
3225	0.016733
3226	0.0158523
3227	0.0151197
3228	0.0148033
3229	0.0148564
3230	0.0147936
3231	0.0137347
3232	0.0139783
3233	0.0140047
3234	0.0136607
3235	0.0138837
3236	0.0137652
3237	0.0133637
3238	0.0137154
3239	0.0130432
3240	0.0138977
3241	0.0133238
3242	0.0130569
3243	0.0129736
3244	0.0122677
3245	0.012109
3246	0.012895
3247	0.0126315
3248	0.0126872
3249	0.0128143
3250	0.0128117
3251	0.0131552
3252	0.0132667
3253	0.0132762
3254	0.0127774
3255	0.0131732
3256	0.0134574
3257	0.0148643
3258	0.0154681
3259	0.0160875
3260	0.015716
3261	0.0157949
3262	0.0159549
3263	0.0146939
3264	0.0155016
3265	0.0151192
3266	0.0155771
3267	0.0149934
3268	0.014833
3269	0.0141027
3270	0.0139423
3271	0.0125759
3272	0.0115754
3273	0.0124919
3274	0.0124587
3275	0.0125536
3276	0.012922
3277	0.0124553
3278	0.0125662
3279	0.0118085
3280	0.0111282
3281	0.0107016
3282	0.0106763
3283	0.0105758
3284	0.010289
3285	0.0101652
3286	0.00921007
3287	0.00885201
3288	0.00846646
3289	0.0087242
3290	0.00875794
3291	0.00858264
3292	0.00813321
3293	0.00825064
3294	0.00806566
3295	0.00781871
3296	0.00783248
3297	0.00766492
3298	0.00787395
3299	0.00786273
3300	0.00820936
3301	0.00814933
3302	0.00903956
3303	0.00850723
3304	0.00836681
3305	0.00855117
3306	0.00831043
3307	0.00844421
3308	0.00815393
3309	0.00865289
3310	0.00950438
3311	0.00979768
3312	0.00966583
3313	0.0092878
3314	0.00968505
3315	0.00941539
3316	0.00920552
3317	0.00904767
3318	0.00909047
3319	0.00902087
3320	0.00889607
3321	0.00898422
3322	0.00898632
3323	0.00940857
3324	0.00904241
3325	0.00936718
3326	0.00912075
3327	0.00893519
3328	0.00870831
3329	0.00910169
3330	0.00893441
3331	0.0103064
3332	0.0107729
3333	0.0106272
3334	0.0105704
3335	0.0115644
3336	0.0117325
3337	0.0119356
3338	0.0122666
3339	0.0134155
3340	0.0132174
3341	0.0148247
3342	0.0156573
3343	0.0156228
3344	0.0154894
3345	0.0156432
3346	0.0154444
3347	0.0156363
3348	0.0166145
3349	0.016417
3350	0.0167239
3351	0.0182713
3352	0.0188421
3353	0.0196349
3354	0.0196498
3355	0.020208
3356	0.0212492
3357	0.0200444
3358	0.0192845
3359	0.0205298
3360	0.0202145
3361	0.018821
3362	0.018911
3363	0.0186022
3364	0.0185451
3365	0.0177653
3366	0.0184532
3367	0.0180288
3368	0.0179746
3369	0.0179797
3370	0.0173534
3371	0.0176013
3372	0.0167134
3373	0.0161034
3374	0.0154873
3375	0.0148411
3376	0.0145177
3377	0.0148209
3378	0.0158411
3379	0.0160523
3380	0.0164228
3381	0.0158377
3382	0.0164769
3383	0.0159596
3384	0.0159386
3385	0.016025
3386	0.0156021
3387	0.0158005
3388	0.0157122
3389	0.0158345
3390	0.0153585
3391	0.0153285
3392	0.0158486
3393	0.0150184
3394	0.0140486
3395	0.0150122
3396	0.0153316
3397	0.0148271
3398	0.0147653
3399	0.0150519
3400	0.0150537
3401	0.0144217
3402	0.0142116
3403	0.0144294
3404	0.0147994
3405	0.0149913
3406	0.0148416
3407	0.0149754
3408	0.0144032
3409	0.0142502
3410	0.0140501
3411	0.0144674
3412	0.0151242
3413	0.0154535
3414	0.015267
3415	0.0162332
3416	0.0148428
3417	0.0153537
3418	0.0132279
3419	0.0135101
3420	0.0137482
3421	0.013248
3422	0.0127992
3423	0.0128473
3424	0.0127475
3425	0.0122089
3426	0.0115718
3427	0.0118748
3428	0.0118703
3429	0.0113458
3430	0.0104269
3431	0.010435
3432	0.0103099
3433	0.0109064
3434	0.0108938
3435	0.0106855
3436	0.010832
3437	0.0105383
3438	0.0103715
3439	0.0107099
3440	0.0105403
3441	0.0103528
3442	0.0101388
3443	0.0097974
3444	0.0100194
3445	0.010207
3446	0.0111948
3447	0.0120119
3448	0.0128331
3449	0.012236
3450	0.0121415
3451	0.011627
3452	0.011312
3453	0.012516
3454	0.0116475
3455	0.0122241
3456	0.0126896
3457	0.0128605
3458	0.013247
3459	0.0130456
3460	0.013885
3461	0.0134752
3462	0.0133386
3463	0.0133414
3464	0.0131131
3465	0.0151827
3466	0.0153984
3467	0.0146814
3468	0.0139378
3469	0.0131647
3470	0.0144282
3471	0.0141152
3472	0.0135754
3473	0.0135157
3474	0.0125532
3475	0.0119439
3476	0.0117312
3477	0.0118493
3478	0.0114311
3479	0.0112853
3480	0.0111262
3481	0.011698
3482	0.0122693
3483	0.0124787
3484	0.0123505
3485	0.0112874
3486	0.0117109
3487	0.0116996
3488	0.0122991
3489	0.0112949
3490	0.0118074
3491	0.0123887
3492	0.0132324
3493	0.013636
3494	0.0135731
3495	0.0146249
3496	0.0136395
3497	0.0141251
3498	0.0135944
3499	0.0128822
3500	0.0141471
3501	0.0137275
3502	0.0134693
3503	0.0130003
3504	0.0126728
3505	0.0120745
3506	0.012917
3507	0.0126787
3508	0.0131984
3509	0.0125679
3510	0.0125791
3511	0.0131738
3512	0.0137237
3513	0.0138537
3514	0.0138472
3515	0.0144825
3516	0.014617
3517	0.0148997
3518	0.0161652
3519	0.0174241
3520	0.0190061
3521	0.0186484
3522	0.0174583
3523	0.0165537
3524	0.0166727
3525	0.0156844
3526	0.0157057
3527	0.0168005
3528	0.0169579
3529	0.0174933
3530	0.0166664
3531	0.0173633
3532	0.0190786
3533	0.0191395
3534	0.0184922
3535	0.0172717
3536	0.0172014
3537	0.0161475
3538	0.0163417
3539	0.0158706
3540	0.0157518
3541	0.0160274
3542	0.0160219
3543	0.0153579
3544	0.0146912
3545	0.0153649
3546	0.0145171
3547	0.0144532
3548	0.0137272
3549	0.0125053
3550	0.0127645
3551	0.0119355
3552	0.011783
3553	0.0113397
3554	0.0111063
3555	0.0113089
3556	0.0119162
3557	0.0133762
3558	0.0132495
3559	0.0126798
3560	0.0120717
3561	0.0122925
3562	0.0125387
3563	0.0120457
3564	0.0118501
3565	0.0117003
3566	0.0109532
3567	0.0111708
3568	0.0108942
3569	0.0111451
3570	0.0110223
3571	0.011749
3572	0.0116617
3573	0.0109957
3574	0.0110559
3575	0.0110207
3576	0.0114859
3577	0.0109969
3578	0.0109114
3579	0.0106877
3580	0.0106651
3581	0.0101876
3582	0.00951258
3583	0.00992655
3584	0.00965648
3585	0.00940289
3586	0.00924593
3587	0.0087469
3588	0.00888075
3589	0.00891712
3590	0.0093149
3591	0.00954996
3592	0.00914371
3593	0.00924094
3594	0.00913549
3595	0.00932521
3596	0.00965766
3597	0.00977468
3598	0.0102445
3599	0.00986417
3600	0.00962941
3601	0.0103986
3602	0.0106024
3603	0.0109088
3604	0.0121576
3605	0.0121537
3606	0.0115713
3607	0.0114504
3608	0.0112365
3609	0.011675
3610	0.0112128
3611	0.010345
3612	0.0102549
3613	0.0100944
3614	0.00981259
3615	0.00964766
3616	0.00999872
3617	0.00956355
3618	0.0105047
3619	0.0111592
3620	0.0117365
3621	0.0113137
3622	0.012189
3623	0.0119207
3624	0.0116462
3625	0.0112562
3626	0.0116816
3627	0.0125634
3628	0.0127886
3629	0.0148044
3630	0.0156073
3631	0.0159171
3632	0.0162249
3633	0.0152643
3634	0.0172747
3635	0.0167574
3636	0.0183934
3637	0.0177594
3638	0.018184
3639	0.0181043
3640	0.0174662
3641	0.0176072
3642	0.0168186
3643	0.0185282
3644	0.018508
3645	0.0174549
3646	0.0163252
3647	0.0156301
3648	0.0155576
3649	0.0156171
3650	0.01531
3651	0.0149004
3652	0.0156923
3653	0.0173255
3654	0.0165304
3655	0.0155387
3656	0.0157478
3657	0.0159666
3658	0.0162833
3659	0.0158998
3660	0.0158588
3661	0.0161113
3662	0.0157773
3663	0.0148612
3664	0.0150557
3665	0.0146764
3666	0.0139995
3667	0.0141939
3668	0.0138991
3669	0.0139322
3670	0.0139424
3671	0.0138102
3672	0.0139074
3673	0.0147359
3674	0.0149913
3675	0.0152575
3676	0.0140937
3677	0.0138781
3678	0.0130325
3679	0.0129732
3680	0.012788
3681	0.0125974
3682	0.0125175
3683	0.0121924
3684	0.0120353
3685	0.0117037
3686	0.0116991
3687	0.0109884
3688	0.0105032
3689	0.00979306
3690	0.00944051
3691	0.0106533
3692	0.0109024
3693	0.0113349
3694	0.0106328
3695	0.00969854
3696	0.0101094
3697	0.0108062
3698	0.0102947
3699	0.00942766
3700	0.00892561
3701	0.00968447
3702	0.0103834
3703	0.0102079
3704	0.0100629
3705	0.00943314
3706	0.0100869
3707	0.00953255
3708	0.0098914
3709	0.00992931
3710	0.00976891
3711	0.010297
3712	0.0104133
3713	0.0107957
3714	0.0110275
3715	0.0110201
3716	0.0115265
3717	0.0118907
3718	0.0125485
3719	0.0127889
3720	0.0120726
3721	0.0131286
3722	0.0126724
3723	0.0128852
3724	0.0129364
3725	0.0146564
3726	0.0155087
3727	0.0146381
3728	0.0147193
3729	0.0135867
3730	0.0128849
3731	0.0128447
3732	0.0125979
3733	0.0129213
3734	0.0127825
3735	0.0133794
3736	0.0133283
3737	0.0134478
3738	0.0148213
3739	0.0149404
3740	0.0144702
3741	0.014124
3742	0.0138562
3743	0.0131702
3744	0.013452
3745	0.0136379
3746	0.0136375
3747	0.013816
3748	0.0131864
3749	0.0135139
3750	0.0140706
3751	0.0142158
3752	0.0143784
3753	0.0148255
3754	0.0148764
3755	0.0134512
3756	0.0136884
3757	0.0123705
3758	0.0124282
3759	0.0116804
3760	0.0122361
3761	0.0127075
3762	0.0119807
3763	0.0122917
3764	0.0126749
3765	0.0128368
3766	0.0135702
3767	0.0134371
3768	0.0148422
3769	0.0157375
3770	0.0173336
3771	0.0173761
3772	0.0171126
3773	0.0160409
3774	0.0157175
3775	0.0157938
3776	0.0147271
3777	0.0150743
3778	0.0156186
3779	0.0144433
3780	0.0132828
3781	0.0131753
3782	0.0133958
3783	0.013672
3784	0.0128472
3785	0.0124314
3786	0.0121684
3787	0.0114106
3788	0.0104885
3789	0.0105104
3790	0.0107949
3791	0.0103577
3792	0.010108
3793	0.0100915
3794	0.00996806
3795	0.0100028
3796	0.0101102
3797	0.00971723
3798	0.0101562
3799	0.0112503
3800	0.0117585
3801	0.0116908
3802	0.0123837
3803	0.0134892
3804	0.0129692
3805	0.01315
3806	0.0136852
3807	0.0137707
3808	0.0143688
3809	0.0132158
3810	0.0133021
3811	0.0125356
3812	0.013072
3813	0.0141768
3814	0.0140582
3815	0.0149695
3816	0.0146541
3817	0.0138291
3818	0.0134115
3819	0.0129611
3820	0.0138514
3821	0.0146963
3822	0.0166829
3823	0.0175901
3824	0.0198538
3825	0.0189309
3826	0.0174067
3827	0.0173456
3828	0.0171968
3829	0.0172437
3830	0.0171737
3831	0.0180004
3832	0.0172125
3833	0.0175035
3834	0.0164467
3835	0.01708
3836	0.016869
3837	0.0162332
3838	0.0158964
3839	0.0162933
3840	0.0167851
3841	0.0172457
3842	0.0174572
3843	0.0165653
3844	0.0166397
3845	0.0154783
3846	0.0148828
3847	0.0149957
3848	0.0152048
3849	0.0152101
3850	0.0158024
3851	0.015119
3852	0.0150159
3853	0.014589
3854	0.0144789
3855	0.0142134
3856	0.0136235
3857	0.0134351
3858	0.0120767
3859	0.0113354
3860	0.0129678
3861	0.0123789
3862	0.0120275
3863	0.0124906
3864	0.0122619
3865	0.0118528
3866	0.0123251
3867	0.0118606
3868	0.0115443
3869	0.0120018
3870	0.0116161
3871	0.0114963
3872	0.0116594
3873	0.0107283
3874	0.0110738
3875	0.0102021
3876	0.010736
3877	0.011098
3878	0.0116287
3879	0.0114134
3880	0.0116739
3881	0.0114768
3882	0.0117399
3883	0.0121312
3884	0.0114676
3885	0.0113938
3886	0.0110514
3887	0.0110228
3888	0.0105785
3889	0.0108462
3890	0.0104025
3891	0.00962576
3892	0.0088774
3893	0.00865106
3894	0.00869657
3895	0.00865113
3896	0.00888455
3897	0.00916842
3898	0.00973076
3899	0.00972356
3900	0.0100492
3901	0.010383
3902	0.00937229
3903	0.00982193
3904	0.0102041
3905	0.0116735
3906	0.0111116
3907	0.011777
3908	0.0120159
3909	0.0120436
3910	0.0122385
3911	0.0118012
3912	0.0119995
3913	0.0130184
3914	0.0128936
3915	0.0132555
3916	0.0134773
3917	0.0131451
3918	0.0120932
3919	0.0121582
3920	0.0128559
3921	0.0136732
3922	0.0137128
3923	0.0147614
3924	0.0142603
3925	0.0143615
3926	0.016158
3927	0.017252
3928	0.0169538
3929	0.0167948
3930	0.0165354
3931	0.0155961
3932	0.0148531
3933	0.0147287
3934	0.0141372
3935	0.0149847
3936	0.0139882
3937	0.0137653
3938	0.0141361
3939	0.0139539
3940	0.0137881
3941	0.0139146
3942	0.0156654
3943	0.0146831
3944	0.0141402
3945	0.014435
3946	0.0141769
3947	0.014537
3948	0.0146303
3949	0.014428
3950	0.0144523
3951	0.0164296
3952	0.0159317
3953	0.0153808
3954	0.0153666
3955	0.0156226
3956	0.0168245
3957	0.0161203
3958	0.0161125
3959	0.0174475
3960	0.0159343
3961	0.0156926
3962	0.0151491
3963	0.0153641
3964	0.0149697
3965	0.0156615
3966	0.0152723
3967	0.0157376
3968	0.0151182
3969	0.0146964
3970	0.0137332
3971	0.013921
3972	0.0137105
3973	0.0135415
3974	0.0127879
3975	0.0130819
3976	0.0129681
3977	0.0136439
3978	0.0136827
3979	0.0135024
3980	0.0131694
3981	0.0131326
3982	0.0127654
3983	0.0124713
3984	0.0120416
3985	0.0126406
3986	0.0130176
3987	0.0128772
3988	0.012579
3989	0.0120481
3990	0.0118559
3991	0.012054
3992	0.0122599
3993	0.0117823
3994	0.0121619
3995	0.0124072
3996	0.0117022
3997	0.0114688
3998	0.0115953
3999	0.0117698
4000	0.0122706
4001	0.0121948
4002	0.0120257
4003	0.0119307
4004	0.0119149
4005	0.0118607
4006	0.0128032
4007	0.0128756
4008	0.0127513
4009	0.013477
4010	0.0131657
4011	0.0123807
4012	0.0116775
4013	0.0110916
4014	0.0112425
4015	0.0107897
4016	0.0111873
4017	0.0107454
4018	0.0103012
4019	0.00985846
4020	0.0097237
4021	0.00999673
4022	0.00899669
4023	0.0090048
4024	0.00905982
4025	0.00910784
4026	0.00891145
4027	0.00910099
4028	0.00879739
4029	0.00869468
4030	0.00830543
4031	0.0084189
4032	0.00869695
4033	0.00883348
4034	0.00918906
4035	0.00974676
4036	0.0107143
4037	0.0103209
4038	0.00972866
4039	0.00942722
4040	0.00918008
4041	0.009601
4042	0.010446
4043	0.0106499
4044	0.0105042
4045	0.0115517
4046	0.010663
4047	0.0111757
4048	0.0111815
4049	0.011303
4050	0.0122482
4051	0.0128725
4052	0.0134798
4053	0.0147949
4054	0.0149565
4055	0.0148185
4056	0.0150432
4057	0.0150897
4058	0.0154981
4059	0.0153171
4060	0.0145043
4061	0.0148397
4062	0.0148946
4063	0.0144237
4064	0.014825
4065	0.0144339
4066	0.0141988
4067	0.0147601
4068	0.0156674
4069	0.0152633
4070	0.0147598
4071	0.0154563
4072	0.0155569
4073	0.0147481
4074	0.0145981
4075	0.0151743
4076	0.0154966
4077	0.0163027
4078	0.0174025
4079	0.0176409
4080	0.0182578
4081	0.0184193
4082	0.0196168
4083	0.0196491
4084	0.0189449
4085	0.0200898
4086	0.0197947
4087	0.0199391
4088	0.0197671
4089	0.0202308
4090	0.021371
4091	0.0193995
4092	0.0193377
4093	0.0184284
4094	0.0179493
4095	0.0181236
4096	0.0178845
4097	0.0168951
4098	0.0174235
4099	0.017449
4100	0.0164441
4101	0.015755
4102	0.0147177
4103	0.0148073
4104	0.0151259
4105	0.0138
4106	0.0126553
4107	0.0121303
4108	0.0121022
4109	0.0123275
4110	0.0124771
4111	0.0122936
4112	0.0118855
4113	0.0123765
4114	0.0124349
4115	0.0125902
4116	0.011965
4117	0.0111575
4118	0.0105408
4119	0.009847
4120	0.00925552
4121	0.00918151
4122	0.00894312
4123	0.0084023
4124	0.0084232
4125	0.00843429
4126	0.00834845
4127	0.00820399
4128	0.00818397
4129	0.00796579
4130	0.00775023
4131	0.0076496
4132	0.00833524
4133	0.0086695
4134	0.00878556
4135	0.00882774
4136	0.00877689
4137	0.00878299
4138	0.00860662
4139	0.009194
4140	0.00860752
4141	0.00880853
4142	0.00914353
4143	0.00888747
4144	0.00877948
4145	0.00878994
4146	0.00862807
4147	0.00926551
4148	0.0091206
4149	0.00923956
4150	0.00945128
4151	0.00982711
4152	0.0100865
4153	0.0101863
4154	0.010991
4155	0.0112199
4156	0.0110499
4157	0.0118112
4158	0.0119433
4159	0.0128382
4160	0.0139531
4161	0.01612
4162	0.0186205
4163	0.0196959
4164	0.0200187
4165	0.020065
4166	0.0191312
4167	0.017986
4168	0.0181244
4169	0.017324
4170	0.0173085
4171	0.0175678
4172	0.0190577
4173	0.0174814
4174	0.017483
4175	0.0173645
4176	0.0169971
4177	0.0173962
4178	0.0170253
4179	0.0168727
4180	0.016776
4181	0.0165677
4182	0.016235
4183	0.0147528
4184	0.0145696
4185	0.0135451
4186	0.0127969
4187	0.0128254
4188	0.0119692
4189	0.0123739
4190	0.012694
4191	0.011829
4192	0.0119015
4193	0.0121464
4194	0.0125035
4195	0.0122044
4196	0.0123648
4197	0.0125513
4198	0.0120454
4199	0.0127287
4200	0.0119576
4201	0.011962
4202	0.0114831
4203	0.011546
4204	0.0130797
4205	0.0135182
4206	0.014574
4207	0.0133584
4208	0.0139485
4209	0.0148102
4210	0.0138993
4211	0.0140608
4212	0.013611
4213	0.0135648
4214	0.0136429
4215	0.0140381
4216	0.0140067
4217	0.0145218
4218	0.0150705
4219	0.0150462
4220	0.0151904
4221	0.0153669
4222	0.0153427
4223	0.0154479
4224	0.0150035
4225	0.0147062
4226	0.0136674
4227	0.0130476
4228	0.0131674
4229	0.0136675
4230	0.0134442
4231	0.013144
4232	0.0126363
4233	0.0115862
4234	0.011087
4235	0.0108831
4236	0.0111235
4237	0.0104986
4238	0.0110318
4239	0.0111394
4240	0.0113059
4241	0.011799
4242	0.012108
4243	0.0121837
4244	0.0116868
4245	0.0121003
4246	0.0117065
4247	0.01178
4248	0.0110911
4249	0.0109631
4250	0.010357
4251	0.0104988
4252	0.0106606
4253	0.0107976
4254	0.0119036
4255	0.0121788
4256	0.0127133
4257	0.0124231
4258	0.013086
4259	0.012754
4260	0.0123093
4261	0.0134358
4262	0.0131071
4263	0.013274
4264	0.014493
4265	0.0147583
4266	0.0159234
4267	0.0151995
4268	0.0153521
4269	0.0145655
4270	0.0141759
4271	0.01467
4272	0.014568
4273	0.014091
4274	0.0143638
4275	0.0138274
4276	0.0128993
4277	0.0132357
4278	0.0131502
4279	0.0130434
4280	0.012787
4281	0.0129448
4282	0.013468
4283	0.0138173
4284	0.0137273
4285	0.0131098
4286	0.0143007
4287	0.0141179
4288	0.0148509
4289	0.0164226
4290	0.0153777
4291	0.0152645
4292	0.0157189
4293	0.0146953
4294	0.0140472
4295	0.0139195
4296	0.0144766
4297	0.0150407
4298	0.0156625
4299	0.0163886
4300	0.015333
4301	0.0140933
4302	0.0135726
4303	0.0140015
4304	0.013763
4305	0.0136061
4306	0.0140877
4307	0.0133052
4308	0.0115352
4309	0.0129141
4310	0.0127129
4311	0.0131
4312	0.0130499
4313	0.012754
4314	0.0132212
4315	0.0133059
4316	0.0135471
4317	0.0134511
4318	0.0139661
4319	0.0134809
4320	0.0146348
4321	0.015845
4322	0.0162876
4323	0.0174951
4324	0.0163495
4325	0.0155636
4326	0.0153303
4327	0.0152503
4328	0.0145012
4329	0.0144285
4330	0.0141486
4331	0.0141159
4332	0.0133945
4333	0.0131088
4334	0.0124852
4335	0.0119652
4336	0.0119272
4337	0.0117546
4338	0.0110097
4339	0.0105682
4340	0.0101635
4341	0.00994175
4342	0.00958809
4343	0.00960937
4344	0.00961523
4345	0.00984313
4346	0.00986447
4347	0.00927401
4348	0.00894952
4349	0.00922714
4350	0.0086271
4351	0.00849886
4352	0.00845185
4353	0.00882634
4354	0.00911984
4355	0.00978198
4356	0.0101347
4357	0.0104483
4358	0.0109249
4359	0.0117903
4360	0.0115268
4361	0.012003
4362	0.0117056
4363	0.0118249
4364	0.0112951
4365	0.0113842
4366	0.0120901
4367	0.012137
4368	0.0116721
4369	0.0109978
4370	0.0117185
4371	0.011882
4372	0.011509
4373	0.0109585
4374	0.0110842
4375	0.0108919
4376	0.0103922
4377	0.0105635
4378	0.0116306
4379	0.0128336
4380	0.0122438
4381	0.0123009
4382	0.0119329
4383	0.0118735
4384	0.0114868
4385	0.0120537
4386	0.0114979
4387	0.0113724
4388	0.011395
4389	0.012022
4390	0.0112105
4391	0.0112706
4392	0.0111331
4393	0.0108905
4394	0.0100958
4395	0.0101914
4396	0.0104074
4397	0.010111
4398	0.00943099
4399	0.00987609
4400	0.00998717
4401	0.0100177
4402	0.0101586
4403	0.0120371
4404	0.0128547
4405	0.0140974
4406	0.0142458
4407	0.0141952
4408	0.01455
4409	0.0156325
4410	0.0170103
4411	0.0188052
4412	0.0185253
4413	0.0188439
4414	0.0177059
4415	0.0169791
4416	0.0169885
4417	0.0177902
4418	0.0175187
4419	0.0174877
4420	0.015973
4421	0.015894
4422	0.0166422
4423	0.0159701
4424	0.0168252
4425	0.0171082
4426	0.0170443
4427	0.0174006
4428	0.0188209
4429	0.0192821
4430	0.0186546
4431	0.0179066
4432	0.01675
4433	0.0164455
4434	0.0169369
4435	0.0164193
4436	0.0163125
4437	0.0166355
4438	0.0159611
4439	0.0153111
4440	0.0151872
4441	0.0140176
4442	0.0144357
4443	0.0147412
4444	0.0138077
4445	0.0129264
4446	0.01356
4447	0.0142409
4448	0.0140733
4449	0.0132703
4450	0.0138723
4451	0.0137506
4452	0.0139926
4453	0.0139719
4454	0.0132023
4455	0.0133708
4456	0.0128804
4457	0.0125165
4458	0.0123353
4459	0.0123157
4460	0.0123953
4461	0.0120224
4462	0.0117766
4463	0.012236
4464	0.0118385
4465	0.0113659
4466	0.0110255
4467	0.0109064
4468	0.0111763
4469	0.0105983
4470	0.00973178
4471	0.0100086
4472	0.00982449
4473	0.00946048
4474	0.00941093
4475	0.00902799
4476	0.00911167
4477	0.0088798
4478	0.00926529
4479	0.00909666
4480	0.00922712
4481	0.00882554
4482	0.00889518
4483	0.00901179
4484	0.00935858
4485	0.00918711
4486	0.00899394
4487	0.00872658
4488	0.00895923
4489	0.00922059
4490	0.00892966
4491	0.00901744
4492	0.00849158
4493	0.00839299
4494	0.0086619
4495	0.00891151
4496	0.00877777
4497	0.00894844
4498	0.0101419
4499	0.00979556
4500	0.00931289
4501	0.00936424
4502	0.00976026
4503	0.0110223
4504	0.0111128
4505	0.0119738
4506	0.012719
4507	0.0122908
4508	0.0122543
4509	0.0127039
4510	0.0125395
4511	0.013124
4512	0.0136686
4513	0.0136099
4514	0.0138073
4515	0.0140054
4516	0.0136588
4517	0.0136796
4518	0.0144767
4519	0.0146603
4520	0.0139111
4521	0.0144046
4522	0.0145471
4523	0.0141726
4524	0.0145539
4525	0.0146152
4526	0.0146682
4527	0.0142731
4528	0.0154575
4529	0.0158571
4530	0.0151609
4531	0.0162119
4532	0.0174366
4533	0.0177248
4534	0.0193207
4535	0.019447
4536	0.0195267
4537	0.0188713
4538	0.0192378
4539	0.017859
4540	0.0177366
4541	0.0177418
4542	0.0181151
4543	0.0189064
4544	0.0198544
4545	0.0190739
4546	0.0186115
4547	0.0197246
4548	0.0193834
4549	0.0188933
4550	0.0203466
4551	0.0205643
4552	0.0192046
4553	0.0192199
4554	0.0192541
4555	0.0188379
4556	0.0184267
4557	0.0181861
4558	0.0180615
4559	0.0166841
4560	0.0166745
4561	0.016928
4562	0.0159087
4563	0.015359
4564	0.0150034
4565	0.0144051
4566	0.0137451
4567	0.013386
4568	0.0126081
4569	0.0133136
4570	0.0128387
4571	0.0124344
4572	0.011545
4573	0.0108938
4574	0.0111318
4575	0.0112555
4576	0.0112149
4577	0.0112235
4578	0.0111864
4579	0.0110845
4580	0.0102444
4581	0.0102904
4582	0.010459
4583	0.00974534
4584	0.00921885
4585	0.00912253
4586	0.00899784
4587	0.00905579
4588	0.0092147
4589	0.00934517
4590	0.00917302
4591	0.00912565
4592	0.00870657
4593	0.00923222
4594	0.00934007
4595	0.0091404
4596	0.00949252
4597	0.00956224
4598	0.00926227
4599	0.00885682
4600	0.00888628
4601	0.00887326
4602	0.00879492
4603	0.00922781
4604	0.00919309
4605	0.00868011
4606	0.00950272
4607	0.00935473
4608	0.00877181
4609	0.0097283
4610	0.010622
4611	0.0107737
4612	0.0103637
4613	0.0104854
4614	0.0102377
4615	0.0099505
4616	0.0108373
4617	0.0114379
4618	0.0110412
4619	0.010837
4620	0.0107185
4621	0.0117952
4622	0.0117603
4623	0.0116132
4624	0.0112366
4625	0.0108702
4626	0.0105001
4627	0.010651
4628	0.010642
4629	0.0108251
4630	0.0115074
4631	0.0118256
4632	0.0118155
4633	0.0121417
4634	0.0122461
4635	0.0136017
4636	0.0138337
4637	0.0151266
4638	0.014093
4639	0.0153228
4640	0.0150357
4641	0.015968
4642	0.0162671
4643	0.0163615
4644	0.0155355
4645	0.0153274
4646	0.0156376
4647	0.0160525
4648	0.0155571
4649	0.0147677
4650	0.0150893
4651	0.0159306
4652	0.0153113
4653	0.0147739
4654	0.0155238
4655	0.0147549
4656	0.0140097
4657	0.0138868
4658	0.0131792
4659	0.014208
4660	0.0148228
4661	0.0155468
4662	0.016116
4663	0.0165619
4664	0.0160762
4665	0.0150491
4666	0.0144855
4667	0.0135207
4668	0.0133021
4669	0.0131941
4670	0.013545
4671	0.0131061
4672	0.0127229
4673	0.0130133
4674	0.0130418
4675	0.0130547
4676	0.0141473
4677	0.0143216
4678	0.0139765
4679	0.0132207
4680	0.0141688
4681	0.0134257
4682	0.0146307
4683	0.0141664
4684	0.0138718
4685	0.0151009
4686	0.0151099
4687	0.013962
4688	0.0136555
4689	0.0146913
4690	0.0147313
4691	0.0149079
4692	0.0147324
4693	0.0152587
4694	0.0155036
4695	0.0154466
4696	0.0154986
4697	0.0154917
4698	0.0143222
4699	0.0146324
4700	0.0146309
4701	0.0153651
4702	0.0151533
4703	0.014774
4704	0.0138004
4705	0.0139356
4706	0.0140933
4707	0.0134879
4708	0.0140171
4709	0.013413
4710	0.012687
4711	0.0135905
4712	0.0124919
4713	0.0143216
4714	0.0143164
4715	0.0145125
4716	0.0149461
4717	0.0154838
4718	0.0154905
4719	0.0155064
4720	0.0155395
4721	0.0157476
4722	0.015509
4723	0.0151984
4724	0.0155345
4725	0.0145693
4726	0.0145369
4727	0.0149293
4728	0.0147069
4729	0.016171
4730	0.0164031
4731	0.0168026
4732	0.0162055
4733	0.0160871
4734	0.0159484
4735	0.0151553
4736	0.0151597
4737	0.0155312
4738	0.0146475
4739	0.0139035
4740	0.012694
4741	0.0119039
4742	0.0116455
4743	0.0113774
4744	0.0109492
4745	0.0111963
4746	0.0113393
4747	0.0111516
4748	0.0105516
4749	0.0101579
4750	0.0104963
4751	0.0107159
4752	0.0102693
4753	0.0098611
4754	0.0100272
4755	0.0100706
4756	0.00988422
4757	0.0100588
4758	0.0106079
4759	0.0104093
4760	0.0101283
4761	0.0101495
4762	0.0107097
4763	0.011244
4764	0.010869
4765	0.0106247
4766	0.0114994
4767	0.0111979
4768	0.0116316
4769	0.0110702
4770	0.0110023
4771	0.0119839
4772	0.0122217
4773	0.0120912
4774	0.0110768
4775	0.010836
4776	0.0104091
4777	0.0109469
4778	0.0114899
4779	0.0120714
4780	0.0111557
4781	0.010424
4782	0.010394
4783	0.00991239
4784	0.00995701
4785	0.00988021
4786	0.0107272
4787	0.0115966
4788	0.0112027
4789	0.0112942
4790	0.0114186
4791	0.011128
4792	0.0109198
4793	0.0107052
4794	0.0104427
4795	0.0103279
4796	0.0113832
4797	0.0116174
4798	0.0111606
4799	0.0113801
4800	0.0111502
4801	0.0111014
4802	0.0106351
4803	0.0113327
4804	0.0113449
4805	0.0113996
4806	0.0116073
4807	0.012657
4808	0.014354
4809	0.0143047
4810	0.0151235
4811	0.0144013
4812	0.0132058
4813	0.0127227
4814	0.0133387
4815	0.0129852
4816	0.0126524
4817	0.0130902
4818	0.0139447
4819	0.0140582
4820	0.0132584
4821	0.0133634
4822	0.0140411
4823	0.0145118
4824	0.0150267
4825	0.0147484
4826	0.0146354
4827	0.0143722
4828	0.0143537
4829	0.014087
4830	0.0144236
4831	0.0156696
4832	0.0157968
4833	0.0160433
4834	0.016859
4835	0.0168463
4836	0.0168837
4837	0.0178461
4838	0.0185594
4839	0.0186825
4840	0.019097
4841	0.0192918
4842	0.0198102
4843	0.0193633
4844	0.0205365
4845	0.0195542
4846	0.0192184
4847	0.0182057
4848	0.0180309
4849	0.0174478
4850	0.0162994
4851	0.0154824
4852	0.0142234
4853	0.0144791
4854	0.0142139
4855	0.0144421
4856	0.0136102
4857	0.0123809
4858	0.0120541
4859	0.0118506
4860	0.0119665
4861	0.0124098
4862	0.0128504
4863	0.0135455
4864	0.0130702
4865	0.0128684
4866	0.0123082
4867	0.0124671
4868	0.0128818
4869	0.0134056
4870	0.0135638
4871	0.0133537
4872	0.0136397
4873	0.0137828
4874	0.0127509
4875	0.012785
4876	0.0130549
4877	0.0132579
4878	0.0135201
4879	0.0125517
4880	0.0130772
4881	0.0132508
4882	0.0134019
4883	0.014311
4884	0.0141478
4885	0.0136682
4886	0.0136583
4887	0.0136177
4888	0.0137719
4889	0.0140966
4890	0.0137955
4891	0.0143852
4892	0.0141263
4893	0.0148902
4894	0.0142434
4895	0.0138349
4896	0.0137175
4897	0.0133724
4898	0.0133302
4899	0.0124226
4900	0.0132088
4901	0.0134371
4902	0.0130663
4903	0.0124583
4904	0.012719
4905	0.0133733
4906	0.012686
4907	0.0126731
4908	0.0133572
4909	0.0126052
4910	0.0125098
4911	0.0122278
4912	0.0131266
4913	0.012946
4914	0.0125498
4915	0.0124773
4916	0.0123021
4917	0.0116519
4918	0.011847
4919	0.011213
4920	0.0109909
4921	0.010886
4922	0.0100387
4923	0.0104728
4924	0.0103913
4925	0.0100873
4926	0.0112767
4927	0.0108945
4928	0.011061
4929	0.0118718
4930	0.0115101
4931	0.0121465
4932	0.0118702
4933	0.0125903
4934	0.012968
4935	0.0125789
4936	0.0130162
4937	0.0128213
4938	0.0128213
4939	0.0122526
4940	0.012056
4941	0.0121893
4942	0.011719
4943	0.0109947
4944	0.0110534
4945	0.0117657
4946	0.0113926
4947	0.0112698
4948	0.0107029
4949	0.0110508
4950	0.0100577
4951	0.0104166
4952	0.0102269
4953	0.00940318
4954	0.00999203
4955	0.00948952
4956	0.0093251
4957	0.00923196
4958	0.00928457
4959	0.00867755
4960	0.00913744
4961	0.00993992
4962	0.00905122
4963	0.00964024
4964	0.0104043
4965	0.010747
4966	0.0103852
4967	0.0100766
4968	0.00962531
4969	0.00989392
4970	0.00974341
4971	0.00953364
4972	0.00919028
4973	0.009117
4974	0.00878751
4975	0.00901226
4976	0.00904947
4977	0.00873996
4978	0.00890583
4979	0.00870344
4980	0.00926049
4981	0.00940456
4982	0.0092331
4983	0.00933392
4984	0.0101607
4985	0.0105504
4986	0.0109425
4987	0.0120231
4988	0.0125568
4989	0.0132626
4990	0.0137534
4991	0.0140921
4992	0.0156345
4993	0.0160362
4994	0.0147191
4995	0.0167038
4996	0.0180038
4997	0.0187824
4998	0.0184115
4999	0.0202341
5000	0.0204207
