#realizzazioni=200

0	0.01
1	0.0169455
2	0.0281368
3	0.0459457
4	0.0717616
5	0.107626
6	0.154376
7	0.205869
8	0.254076
9	0.287042
10	0.303167
11	0.301824
12	0.287104
13	0.263074
14	0.233705
15	0.204898
16	0.176804
17	0.15082
18	0.127796
19	0.107964
20	0.0907573
21	0.0762852
22	0.0640239
23	0.0536409
24	0.0448411
25	0.0376268
26	0.0315839
27	0.0265438
28	0.0222827
29	0.0188025
30	0.0158754
31	0.0134623
32	0.0114141
33	0.00971191
34	0.0082842
35	0.00709733
36	0.00609723
37	0.00525292
38	0.0045328
39	0.00392666
40	0.00341204
41	0.00297474
42	0.00259279
43	0.00227132
44	0.00199937
45	0.00176164
46	0.00155546
47	0.00137828
48	0.00122994
49	0.00109618
50	0.000979463
51	0.000881151
52	0.000793028
53	0.000715648
54	0.000647832
55	0.000586683
56	0.000534643
57	0.000487371
58	0.000445395
59	0.000409346
60	0.000376868
61	0.000348845
62	0.000323059
63	0.000298533
64	0.000277868
65	0.000261042
66	0.00024453
67	0.000229857
68	0.000216689
69	0.000204583
70	0.000193499
71	0.000183995
72	0.000175422
73	0.000167575
74	0.000160595
75	0.000153855
76	0.00014835
77	0.000143477
78	0.000139083
79	0.000135939
80	0.00013214
81	0.000129692
82	0.000126983
83	0.000125576
84	0.00012394
85	0.000122672
86	0.000121698
87	0.000121074
88	0.000121006
89	0.000120927
90	0.000122247
91	0.000122406
92	0.000123928
93	0.000125139
94	0.000126668
95	0.000128716
96	0.000130056
97	0.000132245
98	0.00013682
99	0.000140065
100	0.000144343
101	0.000148581
102	0.000152536
103	0.000158611
104	0.000164778
105	0.000171511
106	0.000177495
107	0.000185109
108	0.000192632
109	0.000201452
110	0.000212521
111	0.000223726
112	0.00023507
113	0.000249182
114	0.000262435
115	0.000279657
116	0.000298241
117	0.000319219
118	0.000340856
119	0.000366184
120	0.000390758
121	0.000421513
122	0.000454069
123	0.000491228
124	0.000537601
125	0.000584566
126	0.000639523
127	0.000692045
128	0.000754819
129	0.000819475
130	0.000895888
131	0.000978065
132	0.00107382
133	0.00118099
134	0.00130633
135	0.00145342
136	0.00160952
137	0.00179637
138	0.00200161
139	0.00223687
140	0.00247074
141	0.00278734
142	0.00312526
143	0.00348747
144	0.00390091
145	0.00438188
146	0.004952
147	0.00555255
148	0.00620949
149	0.00694964
150	0.00773272
151	0.00865532
152	0.00963032
153	0.0107557
154	0.0120443
155	0.0133947
156	0.0147902
157	0.0163398
158	0.0180576
159	0.0199989
160	0.0219618
161	0.0238124
162	0.0258307
163	0.0279168
164	0.0301747
165	0.0322959
166	0.0343287
167	0.0364163
168	0.0383524
169	0.0400441
170	0.0418186
171	0.043289
172	0.0447882
173	0.0454932
174	0.0461699
175	0.0465624
176	0.0464444
177	0.0463932
178	0.0459567
179	0.0451826
180	0.0444411
181	0.0431414
182	0.0420466
183	0.0404452
184	0.0391282
185	0.0373996
186	0.0356857
187	0.0339001
188	0.0320872
189	0.0304519
190	0.0287798
191	0.0271729
192	0.0256487
193	0.024153
194	0.0228489
195	0.0214707
196	0.0202016
197	0.018949
198	0.0178296
199	0.0167819
200	0.0157629
201	0.0148205
202	0.0139519
203	0.0131611
204	0.0124168
205	0.0117432
206	0.0111335
207	0.01058
208	0.0100263
209	0.00948591
210	0.00901077
211	0.0085646
212	0.00814946
213	0.00776917
214	0.00746252
215	0.00713965
216	0.00683573
217	0.00658034
218	0.00634176
219	0.00612538
220	0.00592
221	0.00571556
222	0.00552874
223	0.0053729
224	0.00520247
225	0.00506303
226	0.00493538
227	0.00481401
228	0.00469961
229	0.00461893
230	0.0045429
231	0.00449277
232	0.00443417
233	0.00440193
234	0.00436108
235	0.00431515
236	0.00428602
237	0.00428699
238	0.00425304
239	0.00425588
240	0.00423901
241	0.00425282
242	0.00428146
243	0.00430165
244	0.00436777
245	0.00441762
246	0.00447451
247	0.00454592
248	0.00461745
249	0.00471278
250	0.00478
251	0.00489352
252	0.00498104
253	0.00508485
254	0.00521113
255	0.00533865
256	0.00545811
257	0.00561162
258	0.00578496
259	0.00596525
260	0.00615689
261	0.00635501
262	0.00655439
263	0.00676091
264	0.00697828
265	0.00720263
266	0.0074341
267	0.00771652
268	0.00794492
269	0.00826766
270	0.00856578
271	0.00889199
272	0.00923613
273	0.00951921
274	0.00985397
275	0.0103135
276	0.0106912
277	0.0111216
278	0.0115214
279	0.0119049
280	0.0123974
281	0.0128433
282	0.0133054
283	0.0137406
284	0.0142763
285	0.0147318
286	0.0152705
287	0.0157524
288	0.0162989
289	0.0168311
290	0.0173857
291	0.0178098
292	0.0183387
293	0.0187487
294	0.0192312
295	0.0195488
296	0.0200428
297	0.0203751
298	0.0208165
299	0.0211253
300	0.0214204
301	0.0216901
302	0.0219034
303	0.0220718
304	0.022323
305	0.022425
306	0.0224463
307	0.0223913
308	0.022366
309	0.0222979
310	0.022211
311	0.0221422
312	0.0219763
313	0.0218017
314	0.0216477
315	0.0213999
316	0.0212304
317	0.0209838
318	0.0206409
319	0.0202266
320	0.019989
321	0.0195302
322	0.0191379
323	0.0187075
324	0.0182546
325	0.0178889
326	0.0175039
327	0.0171305
328	0.0167995
329	0.016392
330	0.0160564
331	0.0157633
332	0.0153669
333	0.0149588
334	0.0146127
335	0.0142865
336	0.0138979
337	0.0135432
338	0.0132002
339	0.0129398
340	0.0126346
341	0.0123252
342	0.0120247
343	0.0117935
344	0.0115871
345	0.0113489
346	0.0111868
347	0.0109792
348	0.0108406
349	0.0106454
350	0.0105014
351	0.0103205
352	0.0101182
353	0.00994911
354	0.00980984
355	0.00967163
356	0.00952396
357	0.0094358
358	0.00942184
359	0.00930604
360	0.00923862
361	0.009166
362	0.00914223
363	0.00910527
364	0.00902336
365	0.00898703
366	0.0089428
367	0.00894195
368	0.00890425
369	0.0088703
370	0.00885803
371	0.00886093
372	0.00883717
373	0.00885828
374	0.00888292
375	0.00894861
376	0.00900133
377	0.00900187
378	0.00905586
379	0.00910025
380	0.00917982
381	0.00925177
382	0.00934943
383	0.00940135
384	0.00948278
385	0.00956125
386	0.00964538
387	0.00978609
388	0.00992593
389	0.0100122
390	0.0101812
391	0.010341
392	0.0104996
393	0.0106518
394	0.0108273
395	0.0110628
396	0.0111872
397	0.011365
398	0.0115432
399	0.0117186
400	0.0118458
401	0.0120304
402	0.0122239
403	0.0123505
404	0.0125066
405	0.0126652
406	0.0128116
407	0.0130221
408	0.0132137
409	0.0133682
410	0.0134983
411	0.0136993
412	0.013826
413	0.0140438
414	0.0142121
415	0.0143739
416	0.0145178
417	0.0147413
418	0.0148943
419	0.0150986
420	0.0152872
421	0.015444
422	0.0156493
423	0.0157067
424	0.0158727
425	0.0158918
426	0.015992
427	0.0161111
428	0.0162111
429	0.0161725
430	0.0162052
431	0.0162388
432	0.016312
433	0.0162711
434	0.0163975
435	0.0164326
436	0.016458
437	0.0163155
438	0.0163758
439	0.0163379
440	0.0163301
441	0.0163307
442	0.0162424
443	0.0162189
444	0.0161711
445	0.0160599
446	0.0159381
447	0.01587
448	0.0156766
449	0.0155457
450	0.0154302
451	0.0153243
452	0.0151855
453	0.0150373
454	0.0148717
455	0.0147934
456	0.0146845
457	0.0145702
458	0.0143946
459	0.0141773
460	0.0141041
461	0.0139032
462	0.0137692
463	0.0135963
464	0.0134528
465	0.0133156
466	0.0131812
467	0.0130525
468	0.0129482
469	0.0128823
470	0.0127347
471	0.0126003
472	0.0125592
473	0.0125597
474	0.0124182
475	0.0123947
476	0.0123058
477	0.0122519
478	0.0121735
479	0.0121241
480	0.0119947
481	0.0118858
482	0.0118736
483	0.0118265
484	0.0117585
485	0.0116995
486	0.0116932
487	0.0116478
488	0.0116309
489	0.0115876
490	0.0115405
491	0.0115602
492	0.0115624
493	0.0115494
494	0.0115485
495	0.0115411
496	0.011538
497	0.01153
498	0.0114989
499	0.0115015
500	0.0115309
501	0.0115067
502	0.0115711
503	0.0115135
504	0.011522
505	0.011558
506	0.0115814
507	0.0116638
508	0.0116889
509	0.0117662
510	0.0118324
511	0.0119044
512	0.0119678
513	0.0119941
514	0.0120916
515	0.0121235
516	0.0121983
517	0.0122133
518	0.0122541
519	0.0123645
520	0.0123619
521	0.0124371
522	0.0124861
523	0.0125823
524	0.0125693
525	0.0125864
526	0.0126961
527	0.0127961
528	0.0128361
529	0.0129356
530	0.0129739
531	0.012974
532	0.0129828
533	0.013116
534	0.0131083
535	0.013176
536	0.0131923
537	0.0132598
538	0.0132943
539	0.0133383
540	0.0133966
541	0.01345
542	0.0134762
543	0.0135097
544	0.0135255
545	0.0136671
546	0.0137541
547	0.0137787
548	0.0138343
549	0.0139016
550	0.0139241
551	0.0139609
552	0.0139486
553	0.0140078
554	0.0140829
555	0.0140665
556	0.0140954
557	0.0140621
558	0.0140184
559	0.0140185
560	0.0140048
561	0.014108
562	0.0141314
563	0.0141262
564	0.0141162
565	0.0141424
566	0.0141194
567	0.0140961
568	0.0140024
569	0.0139927
570	0.0139424
571	0.0139328
572	0.0139417
573	0.0138303
574	0.0138084
575	0.0138334
576	0.013779
577	0.0138269
578	0.0138374
579	0.0137798
580	0.0137658
581	0.0137699
582	0.0137446
583	0.0136908
584	0.0136881
585	0.0137153
586	0.0137182
587	0.0135989
588	0.0135406
589	0.0135035
590	0.013531
591	0.0134832
592	0.0135182
593	0.0135425
594	0.0135306
595	0.0135688
596	0.0135226
597	0.013435
598	0.0134243
599	0.0133094
600	0.0132812
601	0.0132319
602	0.0131547
603	0.0132136
604	0.0131605
605	0.0131318
606	0.0131027
607	0.0131312
608	0.0130143
609	0.0129613
610	0.012972
611	0.0129392
612	0.0128861
613	0.0128184
614	0.0129013
615	0.0129303
616	0.0128623
617	0.0128509
618	0.0127948
619	0.012684
620	0.0126307
621	0.012684
622	0.0127353
623	0.0126681
624	0.0126443
625	0.0126189
626	0.0125671
627	0.012569
628	0.012575
629	0.0125693
630	0.0125428
631	0.0125538
632	0.012514
633	0.0125145
634	0.0124642
635	0.0124245
636	0.0124011
637	0.0124513
638	0.0123931
639	0.0123515
640	0.0123353
641	0.0123165
642	0.0123324
643	0.012433
644	0.0124558
645	0.0124365
646	0.012448
647	0.0124467
648	0.0125042
649	0.0125233
650	0.0125041
651	0.012556
652	0.0125521
653	0.0125121
654	0.0125071
655	0.0125918
656	0.0125793
657	0.0126176
658	0.0126394
659	0.0127106
660	0.0127177
661	0.0127219
662	0.0127679
663	0.012742
664	0.0127916
665	0.0128913
666	0.0129979
667	0.013035
668	0.0130341
669	0.0131224
670	0.01317
671	0.0132306
672	0.0133213
673	0.0133523
674	0.013384
675	0.0134547
676	0.0134733
677	0.0134916
678	0.0135191
679	0.013494
680	0.0134733
681	0.0134712
682	0.0134453
683	0.0134431
684	0.0134761
685	0.0135708
686	0.0136109
687	0.0135878
688	0.0136965
689	0.0136813
690	0.0136964
691	0.0136932
692	0.0137036
693	0.0136672
694	0.0136543
695	0.0136704
696	0.0136664
697	0.0137781
698	0.013824
699	0.0138226
700	0.013754
701	0.0137724
702	0.0137304
703	0.0136892
704	0.0136583
705	0.0137094
706	0.013686
707	0.0137196
708	0.0136903
709	0.0137302
710	0.0137215
711	0.0136607
712	0.0135789
713	0.0135195
714	0.0135264
715	0.0135183
716	0.0134766
717	0.0135053
718	0.0134425
719	0.0134155
720	0.0134333
721	0.0133759
722	0.013346
723	0.0132918
724	0.0133426
725	0.0133419
726	0.0133672
727	0.0133421
728	0.0132842
729	0.0132247
730	0.0132434
731	0.0132347
732	0.0132449
733	0.0132658
734	0.0132846
735	0.0132272
736	0.013143
737	0.0131308
738	0.0130988
739	0.0131014
740	0.0130623
741	0.0129675
742	0.0129602
743	0.0129695
744	0.0129213
745	0.01287
746	0.0128309
747	0.0128062
748	0.012774
749	0.0127203
750	0.0127049
751	0.0126996
752	0.0127152
753	0.0127099
754	0.0127019
755	0.0126879
756	0.0126587
757	0.0126867
758	0.0126889
759	0.0127015
760	0.0127154
761	0.0127184
762	0.0126982
763	0.0126451
764	0.0126613
765	0.0126711
766	0.0127304
767	0.012843
768	0.0128261
769	0.0128176
770	0.0127389
771	0.0127126
772	0.0127673
773	0.0127962
774	0.0127396
775	0.0127574
776	0.0127265
777	0.0128373
778	0.0128481
779	0.0128534
780	0.0128002
781	0.012798
782	0.0128179
783	0.0128408
784	0.0128404
785	0.0127609
786	0.012827
787	0.0127997
788	0.0128054
789	0.0128494
790	0.0128842
791	0.012876
792	0.0129896
793	0.0130693
794	0.0131385
795	0.0132189
796	0.0131855
797	0.0132421
798	0.0132571
799	0.0132179
800	0.0132184
801	0.0131973
802	0.013194
803	0.013231
804	0.0132643
805	0.0132671
806	0.0133421
807	0.0133473
808	0.0133122
809	0.0133444
810	0.0133672
811	0.0132984
812	0.0132762
813	0.0133668
814	0.0134203
815	0.0134532
816	0.013511
817	0.013542
818	0.0135588
819	0.013604
820	0.0136415
821	0.0136445
822	0.0136701
823	0.0136706
824	0.0136831
825	0.0137275
826	0.0136682
827	0.0136305
828	0.0137427
829	0.0137155
830	0.0137571
831	0.0137151
832	0.0136818
833	0.0137012
834	0.0136892
835	0.0135732
836	0.0135531
837	0.0135948
838	0.0135794
839	0.0135542
840	0.013496
841	0.0135505
842	0.0134686
843	0.0134331
844	0.0133512
845	0.0133906
846	0.0133351
847	0.0133012
848	0.013276
849	0.0132334
850	0.0132305
851	0.0131891
852	0.0131435
853	0.0131272
854	0.0130608
855	0.0130889
856	0.0130862
857	0.0131422
858	0.0130399
859	0.012955
860	0.0129462
861	0.0129447
862	0.0129307
863	0.0129172
864	0.0128919
865	0.012885
866	0.0128055
867	0.0128174
868	0.0127213
869	0.0128037
870	0.012924
871	0.0128584
872	0.0128511
873	0.0128816
874	0.0128366
875	0.0128264
876	0.0127675
877	0.0128371
878	0.0129366
879	0.0129363
880	0.0129511
881	0.0129337
882	0.0129156
883	0.0129025
884	0.0129302
885	0.0129462
886	0.0128935
887	0.0129756
888	0.0130462
889	0.0130664
890	0.0130797
891	0.0130699
892	0.0130082
893	0.013085
894	0.0130696
895	0.013051
896	0.0129457
897	0.0129596
898	0.0129378
899	0.0129399
900	0.0130166
901	0.0129901
902	0.0130551
903	0.0130936
904	0.0130798
905	0.0130034
906	0.0129838
907	0.01295
908	0.0129768
909	0.0128692
910	0.0128692
911	0.0128903
912	0.0129374
913	0.0129615
914	0.0130276
915	0.0131081
916	0.0131323
917	0.0131643
918	0.0131334
919	0.0131962
920	0.0131519
921	0.0131118
922	0.013129
923	0.0131755
924	0.0132677
925	0.0132341
926	0.0132207
927	0.0132288
928	0.013262
929	0.0132864
930	0.0132603
931	0.0132293
932	0.013258
933	0.0132902
934	0.0132719
935	0.0132718
936	0.0132977
937	0.0133263
938	0.0133629
939	0.0133331
940	0.0133076
941	0.013297
942	0.0133423
943	0.0133658
944	0.0133213
945	0.0133341
946	0.013451
947	0.0134629
948	0.0135113
949	0.0134835
950	0.0134577
951	0.0134354
952	0.0133624
953	0.0133546
954	0.0133154
955	0.0133045
956	0.0133117
957	0.0132454
958	0.0132844
959	0.0132478
960	0.013211
961	0.0131723
962	0.0131703
963	0.0131739
964	0.0131545
965	0.013189
966	0.013147
967	0.0131426
968	0.0131053
969	0.0131265
970	0.0130484
971	0.0130139
972	0.0130696
973	0.0129912
974	0.0129934
975	0.0130418
976	0.0130869
977	0.0131131
978	0.013166
979	0.013136
980	0.0131401
981	0.0131672
982	0.0131685
983	0.0132629
984	0.0132241
985	0.0131488
986	0.0131295
987	0.0130684
988	0.0130728
989	0.0131049
990	0.0130901
991	0.0131464
992	0.0131404
993	0.0131448
994	0.0131233
995	0.0131657
996	0.013203
997	0.0131542
998	0.0131154
999	0.0130247
1000	0.0130165
1001	0.0129714
1002	0.0129569
1003	0.012994
1004	0.0129747
1005	0.0129725
1006	0.0129668
1007	0.0129669
1008	0.0129722
1009	0.0129697
1010	0.0129448
1011	0.0129981
1012	0.0130237
1013	0.0130665
1014	0.0130852
1015	0.0130292
1016	0.0130053
1017	0.0130011
1018	0.012965
1019	0.0129528
1020	0.0130483
1021	0.013032
1022	0.0130554
1023	0.0130164
1024	0.0130469
1025	0.0130601
1026	0.0131326
1027	0.0130371
1028	0.0129716
1029	0.0130102
1030	0.012977
1031	0.0128758
1032	0.0128442
1033	0.0128859
1034	0.012893
1035	0.0128379
1036	0.0129318
1037	0.01293
1038	0.0128891
1039	0.0128757
1040	0.012882
1041	0.0129094
1042	0.0129088
1043	0.0128719
1044	0.0129254
1045	0.0129722
1046	0.0129602
1047	0.0129638
1048	0.0129559
1049	0.0130081
1050	0.0130104
1051	0.0130069
1052	0.0129786
1053	0.013051
1054	0.0130475
1055	0.0130513
1056	0.0130596
1057	0.0130222
1058	0.0130175
1059	0.0130547
1060	0.0130805
1061	0.0130284
1062	0.0131139
1063	0.0131407
1064	0.0131438
1065	0.0131299
1066	0.0131485
1067	0.0131611
1068	0.0132215
1069	0.0133103
1070	0.0133293
1071	0.0133205
1072	0.0132964
1073	0.0132763
1074	0.0133544
1075	0.0133185
1076	0.0133185
1077	0.0134052
1078	0.0134142
1079	0.0134915
1080	0.0135009
1081	0.0134691
1082	0.0135125
1083	0.0135449
1084	0.0134842
1085	0.0134432
1086	0.0134628
1087	0.0133905
1088	0.0134054
1089	0.0133589
1090	0.0133331
1091	0.0133194
1092	0.0133509
1093	0.0134266
1094	0.0134085
1095	0.0134445
1096	0.0134164
1097	0.0133379
1098	0.0133228
1099	0.013272
1100	0.0132986
1101	0.0133372
1102	0.0133137
1103	0.0132848
1104	0.0133349
1105	0.0133378
1106	0.0133378
1107	0.0133334
1108	0.0133657
1109	0.0133331
1110	0.0133483
1111	0.0133356
1112	0.0132993
1113	0.0132134
1114	0.0131898
1115	0.0130797
1116	0.0131067
1117	0.0130505
1118	0.0130286
1119	0.0130095
1120	0.0129838
1121	0.0130034
1122	0.0129923
1123	0.0130122
1124	0.0129426
1125	0.0129404
1126	0.012936
1127	0.0129212
1128	0.012919
1129	0.0129053
1130	0.0129069
1131	0.0130125
1132	0.0130484
1133	0.0130674
1134	0.0130749
1135	0.0131522
1136	0.0131086
1137	0.0131011
1138	0.0131323
1139	0.0131643
1140	0.0131395
1141	0.013208
1142	0.0132587
1143	0.0132033
1144	0.0132083
1145	0.0132236
1146	0.0132377
1147	0.0132662
1148	0.013313
1149	0.013418
1150	0.0133776
1151	0.0133849
1152	0.0133359
1153	0.0132881
1154	0.013324
1155	0.0132553
1156	0.0132832
1157	0.0132722
1158	0.0132062
1159	0.0131825
1160	0.0131554
1161	0.0131215
1162	0.0132012
1163	0.0132111
1164	0.0131548
1165	0.0131429
1166	0.0131071
1167	0.0131186
1168	0.0131305
1169	0.0130806
1170	0.0131008
1171	0.0131406
1172	0.0131372
1173	0.0132147
1174	0.0131667
1175	0.0131563
1176	0.0131569
1177	0.013179
1178	0.0132344
1179	0.0132035
1180	0.0131715
1181	0.0131164
1182	0.0132063
1183	0.0131559
1184	0.0130938
1185	0.0131354
1186	0.0130728
1187	0.0131109
1188	0.0130904
1189	0.0129907
1190	0.0129549
1191	0.013011
1192	0.012992
1193	0.0130644
1194	0.0131016
1195	0.0131519
1196	0.0131598
1197	0.0131051
1198	0.0131268
1199	0.0131618
1200	0.0132339
1201	0.0132382
1202	0.0131923
1203	0.013111
1204	0.0131507
1205	0.0131111
1206	0.0131703
1207	0.0131639
1208	0.0131039
1209	0.013069
1210	0.013094
1211	0.0131406
1212	0.0131237
1213	0.013156
1214	0.0131222
1215	0.0130904
1216	0.01309
1217	0.0131275
1218	0.0131022
1219	0.0131143
1220	0.0130971
1221	0.0130465
1222	0.0130229
1223	0.0129701
1224	0.0130392
1225	0.0130147
1226	0.0130414
1227	0.013051
1228	0.0130361
1229	0.0130503
1230	0.0131419
1231	0.0131889
1232	0.0132266
1233	0.013255
1234	0.0132083
1235	0.0132307
1236	0.0132134
1237	0.0132076
1238	0.0132433
1239	0.0133018
1240	0.0132564
1241	0.0132803
1242	0.0133151
1243	0.0132282
1244	0.0133431
1245	0.0133767
1246	0.0134467
1247	0.0134264
1248	0.0134819
1249	0.0134096
1250	0.0134678
1251	0.0135289
1252	0.0135011
1253	0.0134684
1254	0.013494
1255	0.0135229
1256	0.0135507
1257	0.0136102
1258	0.0136222
1259	0.0135404
1260	0.0135201
1261	0.0135258
1262	0.0134527
1263	0.0134277
1264	0.0134279
1265	0.0134828
1266	0.013475
1267	0.0134389
1268	0.0133691
1269	0.0133402
1270	0.0133063
1271	0.0133783
1272	0.0133576
1273	0.0133623
1274	0.0133271
1275	0.0133549
1276	0.0133718
1277	0.0134057
1278	0.0134251
1279	0.0134542
1280	0.0134015
1281	0.0134073
1282	0.0133389
1283	0.0132245
1284	0.013207
1285	0.0131576
1286	0.0131424
1287	0.0131082
1288	0.0130609
1289	0.0130454
1290	0.0130526
1291	0.0130011
1292	0.0129975
1293	0.012995
1294	0.0129233
1295	0.0128978
1296	0.0128702
1297	0.0129414
1298	0.0129457
1299	0.0129273
1300	0.0128516
1301	0.0128271
1302	0.0127657
1303	0.0127013
1304	0.0127496
1305	0.0127785
1306	0.0127244
1307	0.0127533
1308	0.01277
1309	0.0127439
1310	0.012767
1311	0.0127973
1312	0.012765
1313	0.0127189
1314	0.0127147
1315	0.0127309
1316	0.0127774
1317	0.0127743
1318	0.0127901
1319	0.0128141
1320	0.0128467
1321	0.0128919
1322	0.0129405
1323	0.0129938
1324	0.012982
1325	0.0129537
1326	0.0129356
1327	0.0129337
1328	0.012936
1329	0.0129576
1330	0.0129279
1331	0.0129088
1332	0.0128565
1333	0.0128366
1334	0.01285
1335	0.0129387
1336	0.0129524
1337	0.0129411
1338	0.012926
1339	0.0129528
1340	0.0129793
1341	0.0130116
1342	0.0129862
1343	0.013065
1344	0.0131168
1345	0.0130817
1346	0.0131533
1347	0.0131449
1348	0.0131613
1349	0.0131646
1350	0.0131147
1351	0.0130902
1352	0.0130763
1353	0.0130451
1354	0.0131055
1355	0.0131477
1356	0.0132083
1357	0.0132033
1358	0.0132658
1359	0.0132369
1360	0.0133358
1361	0.0133601
1362	0.0134146
1363	0.0133548
1364	0.0133768
1365	0.0133881
1366	0.0134283
1367	0.0133803
1368	0.0134554
1369	0.0133511
1370	0.0133602
1371	0.013312
1372	0.0133698
1373	0.0133127
1374	0.0133307
1375	0.0133316
1376	0.0132853
1377	0.0133283
1378	0.0133592
1379	0.0133466
1380	0.0132254
1381	0.0132184
1382	0.0131941
1383	0.0131629
1384	0.01322
1385	0.0131985
1386	0.0131588
1387	0.0131801
1388	0.0131981
1389	0.0131847
1390	0.0131512
1391	0.0131738
1392	0.0131712
1393	0.0132196
1394	0.0132651
1395	0.0132549
1396	0.0132628
1397	0.0132695
1398	0.0132325
1399	0.0132275
1400	0.0132717
1401	0.0132126
1402	0.0132335
1403	0.0132623
1404	0.0132397
1405	0.013202
1406	0.0131935
1407	0.0131179
1408	0.0130371
1409	0.0130672
1410	0.0130566
1411	0.0130087
1412	0.013031
1413	0.0130259
1414	0.0130327
1415	0.0129916
1416	0.0129234
1417	0.0128869
1418	0.0128877
1419	0.0128457
1420	0.0128741
1421	0.0128404
1422	0.0127978
1423	0.012867
1424	0.0129332
1425	0.0129332
1426	0.0129742
1427	0.0128653
1428	0.0128213
1429	0.0128353
1430	0.0127998
1431	0.0128035
1432	0.0127486
1433	0.0126575
1434	0.0126342
1435	0.0126851
1436	0.0126388
1437	0.0126508
1438	0.0126581
1439	0.0126959
1440	0.0127286
1441	0.0127681
1442	0.0127657
1443	0.0127829
1444	0.012809
1445	0.0128969
1446	0.0129297
1447	0.0129006
1448	0.0129725
1449	0.0129785
1450	0.0130134
1451	0.0130172
1452	0.0130744
1453	0.013063
1454	0.01314
1455	0.0131966
1456	0.0132223
1457	0.0132373
1458	0.0132611
1459	0.0132982
1460	0.0133278
1461	0.0133215
1462	0.0133533
1463	0.0133613
1464	0.0133646
1465	0.0132847
1466	0.0132571
1467	0.0132394
1468	0.0132929
1469	0.0132958
1470	0.0132994
1471	0.0132463
1472	0.0132103
1473	0.0132063
1474	0.0131268
1475	0.0131542
1476	0.0131982
1477	0.0132213
1478	0.013242
1479	0.0132793
1480	0.0132675
1481	0.0132081
1482	0.0132594
1483	0.0132995
1484	0.0132878
1485	0.0132701
1486	0.01328
1487	0.0133298
1488	0.0132856
1489	0.0132193
1490	0.0131815
1491	0.0130884
1492	0.0130983
1493	0.0130858
1494	0.0131583
1495	0.0131365
1496	0.0132015
1497	0.0132816
1498	0.0133118
1499	0.0132793
1500	0.0132642
1501	0.0132771
1502	0.0133245
1503	0.0132918
1504	0.0133057
1505	0.0132551
1506	0.0132252
1507	0.0132424
1508	0.0133167
1509	0.0133384
1510	0.0133425
1511	0.0133207
1512	0.0134153
1513	0.0133893
1514	0.0133771
1515	0.013418
1516	0.0134245
1517	0.0134622
1518	0.0133991
1519	0.0133539
1520	0.0134065
1521	0.013447
1522	0.0133925
1523	0.0133473
1524	0.0133482
1525	0.0133867
1526	0.0133463
1527	0.0133743
1528	0.0132953
1529	0.0132848
1530	0.0133444
1531	0.0133609
1532	0.0133207
1533	0.0133095
1534	0.0132776
1535	0.013275
1536	0.0132436
1537	0.0131822
1538	0.0131977
1539	0.0131359
1540	0.0131307
1541	0.0131304
1542	0.0131383
1543	0.0132484
1544	0.0131746
1545	0.0131446
1546	0.013071
1547	0.0130779
1548	0.0129687
1549	0.0129333
1550	0.0129724
1551	0.0129565
1552	0.0129564
1553	0.0129784
1554	0.0129215
1555	0.0129406
1556	0.0129678
1557	0.0129584
1558	0.0128942
1559	0.0128576
1560	0.0128236
1561	0.0128696
1562	0.0128482
1563	0.0129049
1564	0.012937
1565	0.0130007
1566	0.0130824
1567	0.0131233
1568	0.0131181
1569	0.0130552
1570	0.0129996
1571	0.0129926
1572	0.0129752
1573	0.0130592
1574	0.012985
1575	0.0130275
1576	0.013078
1577	0.0130895
1578	0.0130405
1579	0.0130068
1580	0.0130005
1581	0.0130214
1582	0.0130384
1583	0.0130956
1584	0.0130993
1585	0.0130852
1586	0.013062
1587	0.0131566
1588	0.013136
1589	0.0131596
1590	0.0131874
1591	0.0131305
1592	0.0131673
1593	0.0131876
1594	0.0131851
1595	0.0131025
1596	0.0130935
1597	0.0131065
1598	0.0131148
1599	0.013097
1600	0.0130531
1601	0.0131267
1602	0.0131149
1603	0.0131146
1604	0.0131562
1605	0.0131519
1606	0.0131358
1607	0.0131033
1608	0.0130821
1609	0.0130696
1610	0.0131285
1611	0.0131427
1612	0.0131314
1613	0.0131566
1614	0.0131358
1615	0.01316
1616	0.0131682
1617	0.0132016
1618	0.0132105
1619	0.0131033
1620	0.0130474
1621	0.0130665
1622	0.0130282
1623	0.0130545
1624	0.0130106
1625	0.0130075
1626	0.0129745
1627	0.0129423
1628	0.0129482
1629	0.0128993
1630	0.0129329
1631	0.012881
1632	0.0128816
1633	0.0127934
1634	0.0127819
1635	0.0127608
1636	0.0128162
1637	0.0128599
1638	0.0128957
1639	0.0128037
1640	0.0128233
1641	0.0127898
1642	0.012759
1643	0.0127193
1644	0.0127586
1645	0.0127844
1646	0.0127668
1647	0.0127518
1648	0.0128417
1649	0.0128365
1650	0.0128646
1651	0.0128488
1652	0.0128996
1653	0.0129369
1654	0.0129887
1655	0.0129823
1656	0.0129454
1657	0.0130165
1658	0.0130522
1659	0.0130547
1660	0.0130153
1661	0.0131213
1662	0.0131782
1663	0.0132
1664	0.0132433
1665	0.0132408
1666	0.0132885
1667	0.0132894
1668	0.0133448
1669	0.0134065
1670	0.0133998
1671	0.0133508
1672	0.0133034
1673	0.0133883
1674	0.0133746
1675	0.0133447
1676	0.0133508
1677	0.0133053
1678	0.0132641
1679	0.0132365
1680	0.0132239
1681	0.0131716
1682	0.0132198
1683	0.0133219
1684	0.0132546
1685	0.013292
1686	0.013261
1687	0.0132419
1688	0.0132753
1689	0.0132539
1690	0.0132129
1691	0.0131271
1692	0.0130974
1693	0.0130914
1694	0.0131116
1695	0.0131436
1696	0.013139
1697	0.0131245
1698	0.0131207
1699	0.0131705
1700	0.0131663
1701	0.0131646
1702	0.0131373
1703	0.0131585
1704	0.0131898
1705	0.0131967
1706	0.0131632
1707	0.0131637
1708	0.0131589
1709	0.0132278
1710	0.0132655
1711	0.0133168
1712	0.0133458
1713	0.0132747
1714	0.0133519
1715	0.0133523
1716	0.0133064
1717	0.0133748
1718	0.0134304
1719	0.0134407
1720	0.0134358
1721	0.0134094
1722	0.0134065
1723	0.0134561
1724	0.013479
1725	0.0135251
1726	0.0134834
1727	0.0134806
1728	0.0134335
1729	0.0134502
1730	0.0134451
1731	0.0134814
1732	0.0134672
1733	0.0134404
1734	0.0134896
1735	0.0134289
1736	0.0133772
1737	0.0134059
1738	0.0133312
1739	0.0133078
1740	0.013323
1741	0.013297
1742	0.0133383
1743	0.0133103
1744	0.0133232
1745	0.0133263
1746	0.0133104
1747	0.0132778
1748	0.013281
1749	0.0132419
1750	0.0133189
1751	0.0133482
1752	0.0133532
1753	0.0133188
1754	0.0132411
1755	0.0132409
1756	0.013268
1757	0.0132146
1758	0.0131764
1759	0.013139
1760	0.0131086
1761	0.0130471
1762	0.013036
1763	0.0130222
1764	0.012973
1765	0.0129664
1766	0.0130138
1767	0.0130021
1768	0.0129846
1769	0.0129588
1770	0.0129415
1771	0.0129318
1772	0.0129365
1773	0.0129148
1774	0.0129732
1775	0.0129911
1776	0.012978
1777	0.012991
1778	0.0130208
1779	0.0129608
1780	0.0129607
1781	0.0129776
1782	0.0129459
1783	0.0129687
1784	0.0129428
1785	0.0129647
1786	0.0129797
1787	0.0130344
1788	0.013048
1789	0.0131112
1790	0.0130748
1791	0.0131095
1792	0.0130854
1793	0.013099
1794	0.0130633
1795	0.0130075
1796	0.0130079
1797	0.0129848
1798	0.0130291
1799	0.0129854
1800	0.0129826
1801	0.0130461
1802	0.0130151
1803	0.0130074
1804	0.0130471
1805	0.0130845
1806	0.0130932
1807	0.0130803
1808	0.0130541
1809	0.0130454
1810	0.0130927
1811	0.01311
1812	0.0131394
1813	0.0131047
1814	0.0130995
1815	0.0131002
1816	0.0131062
1817	0.0130393
1818	0.0129994
1819	0.0129376
1820	0.0129703
1821	0.0129911
1822	0.013
1823	0.0130319
1824	0.0129486
1825	0.0129596
1826	0.0129611
1827	0.0130294
1828	0.0130681
1829	0.0131294
1830	0.013204
1831	0.0131756
1832	0.0131619
1833	0.0131714
1834	0.0132098
1835	0.0131691
1836	0.0131899
1837	0.0131688
1838	0.0131512
1839	0.0131661
1840	0.013162
1841	0.0131986
1842	0.0131887
1843	0.0132463
1844	0.0131992
1845	0.0131357
1846	0.0130719
1847	0.0131294
1848	0.0131725
1849	0.0131969
1850	0.0131806
1851	0.0130707
1852	0.013013
1853	0.0130114
1854	0.013096
1855	0.0130582
1856	0.0130503
1857	0.0130475
1858	0.0130322
1859	0.012991
1860	0.0129933
1861	0.0130391
1862	0.013098
1863	0.013115
1864	0.0132012
1865	0.0132185
1866	0.0132143
1867	0.0132293
1868	0.013223
1869	0.01324
1870	0.0132459
1871	0.0132139
1872	0.013252
1873	0.0132405
1874	0.0132366
1875	0.013171
1876	0.0131541
1877	0.0132194
1878	0.013289
1879	0.0132412
1880	0.0132327
1881	0.0132501
1882	0.0132541
1883	0.0132076
1884	0.0131902
1885	0.0132271
1886	0.0132424
1887	0.0132697
1888	0.0132714
1889	0.0132322
1890	0.0132548
1891	0.013247
1892	0.0132443
1893	0.0132442
1894	0.0132026
1895	0.013162
1896	0.013134
1897	0.0131849
1898	0.013208
1899	0.0132153
1900	0.0131564
1901	0.0132488
1902	0.013279
1903	0.0132801
1904	0.0132745
1905	0.0132344
1906	0.0132854
1907	0.0132805
1908	0.0132522
1909	0.0132035
1910	0.0131616
1911	0.013189
1912	0.0131527
1913	0.0131361
1914	0.0131561
1915	0.0131046
1916	0.0131454
1917	0.0131498
1918	0.0130997
1919	0.0130929
1920	0.0130562
1921	0.0131278
1922	0.0131576
1923	0.0132107
1924	0.013175
1925	0.0132257
1926	0.0131992
1927	0.0132033
1928	0.0132019
1929	0.0132376
1930	0.0131819
1931	0.0131917
1932	0.0131667
1933	0.0131746
1934	0.0132017
1935	0.0131952
1936	0.0132902
1937	0.0133202
1938	0.0133339
1939	0.0133378
1940	0.0132861
1941	0.0133685
1942	0.01333
1943	0.0133345
1944	0.0132965
1945	0.0133023
1946	0.0133093
1947	0.0133314
1948	0.0133283
1949	0.0132679
1950	0.0132808
1951	0.0132805
1952	0.0133069
1953	0.0131861
1954	0.0131789
1955	0.0131496
1956	0.0132191
1957	0.0132702
1958	0.0131935
1959	0.0132012
1960	0.0131476
1961	0.0131829
1962	0.0131805
1963	0.0131566
1964	0.0131578
1965	0.0131623
1966	0.0131021
1967	0.0130985
1968	0.0131165
1969	0.0131696
1970	0.0131382
1971	0.0131538
1972	0.0131638
1973	0.0132088
1974	0.013194
1975	0.0131592
1976	0.0130776
1977	0.013025
1978	0.0130462
1979	0.0130684
1980	0.0130606
1981	0.0130786
1982	0.0130575
1983	0.0130859
1984	0.0131052
1985	0.013026
1986	0.0129614
1987	0.0129701
1988	0.0129163
1989	0.0129174
1990	0.0128917
1991	0.0129312
1992	0.013021
1993	0.0130318
1994	0.0131046
1995	0.0130621
1996	0.0130655
1997	0.0130528
1998	0.01296
1999	0.0129792
2000	0.0129964
2001	0.0129817
2002	0.0130174
2003	0.0130275
2004	0.0130633
2005	0.013043
2006	0.0130082
2007	0.0130605
2008	0.0130479
2009	0.0130447
2010	0.0130723
2011	0.0130273
2012	0.0130147
2013	0.0130219
2014	0.0129776
2015	0.0129644
2016	0.0129776
2017	0.0129775
2018	0.012974
2019	0.0129691
2020	0.0129657
2021	0.0130095
2022	0.0129858
2023	0.0130402
2024	0.0130135
2025	0.0130568
2026	0.0130769
2027	0.0130167
2028	0.0130395
2029	0.0130564
2030	0.0130539
2031	0.0130528
2032	0.0130961
2033	0.013096
2034	0.0131111
2035	0.0130554
2036	0.0130328
2037	0.0130297
2038	0.0130183
2039	0.0130379
2040	0.0130766
2041	0.0130797
2042	0.0131229
2043	0.0131548
2044	0.0131615
2045	0.0131853
2046	0.013086
2047	0.0130462
2048	0.01305
2049	0.0131363
2050	0.013166
2051	0.0131369
2052	0.0131057
2053	0.0131104
2054	0.0131242
2055	0.0130743
2056	0.0131163
2057	0.013156
2058	0.0131322
2059	0.0131156
2060	0.0131705
2061	0.0131557
2062	0.0131657
2063	0.0131722
2064	0.0131536
2065	0.013209
2066	0.0131965
2067	0.0131894
2068	0.0131892
2069	0.013208
2070	0.01321
2071	0.0132222
2072	0.0132791
2073	0.0132332
2074	0.0131984
2075	0.0132135
2076	0.0131602
2077	0.0130943
2078	0.0131493
2079	0.0130798
2080	0.0130436
2081	0.0130395
2082	0.0130526
2083	0.0130561
2084	0.012996
2085	0.0130292
2086	0.0130658
2087	0.0130452
2088	0.0130752
2089	0.0130948
2090	0.013102
2091	0.0130904
2092	0.0131155
2093	0.0131176
2094	0.0130849
2095	0.0130854
2096	0.0130925
2097	0.0131546
2098	0.0131193
2099	0.0131966
2100	0.0132029
2101	0.0132637
2102	0.0132436
2103	0.0133092
2104	0.0133157
2105	0.0132862
2106	0.013281
2107	0.013364
2108	0.0133387
2109	0.0133633
2110	0.0134249
2111	0.0134154
2112	0.0134163
2113	0.0134098
2114	0.01338
2115	0.013421
2116	0.0134016
2117	0.0134057
2118	0.0133963
2119	0.0134711
2120	0.0134226
2121	0.0134738
2122	0.0135401
2123	0.0135569
2124	0.0135307
2125	0.0135139
2126	0.0135081
2127	0.0135566
2128	0.0135422
2129	0.0134612
2130	0.0134414
2131	0.0133953
2132	0.0133757
2133	0.0133677
2134	0.0133846
2135	0.0133485
2136	0.0132835
2137	0.0132206
2138	0.0132803
2139	0.0132132
2140	0.0131576
2141	0.013113
2142	0.0131473
2143	0.0131293
2144	0.0130694
2145	0.0130355
2146	0.013022
2147	0.012945
2148	0.0129795
2149	0.0129652
2150	0.0129567
2151	0.0128967
2152	0.012838
2153	0.0128151
2154	0.012729
2155	0.0127269
2156	0.0126695
2157	0.0126625
2158	0.0126963
2159	0.0126339
2160	0.0126284
2161	0.0125965
2162	0.0125793
2163	0.0125415
2164	0.0124111
2165	0.0124065
2166	0.0125139
2167	0.0125577
2168	0.0125276
2169	0.0125658
2170	0.012584
2171	0.0125776
2172	0.0125888
2173	0.0126051
2174	0.012582
2175	0.0126263
2176	0.0126305
2177	0.0127221
2178	0.0127107
2179	0.0127161
2180	0.0126936
2181	0.0127345
2182	0.0127628
2183	0.0127955
2184	0.0128529
2185	0.0129182
2186	0.0129818
2187	0.0130081
2188	0.013089
2189	0.0131331
2190	0.0131631
2191	0.0132154
2192	0.0132094
2193	0.0131915
2194	0.0132557
2195	0.0133228
2196	0.0132845
2197	0.0133206
2198	0.0133583
2199	0.0133719
2200	0.013368
2201	0.0133626
2202	0.0133723
2203	0.0134374
2204	0.0134291
2205	0.0134655
2206	0.0134369
2207	0.0134442
2208	0.013401
2209	0.0135526
2210	0.0135579
2211	0.013539
2212	0.0135576
2213	0.013571
2214	0.013569
2215	0.0135989
2216	0.0136149
2217	0.0135542
2218	0.0135425
2219	0.0134424
2220	0.0133909
2221	0.0134222
2222	0.0134454
2223	0.0134607
2224	0.013466
2225	0.0134605
2226	0.0134558
2227	0.0134902
2228	0.0135577
2229	0.0135965
2230	0.0135581
2231	0.0134855
2232	0.0134912
2233	0.0133928
2234	0.0133401
2235	0.0134279
2236	0.0134286
2237	0.0133637
2238	0.0132963
2239	0.0132623
2240	0.0133216
2241	0.0133327
2242	0.0133101
2243	0.0132873
2244	0.0132449
2245	0.0131449
2246	0.0131273
2247	0.0131095
2248	0.0131027
2249	0.0131155
2250	0.0130884
2251	0.0130387
2252	0.013037
2253	0.0129984
2254	0.0130153
2255	0.0130435
2256	0.0130553
2257	0.0130458
2258	0.0130784
2259	0.0130362
2260	0.0130598
2261	0.0130711
2262	0.0130792
2263	0.0130006
2264	0.0130264
2265	0.0129917
2266	0.0129479
2267	0.0128976
2268	0.0129097
2269	0.0128875
2270	0.0129149
2271	0.0129748
2272	0.0130008
2273	0.0129714
2274	0.0130172
2275	0.0129566
2276	0.012974
2277	0.0130406
2278	0.0130039
2279	0.012987
2280	0.0129171
2281	0.0129141
2282	0.0130189
2283	0.0129645
2284	0.0129278
2285	0.0129727
2286	0.0129392
2287	0.0129281
2288	0.0128895
2289	0.0128311
2290	0.0128384
2291	0.0128544
2292	0.0129054
2293	0.012887
2294	0.0128889
2295	0.0129565
2296	0.0128777
2297	0.0128722
2298	0.0128589
2299	0.0128988
2300	0.0129172
2301	0.0129581
2302	0.0129903
2303	0.0129619
2304	0.0130615
2305	0.0130285
2306	0.0130056
2307	0.0130065
2308	0.0130303
2309	0.0130782
2310	0.013072
2311	0.013088
2312	0.0130879
2313	0.0130876
2314	0.0131434
2315	0.013207
2316	0.0132671
2317	0.0133038
2318	0.0133548
2319	0.0133557
2320	0.0133001
2321	0.0132149
2322	0.01318
2323	0.0132036
2324	0.013252
2325	0.0132379
2326	0.0132426
2327	0.0132408
2328	0.0132322
2329	0.0132834
2330	0.0132827
2331	0.0132896
2332	0.0132967
2333	0.0133233
2334	0.0133835
2335	0.0133853
2336	0.0133419
2337	0.0132804
2338	0.0132962
2339	0.0133539
2340	0.0133329
2341	0.0134176
2342	0.0134066
2343	0.0134353
2344	0.0134295
2345	0.013462
2346	0.0135177
2347	0.0135358
2348	0.0134905
2349	0.0134507
2350	0.0134691
2351	0.0134267
2352	0.0134406
2353	0.0134279
2354	0.0134016
2355	0.0134252
2356	0.0133617
2357	0.013384
2358	0.0134114
2359	0.0133732
2360	0.0134044
2361	0.0133523
2362	0.0133743
2363	0.0133798
2364	0.0134202
2365	0.0133822
2366	0.0134188
2367	0.0133863
2368	0.0133717
2369	0.0133249
2370	0.0133294
2371	0.0133322
2372	0.0133508
2373	0.01336
2374	0.0133817
2375	0.0133172
2376	0.0133173
2377	0.013284
2378	0.0132539
2379	0.0132926
2380	0.0132054
2381	0.0131093
2382	0.0131061
2383	0.0130922
2384	0.013076
2385	0.0131136
2386	0.0131449
2387	0.0132129
2388	0.0132164
2389	0.0133112
2390	0.013239
2391	0.0132285
2392	0.0131853
2393	0.0131595
2394	0.0131317
2395	0.0130809
2396	0.0131245
2397	0.0130408
2398	0.0129632
2399	0.012932
2400	0.0129317
2401	0.0129526
2402	0.0128892
2403	0.0129109
2404	0.0128942
2405	0.0128995
2406	0.0129027
2407	0.0129289
2408	0.0129318
2409	0.0129544
2410	0.0129152
2411	0.0128392
2412	0.012865
2413	0.0128966
2414	0.0128774
2415	0.0129434
2416	0.0129489
2417	0.0129131
2418	0.0129027
2419	0.0128766
2420	0.0129338
2421	0.0129064
2422	0.0128889
2423	0.0128429
2424	0.0128823
2425	0.0128349
2426	0.0128864
2427	0.0129137
2428	0.0129191
2429	0.0129794
2430	0.0129554
2431	0.0129382
2432	0.0129452
2433	0.0129254
2434	0.0129577
2435	0.0129279
2436	0.0129792
2437	0.0129694
2438	0.0129446
2439	0.0129428
2440	0.0128724
2441	0.0128592
2442	0.0128087
2443	0.0127747
2444	0.0127184
2445	0.0127159
2446	0.0127859
2447	0.0127732
2448	0.0127615
2449	0.0127763
2450	0.012778
2451	0.012823
2452	0.0127897
2453	0.0128703
2454	0.0129421
2455	0.0129555
2456	0.0129924
2457	0.012951
2458	0.0129769
2459	0.012941
2460	0.0129726
2461	0.0130231
2462	0.0130704
2463	0.0131034
2464	0.0131129
2465	0.0130872
2466	0.013063
2467	0.0130322
2468	0.0130328
2469	0.0130966
2470	0.0130461
2471	0.0130409
2472	0.0130539
2473	0.0130611
2474	0.0131039
2475	0.0131039
2476	0.0130983
2477	0.0131481
2478	0.0131562
2479	0.0132027
2480	0.0132446
2481	0.0132813
2482	0.0132765
2483	0.0132951
2484	0.0133646
2485	0.0134273
2486	0.0133808
2487	0.0134848
2488	0.0135649
2489	0.0136257
2490	0.01364
2491	0.0135888
2492	0.0135612
2493	0.0136045
2494	0.0134938
2495	0.0135437
2496	0.0135114
2497	0.0134999
2498	0.0134948
2499	0.0135143
2500	0.0134815
2501	0.013513
2502	0.0135074
2503	0.013494
2504	0.0134914
2505	0.0133785
2506	0.0133701
2507	0.0133388
2508	0.0132171
2509	0.0132194
2510	0.0132421
2511	0.013262
2512	0.0132471
2513	0.0132417
2514	0.0132818
2515	0.0132267
2516	0.0131911
2517	0.013171
2518	0.0131619
2519	0.0131479
2520	0.0132032
2521	0.0132062
2522	0.0131577
2523	0.0131904
2524	0.0132231
2525	0.0132431
2526	0.0131926
2527	0.0132269
2528	0.0132375
2529	0.0132566
2530	0.0132507
2531	0.0132653
2532	0.0132984
2533	0.0132747
2534	0.013329
2535	0.0132967
2536	0.0132464
2537	0.0132267
2538	0.0131575
2539	0.0131512
2540	0.0131549
2541	0.0131027
2542	0.0130664
2543	0.0130745
2544	0.013099
2545	0.0131272
2546	0.0131617
2547	0.0131293
2548	0.0131454
2549	0.0131037
2550	0.0131292
2551	0.013127
2552	0.0130895
2553	0.0131654
2554	0.0132394
2555	0.0132389
2556	0.0131639
2557	0.0132024
2558	0.0131558
2559	0.0130675
2560	0.0131335
2561	0.0131097
2562	0.0131007
2563	0.0131009
2564	0.0131495
2565	0.0131336
2566	0.0131481
2567	0.0131602
2568	0.0131365
2569	0.0131514
2570	0.0131181
2571	0.0130406
2572	0.0130405
2573	0.013078
2574	0.0130683
2575	0.0129677
2576	0.0129833
2577	0.0129753
2578	0.0129367
2579	0.012919
2580	0.0129193
2581	0.0128824
2582	0.0129187
2583	0.0129123
2584	0.0128315
2585	0.0128671
2586	0.0128933
2587	0.0129084
2588	0.012924
2589	0.0129375
2590	0.0129449
2591	0.0129349
2592	0.0129501
2593	0.0129794
2594	0.013028
2595	0.0130723
2596	0.0131661
2597	0.0131643
2598	0.0131539
2599	0.0131842
2600	0.0131547
2601	0.0130971
2602	0.0131582
2603	0.0131212
2604	0.0130965
2605	0.0131038
2606	0.0130749
2607	0.0130835
2608	0.0130766
2609	0.0130727
2610	0.013083
2611	0.0131242
2612	0.0131661
2613	0.0131981
2614	0.013271
2615	0.0132708
2616	0.0132393
2617	0.0132525
2618	0.0132339
2619	0.0132104
2620	0.0131952
2621	0.0132124
2622	0.0131707
2623	0.0132577
2624	0.0133147
2625	0.013281
2626	0.0132912
2627	0.013277
2628	0.0132439
2629	0.0132527
2630	0.0132445
2631	0.0132559
2632	0.0132982
2633	0.0132303
2634	0.0132784
2635	0.0133066
2636	0.0133329
2637	0.0133155
2638	0.0133571
2639	0.0133614
2640	0.0134272
2641	0.013413
2642	0.0134127
2643	0.0133677
2644	0.0133761
2645	0.0134163
2646	0.0134242
2647	0.0133953
2648	0.0133658
2649	0.0132946
2650	0.0132217
2651	0.0132044
2652	0.0131825
2653	0.0131082
2654	0.0131372
2655	0.0131147
2656	0.013042
2657	0.013092
2658	0.0131239
2659	0.0131033
2660	0.0130632
2661	0.0131025
2662	0.0130892
2663	0.01301
2664	0.012942
2665	0.0129573
2666	0.0130469
2667	0.0130792
2668	0.0130841
2669	0.013022
2670	0.0130229
2671	0.0130293
2672	0.012998
2673	0.0129273
2674	0.0129256
2675	0.0128812
2676	0.0128886
2677	0.0129768
2678	0.0130153
2679	0.0130005
2680	0.013023
2681	0.0130873
2682	0.0129849
2683	0.0129556
2684	0.0129618
2685	0.0129938
2686	0.0129931
2687	0.0129898
2688	0.0129776
2689	0.0129839
2690	0.012949
2691	0.0129332
2692	0.0128845
2693	0.0128463
2694	0.0128494
2695	0.0128728
2696	0.0129097
2697	0.0129643
2698	0.0129944
2699	0.0130175
2700	0.0130364
2701	0.0130135
2702	0.0130763
2703	0.0130421
2704	0.0130989
2705	0.0131209
2706	0.0131322
2707	0.0131577
2708	0.0131979
2709	0.0132186
2710	0.01323
2711	0.0131883
2712	0.0130921
2713	0.0130722
2714	0.0130427
2715	0.0130283
2716	0.0129856
2717	0.0129856
2718	0.0130091
2719	0.013031
2720	0.0130993
2721	0.0131554
2722	0.0131821
2723	0.0132377
2724	0.0132471
2725	0.0132624
2726	0.0132951
2727	0.0132322
2728	0.0131529
2729	0.0130553
2730	0.0131708
2731	0.0131894
2732	0.0131798
2733	0.0131585
2734	0.0131694
2735	0.0131637
2736	0.0131476
2737	0.0130722
2738	0.0130709
2739	0.0131215
2740	0.0130749
2741	0.0130468
2742	0.0130152
2743	0.0129233
2744	0.0129235
2745	0.0129321
2746	0.012953
2747	0.0130136
2748	0.0130514
2749	0.0130503
2750	0.013019
2751	0.0130944
2752	0.0131829
2753	0.0131475
2754	0.0132285
2755	0.0132023
2756	0.0132077
2757	0.0132923
2758	0.0133965
2759	0.0133573
2760	0.0133859
2761	0.0134201
2762	0.0134787
2763	0.0134768
2764	0.0134748
2765	0.0134344
2766	0.013406
2767	0.0133657
2768	0.0133053
2769	0.0133768
2770	0.0133824
2771	0.0134004
2772	0.013395
2773	0.0133539
2774	0.013344
2775	0.0133667
2776	0.0133378
2777	0.0132734
2778	0.0132703
2779	0.0132686
2780	0.0132557
2781	0.0132854
2782	0.0132846
2783	0.0133402
2784	0.0132791
2785	0.0132348
2786	0.0131955
2787	0.0132244
2788	0.0132765
2789	0.0133129
2790	0.0132339
2791	0.0132144
2792	0.0131608
2793	0.0130679
2794	0.0130319
2795	0.013041
2796	0.0130682
2797	0.0130793
2798	0.013025
2799	0.0129984
2800	0.0129535
2801	0.012892
2802	0.0130135
2803	0.0129827
2804	0.0130102
2805	0.0130727
2806	0.0130399
2807	0.0130223
2808	0.0129678
2809	0.0130192
2810	0.0129872
2811	0.0129524
2812	0.0129791
2813	0.0129987
2814	0.0130401
2815	0.012981
2816	0.0130701
2817	0.0131118
2818	0.0131176
2819	0.0131208
2820	0.0131315
2821	0.0131652
2822	0.0132239
2823	0.0132036
2824	0.0132123
2825	0.013211
2826	0.0132806
2827	0.0132559
2828	0.0133179
2829	0.0132436
2830	0.0132621
2831	0.013189
2832	0.0131726
2833	0.0131116
2834	0.0130878
2835	0.0130201
2836	0.0130045
2837	0.0130203
2838	0.0130108
2839	0.0130709
2840	0.0130975
2841	0.0130917
2842	0.013119
2843	0.0130984
2844	0.013081
2845	0.0130513
2846	0.0131001
2847	0.0131085
2848	0.0130894
2849	0.0131896
2850	0.0132598
2851	0.0132246
2852	0.0132219
2853	0.0131873
2854	0.0131925
2855	0.0130894
2856	0.0130776
2857	0.0130556
2858	0.0130483
2859	0.0130153
2860	0.0129999
2861	0.0129799
2862	0.0130038
2863	0.0129994
2864	0.0129956
2865	0.0130405
2866	0.0129614
2867	0.0129341
2868	0.0129843
2869	0.0129769
2870	0.0130421
2871	0.0130873
2872	0.0131529
2873	0.0131661
2874	0.0132
2875	0.0131922
2876	0.0131641
2877	0.0131531
2878	0.0130673
2879	0.0130444
2880	0.013056
2881	0.0131225
2882	0.0130766
2883	0.0130936
2884	0.0130911
2885	0.013136
2886	0.0131675
2887	0.0131395
2888	0.0131009
2889	0.0130927
2890	0.0131076
2891	0.0130724
2892	0.0130966
2893	0.0130783
2894	0.013119
2895	0.0131481
2896	0.0131341
2897	0.0131876
2898	0.0132188
2899	0.0132586
2900	0.0132916
2901	0.0133492
2902	0.0133517
2903	0.0133125
2904	0.0132943
2905	0.0132767
2906	0.0132274
2907	0.0132002
2908	0.0132004
2909	0.0132327
2910	0.0131816
2911	0.0131175
2912	0.0131562
2913	0.0132384
2914	0.0132733
2915	0.0132974
2916	0.0133102
2917	0.0132368
2918	0.0131766
2919	0.0131634
2920	0.0130879
2921	0.0130944
2922	0.0130602
2923	0.0130766
2924	0.0130922
2925	0.0130617
2926	0.0131014
2927	0.0130936
2928	0.0130459
2929	0.0130685
2930	0.0130167
2931	0.0130478
2932	0.0130055
2933	0.012942
2934	0.012921
2935	0.0129668
2936	0.0128938
2937	0.0128436
2938	0.0128796
2939	0.01288
2940	0.0129399
2941	0.0129318
2942	0.0129725
2943	0.0130956
2944	0.013064
2945	0.013057
2946	0.0130413
2947	0.0130035
2948	0.0130127
2949	0.0130152
2950	0.0130938
2951	0.0130624
2952	0.0130773
2953	0.0130559
2954	0.0130538
2955	0.0131423
2956	0.0131899
2957	0.0132185
2958	0.0131677
2959	0.013286
2960	0.0133027
2961	0.0132321
2962	0.0132785
2963	0.0132008
2964	0.0131456
2965	0.0131214
2966	0.0130819
2967	0.013121
2968	0.0131175
2969	0.0131485
2970	0.0131561
2971	0.0131686
2972	0.0131511
2973	0.0131098
2974	0.0130812
2975	0.0130157
2976	0.0129775
2977	0.0129026
2978	0.0129454
2979	0.012899
2980	0.0129093
2981	0.0129587
2982	0.0129964
2983	0.0130343
2984	0.0131079
2985	0.0131035
2986	0.0130975
2987	0.0130536
2988	0.0130809
2989	0.0131022
2990	0.0131067
2991	0.0131273
2992	0.0131233
2993	0.0131703
2994	0.0132255
2995	0.0132714
2996	0.0132265
2997	0.0132184
2998	0.0131914
2999	0.0132293
3000	0.0132029
3001	0.0132643
3002	0.0132277
3003	0.013213
3004	0.0132014
3005	0.0132289
3006	0.0131753
3007	0.0131587
3008	0.0131594
3009	0.0131318
3010	0.0131417
3011	0.0131426
3012	0.0130769
3013	0.0130385
3014	0.0130521
3015	0.0130411
3016	0.0130296
3017	0.0129989
3018	0.0129741
3019	0.0130216
3020	0.0129965
3021	0.0130192
3022	0.0130148
3023	0.0130016
3024	0.0130245
3025	0.0130352
3026	0.0131338
3027	0.0131883
3028	0.0132556
3029	0.0132278
3030	0.0132054
3031	0.0131638
3032	0.013168
3033	0.0131616
3034	0.0131236
3035	0.0130799
3036	0.0131362
3037	0.0131646
3038	0.0131781
3039	0.0131321
3040	0.0130927
3041	0.0131123
3042	0.0131147
3043	0.0131292
3044	0.0131705
3045	0.0131209
3046	0.0131903
3047	0.013237
3048	0.0132212
3049	0.0132199
3050	0.0132063
3051	0.0132102
3052	0.0132442
3053	0.0132262
3054	0.0132144
3055	0.0132756
3056	0.0132542
3057	0.0132493
3058	0.0132867
3059	0.0132828
3060	0.0132887
3061	0.0131995
3062	0.0131605
3063	0.0131528
3064	0.0131964
3065	0.0131888
3066	0.0131654
3067	0.0131757
3068	0.0131628
3069	0.013164
3070	0.0131954
3071	0.0131912
3072	0.0132315
3073	0.0132561
3074	0.013318
3075	0.0133421
3076	0.0133379
3077	0.0133249
3078	0.0133216
3079	0.0133738
3080	0.0133489
3081	0.0133452
3082	0.0133277
3083	0.0133618
3084	0.0134299
3085	0.0133834
3086	0.0133646
3087	0.0133803
3088	0.0133473
3089	0.0133515
3090	0.0133272
3091	0.0132406
3092	0.0132131
3093	0.0132628
3094	0.0132341
3095	0.0132221
3096	0.0132294
3097	0.0132535
3098	0.0132128
3099	0.0131775
3100	0.0132446
3101	0.0133058
3102	0.0133008
3103	0.0133142
3104	0.0133039
3105	0.0132592
3106	0.0132387
3107	0.0132196
3108	0.0132
3109	0.0131902
3110	0.0131526
3111	0.0131523
3112	0.0131365
3113	0.0131443
3114	0.0131672
3115	0.0131083
3116	0.0131244
3117	0.0130981
3118	0.013153
3119	0.0131783
3120	0.0132051
3121	0.0132122
3122	0.0131628
3123	0.0131727
3124	0.0130921
3125	0.0131188
3126	0.0131006
3127	0.0131708
3128	0.0131983
3129	0.0131359
3130	0.0131284
3131	0.0131566
3132	0.0131273
3133	0.0131878
3134	0.0131571
3135	0.0131443
3136	0.0131101
3137	0.013069
3138	0.0130636
3139	0.0130535
3140	0.0130593
3141	0.0130731
3142	0.013055
3143	0.0130435
3144	0.013014
3145	0.0129361
3146	0.0129431
3147	0.0129116
3148	0.0128526
3149	0.0128815
3150	0.0129252
3151	0.0129088
3152	0.0128704
3153	0.0128346
3154	0.0128411
3155	0.0128342
3156	0.01288
3157	0.0128563
3158	0.0127895
3159	0.012741
3160	0.0127656
3161	0.0127318
3162	0.0127089
3163	0.0127356
3164	0.0127353
3165	0.0128038
3166	0.0128248
3167	0.0128693
3168	0.0128928
3169	0.012974
3170	0.0129557
3171	0.0129813
3172	0.0130268
3173	0.0130029
3174	0.0130734
3175	0.0130052
3176	0.012986
3177	0.013027
3178	0.0130151
3179	0.013012
3180	0.0129965
3181	0.0129498
3182	0.0130335
3183	0.0130222
3184	0.0130495
3185	0.0131761
3186	0.0131792
3187	0.0131569
3188	0.013188
3189	0.0131812
3190	0.0131794
3191	0.0132484
3192	0.0133015
3193	0.0132929
3194	0.0132081
3195	0.0131959
3196	0.0131887
3197	0.0131258
3198	0.0131588
3199	0.0132097
3200	0.0132066
3201	0.0131612
3202	0.0132044
3203	0.013245
3204	0.0131971
3205	0.0131789
3206	0.0131471
3207	0.0132008
3208	0.0131444
3209	0.0130944
3210	0.0130925
3211	0.0131044
3212	0.0131346
3213	0.0130582
3214	0.0130794
3215	0.0130555
3216	0.0130931
3217	0.013125
3218	0.0131415
3219	0.0131036
3220	0.0131089
3221	0.013086
3222	0.013214
3223	0.013326
3224	0.0133771
3225	0.0134411
3226	0.013436
3227	0.0134484
3228	0.0134208
3229	0.01345
3230	0.0134411
3231	0.0133845
3232	0.0133747
3233	0.0133838
3234	0.0133371
3235	0.0133387
3236	0.0132484
3237	0.0132135
3238	0.0132097
3239	0.0132251
3240	0.0131943
3241	0.0131753
3242	0.0132418
3243	0.0132842
3244	0.0132471
3245	0.0133026
3246	0.0132739
3247	0.0132736
3248	0.0131939
3249	0.0130799
3250	0.0131374
3251	0.0131731
3252	0.0131614
3253	0.0132025
3254	0.013276
3255	0.0132748
3256	0.0132776
3257	0.0132794
3258	0.0132173
3259	0.0131543
3260	0.0131555
3261	0.0131918
3262	0.0131969
3263	0.0132157
3264	0.0132548
3265	0.0132689
3266	0.0132516
3267	0.0131483
3268	0.0132007
3269	0.0132126
3270	0.0132251
3271	0.0131533
3272	0.0132142
3273	0.0132163
3274	0.0132607
3275	0.0132525
3276	0.0132275
3277	0.0131987
3278	0.0131443
3279	0.013122
3280	0.0131468
3281	0.0131899
3282	0.0131247
3283	0.0131259
3284	0.0131116
3285	0.0131418
3286	0.0132074
3287	0.0131255
3288	0.0131451
3289	0.0131063
3290	0.0130803
3291	0.0131143
3292	0.0131668
3293	0.0132196
3294	0.0132315
3295	0.0132475
3296	0.0132332
3297	0.0131953
3298	0.0131992
3299	0.0131927
3300	0.0132093
3301	0.0131981
3302	0.0131567
3303	0.0131725
3304	0.0130998
3305	0.0131739
3306	0.0131667
3307	0.0132014
3308	0.0132068
3309	0.013209
3310	0.0132125
3311	0.0131747
3312	0.013156
3313	0.0130858
3314	0.0130659
3315	0.0130428
3316	0.0129711
3317	0.0129402
3318	0.0128415
3319	0.012861
3320	0.0128415
3321	0.0128163
3322	0.0127892
3323	0.0127607
3324	0.0127607
3325	0.0127949
3326	0.0128278
3327	0.0127585
3328	0.0127755
3329	0.0127636
3330	0.0127871
3331	0.0127357
3332	0.012711
3333	0.0126325
3334	0.0126611
3335	0.0126418
3336	0.0126999
3337	0.012721
3338	0.0126369
3339	0.0126985
3340	0.0126737
3341	0.0127569
3342	0.0128268
3343	0.0127942
3344	0.0128205
3345	0.0128888
3346	0.012976
3347	0.0130055
3348	0.012953
3349	0.0129193
3350	0.0129364
3351	0.0129538
3352	0.0130182
3353	0.0130077
3354	0.0131329
3355	0.0131876
3356	0.013144
3357	0.0131489
3358	0.0131209
3359	0.0130757
3360	0.0131777
3361	0.0132406
3362	0.0132706
3363	0.0132801
3364	0.0133591
3365	0.0133588
3366	0.0133265
3367	0.0133102
3368	0.0133273
3369	0.0133409
3370	0.0133901
3371	0.0134121
3372	0.0134099
3373	0.0133836
3374	0.0133512
3375	0.0132508
3376	0.0132449
3377	0.0132127
3378	0.0131849
3379	0.0132154
3380	0.013262
3381	0.0132791
3382	0.0132424
3383	0.0132197
3384	0.0131998
3385	0.013179
3386	0.0132939
3387	0.0132266
3388	0.0131768
3389	0.013179
3390	0.013168
3391	0.013242
3392	0.013213
3393	0.0131834
3394	0.0131815
3395	0.0132862
3396	0.0133575
3397	0.0134265
3398	0.013373
3399	0.0134526
3400	0.0135042
3401	0.0134331
3402	0.013409
3403	0.0134285
3404	0.0134038
3405	0.0134104
3406	0.0134222
3407	0.0133582
3408	0.0134028
3409	0.0133983
3410	0.013332
3411	0.0133682
3412	0.013293
3413	0.0133405
3414	0.0133252
3415	0.0132849
3416	0.0133183
3417	0.0133155
3418	0.0133646
3419	0.0134031
3420	0.0133273
3421	0.0132764
3422	0.013239
3423	0.0132231
3424	0.0131657
3425	0.0131127
3426	0.0130722
3427	0.0130215
3428	0.0130994
3429	0.0130447
3430	0.0130627
3431	0.0130344
3432	0.0129686
3433	0.0130387
3434	0.0129915
3435	0.0129727
3436	0.0129865
3437	0.0129967
3438	0.0129899
3439	0.0129721
3440	0.012978
3441	0.0129424
3442	0.0129633
3443	0.0129265
3444	0.0129417
3445	0.012943
3446	0.0129698
3447	0.0129972
3448	0.0130217
3449	0.0130267
3450	0.013143
3451	0.0131609
3452	0.0131404
3453	0.0131342
3454	0.0131315
3455	0.0131562
3456	0.0131162
3457	0.0130499
3458	0.0129679
3459	0.0129812
3460	0.0130123
3461	0.0130396
3462	0.0130709
3463	0.0130745
3464	0.0130079
3465	0.0129833
3466	0.0129821
3467	0.0129771
3468	0.0128861
3469	0.012937
3470	0.0128642
3471	0.0128334
3472	0.0128467
3473	0.0128526
3474	0.0127866
3475	0.012722
3476	0.0127882
3477	0.0127593
3478	0.0127845
3479	0.0128194
3480	0.0128274
3481	0.0127861
3482	0.0128443
3483	0.0129088
3484	0.0129253
3485	0.0129566
3486	0.0129203
3487	0.0130108
3488	0.0130534
3489	0.0131536
3490	0.0131176
3491	0.0131401
3492	0.0131539
3493	0.0131854
3494	0.0133071
3495	0.0132875
3496	0.0132617
3497	0.0132509
3498	0.0131883
3499	0.0132103
3500	0.013181
3501	0.0131617
3502	0.0131707
3503	0.013195
3504	0.0131986
3505	0.0132135
3506	0.0132272
3507	0.0132509
3508	0.0132429
3509	0.0133046
3510	0.0133535
3511	0.0132931
3512	0.0132911
3513	0.0133279
3514	0.0133139
3515	0.013302
3516	0.0133408
3517	0.0133778
3518	0.0133807
3519	0.0133779
3520	0.0132887
3521	0.0132999
3522	0.0133165
3523	0.0134036
3524	0.0134286
3525	0.0134266
3526	0.0134318
3527	0.013433
3528	0.0133815
3529	0.0133855
3530	0.0133305
3531	0.0133236
3532	0.0132381
3533	0.0132891
3534	0.0133292
3535	0.0133806
3536	0.0134099
3537	0.0133901
3538	0.0133789
3539	0.0133913
3540	0.0133821
3541	0.0134488
3542	0.0134981
3543	0.0135664
3544	0.0136144
3545	0.0136329
3546	0.0136153
3547	0.0135392
3548	0.0135397
3549	0.0135562
3550	0.0135363
3551	0.0134266
3552	0.0134156
3553	0.0134121
3554	0.0133595
3555	0.0133533
3556	0.0133256
3557	0.0133048
3558	0.0132517
3559	0.0132063
3560	0.0132074
3561	0.0131512
3562	0.013137
3563	0.0132475
3564	0.0132614
3565	0.0133227
3566	0.013344
3567	0.0133034
3568	0.0132672
3569	0.0132763
3570	0.0131983
3571	0.0131731
3572	0.0131934
3573	0.0131788
3574	0.0131886
3575	0.0131481
3576	0.0131136
3577	0.0130856
3578	0.0131054
3579	0.013053
3580	0.0130239
3581	0.0130184
3582	0.013014
3583	0.0130284
3584	0.0130102
3585	0.0129512
3586	0.012932
3587	0.0128579
3588	0.0128766
3589	0.0128231
3590	0.0128227
3591	0.0128465
3592	0.0128188
3593	0.0128458
3594	0.0128272
3595	0.0128512
3596	0.0128701
3597	0.0128125
3598	0.0128293
3599	0.012811
3600	0.0128754
3601	0.0128106
3602	0.0128056
3603	0.0127793
3604	0.0127888
3605	0.0127851
3606	0.0127803
3607	0.0127242
3608	0.0126941
3609	0.0127152
3610	0.0127364
3611	0.0127544
3612	0.0127721
3613	0.0126867
3614	0.0126784
3615	0.012703
3616	0.0127127
3617	0.0127096
3618	0.0127614
3619	0.0128284
3620	0.0129108
3621	0.0128739
3622	0.0128596
3623	0.0129322
3624	0.0128479
3625	0.0128431
3626	0.0128891
3627	0.0129058
3628	0.0128994
3629	0.0129253
3630	0.0129552
3631	0.0129856
3632	0.0130953
3633	0.0130591
3634	0.0130254
3635	0.0129906
3636	0.0130677
3637	0.0130895
3638	0.0131867
3639	0.0131991
3640	0.0132447
3641	0.0133092
3642	0.0133225
3643	0.0133141
3644	0.0132783
3645	0.0132793
3646	0.0132628
3647	0.013321
3648	0.0132826
3649	0.0133939
3650	0.01343
3651	0.0133885
3652	0.0133806
3653	0.0133188
3654	0.0133034
3655	0.0132523
3656	0.0132943
3657	0.0132904
3658	0.0132889
3659	0.0133489
3660	0.0133695
3661	0.0133598
3662	0.0133622
3663	0.0133293
3664	0.0134043
3665	0.0133691
3666	0.0133192
3667	0.0132679
3668	0.0132704
3669	0.0132441
3670	0.0132441
3671	0.0132141
3672	0.0131962
3673	0.0132094
3674	0.0132201
3675	0.0132234
3676	0.0131989
3677	0.0132373
3678	0.0132763
3679	0.0132247
3680	0.0132415
3681	0.013235
3682	0.0132402
3683	0.0132716
3684	0.0132113
3685	0.013237
3686	0.0133092
3687	0.013314
3688	0.0133145
3689	0.0133177
3690	0.0132963
3691	0.0132877
3692	0.0133313
3693	0.0132587
3694	0.0132439
3695	0.0132119
3696	0.0131859
3697	0.0132249
3698	0.0132383
3699	0.0131946
3700	0.0131394
3701	0.0131063
3702	0.0131286
3703	0.013131
3704	0.0130801
3705	0.013008
3706	0.0130223
3707	0.0129755
3708	0.0129791
3709	0.0129833
3710	0.0130338
3711	0.0130376
3712	0.012972
3713	0.0129327
3714	0.0129355
3715	0.0129333
3716	0.0129075
3717	0.0128743
3718	0.012885
3719	0.0128345
3720	0.0128615
3721	0.012839
3722	0.0128993
3723	0.0129076
3724	0.0129081
3725	0.0129178
3726	0.0129361
3727	0.013004
3728	0.0129801
3729	0.0130084
3730	0.0130531
3731	0.0130871
3732	0.0130689
3733	0.0131112
3734	0.013085
3735	0.013101
3736	0.0130701
3737	0.0130205
3738	0.0130003
3739	0.0129557
3740	0.01292
3741	0.0129117
3742	0.0129838
3743	0.0130222
3744	0.0129789
3745	0.0129554
3746	0.0128971
3747	0.0128806
3748	0.0129294
3749	0.0128957
3750	0.0128388
3751	0.0129328
3752	0.0129002
3753	0.0129446
3754	0.0129998
3755	0.0130537
3756	0.0131133
3757	0.0131354
3758	0.013263
3759	0.0131985
3760	0.013236
3761	0.0132206
3762	0.0132392
3763	0.0132975
3764	0.0132026
3765	0.0131924
3766	0.013221
3767	0.0131952
3768	0.0131242
3769	0.0132043
3770	0.0131669
3771	0.0131567
3772	0.0131163
3773	0.0131505
3774	0.0131201
3775	0.0131905
3776	0.0132019
3777	0.0131415
3778	0.0132196
3779	0.0132353
3780	0.013198
3781	0.0132305
3782	0.0132603
3783	0.0132876
3784	0.0133088
3785	0.0132069
3786	0.0132237
3787	0.013268
3788	0.0132848
3789	0.0132517
3790	0.0132248
3791	0.0132754
3792	0.0132461
3793	0.0132952
3794	0.0133173
3795	0.0133188
3796	0.0133654
3797	0.0133762
3798	0.0134421
3799	0.0134608
3800	0.0134669
3801	0.0134699
3802	0.0134096
3803	0.0133956
3804	0.0134106
3805	0.0134449
3806	0.0134898
3807	0.0134947
3808	0.0135082
3809	0.0134611
3810	0.0134915
3811	0.0134853
3812	0.0134865
3813	0.0135425
3814	0.0135192
3815	0.0134816
3816	0.0134888
3817	0.0135479
3818	0.0135059
3819	0.0134696
3820	0.0133959
3821	0.0133626
3822	0.0132869
3823	0.0132686
3824	0.0132333
3825	0.0132
3826	0.0131924
3827	0.0131954
3828	0.0131652
3829	0.0131671
3830	0.0131672
3831	0.0131851
3832	0.013225
3833	0.0131669
3834	0.0131506
3835	0.0131534
3836	0.0131668
3837	0.013096
3838	0.0129643
3839	0.0129956
3840	0.0129649
3841	0.013005
3842	0.0130065
3843	0.0130004
3844	0.0129732
3845	0.0129921
3846	0.0130122
3847	0.0129909
3848	0.0130181
3849	0.0130278
3850	0.0130257
3851	0.0129927
3852	0.0129345
3853	0.0129011
3854	0.012861
3855	0.0129464
3856	0.0129591
3857	0.0129761
3858	0.0129196
3859	0.012896
3860	0.0128735
3861	0.0129006
3862	0.0129462
3863	0.0130196
3864	0.0129912
3865	0.0129647
3866	0.0129322
3867	0.0129518
3868	0.0129832
3869	0.012947
3870	0.013036
3871	0.0129696
3872	0.0129743
3873	0.0129966
3874	0.0129803
3875	0.0129945
3876	0.0130051
3877	0.0129513
3878	0.0129635
3879	0.0129971
3880	0.0129919
3881	0.0130366
3882	0.0129985
3883	0.0130119
3884	0.0129708
3885	0.0130142
3886	0.0130011
3887	0.0130591
3888	0.0130044
3889	0.0130588
3890	0.0130582
3891	0.0130284
3892	0.0130583
3893	0.0130911
3894	0.0130757
3895	0.0130613
3896	0.0129961
3897	0.013076
3898	0.0131107
3899	0.0130877
3900	0.0130779
3901	0.0131481
3902	0.0131776
3903	0.0131591
3904	0.0131614
3905	0.0131517
3906	0.0131306
3907	0.0131618
3908	0.0132041
3909	0.0132361
3910	0.0132191
3911	0.0132055
3912	0.013277
3913	0.0132661
3914	0.0133137
3915	0.0133141
3916	0.0133118
3917	0.0133006
3918	0.0133936
3919	0.0133903
3920	0.0133588
3921	0.013374
3922	0.0134079
3923	0.0133888
3924	0.0133941
3925	0.0134164
3926	0.0134488
3927	0.0134566
3928	0.0134875
3929	0.0134939
3930	0.0134509
3931	0.0134575
3932	0.0134899
3933	0.0134961
3934	0.0134196
3935	0.0134001
3936	0.0134098
3937	0.0134147
3938	0.0133522
3939	0.0132822
3940	0.0132747
3941	0.0132123
3942	0.0132494
3943	0.0132496
3944	0.0132218
3945	0.0132239
3946	0.0131738
3947	0.0132018
3948	0.0132016
3949	0.0132758
3950	0.0133
3951	0.013297
3952	0.0132674
3953	0.0131957
3954	0.0131851
3955	0.0131824
3956	0.0131529
3957	0.0131976
3958	0.013206
3959	0.0131755
3960	0.0131042
3961	0.013084
3962	0.0130657
3963	0.0130697
3964	0.0130881
3965	0.0131532
3966	0.0132242
3967	0.0131974
3968	0.0131276
3969	0.0131148
3970	0.0131708
3971	0.0131686
3972	0.0131649
3973	0.0130976
3974	0.013074
3975	0.0130521
3976	0.0130463
3977	0.012998
3978	0.0130172
3979	0.0130185
3980	0.0129857
3981	0.0129846
3982	0.0128931
3983	0.012912
3984	0.0129453
3985	0.0129271
3986	0.0129053
3987	0.0129436
3988	0.0129567
3989	0.0129493
3990	0.012963
3991	0.0129915
3992	0.0130439
3993	0.0130285
3994	0.0130957
3995	0.0131287
3996	0.0130935
3997	0.0131235
3998	0.013144
3999	0.0131215
4000	0.0131882
4001	0.0131808
4002	0.0131502
4003	0.0131256
4004	0.0130707
4005	0.0131339
4006	0.0131793
4007	0.0131745
4008	0.0131398
4009	0.0131284
4010	0.0130849
4011	0.0130879
4012	0.0129877
4013	0.0129715
4014	0.0128807
4015	0.0128553
4016	0.0128865
4017	0.0128716
4018	0.0128448
4019	0.0128409
4020	0.0129059
4021	0.0128957
4022	0.0128358
4023	0.0127626
4024	0.0128442
4025	0.0128471
4026	0.0129142
4027	0.0129403
4028	0.013024
4029	0.0130415
4030	0.0130396
4031	0.0129421
4032	0.0129338
4033	0.0128957
4034	0.0129224
4035	0.0129415
4036	0.0129693
4037	0.0130109
4038	0.0129991
4039	0.013048
4040	0.0131039
4041	0.0131228
4042	0.0131041
4043	0.013119
4044	0.0131225
4045	0.0131623
4046	0.013178
4047	0.0131494
4048	0.0132304
4049	0.0132167
4050	0.0132869
4051	0.0133413
4052	0.0133273
4053	0.0133925
4054	0.0133854
4055	0.0133995
4056	0.0134269
4057	0.0134236
4058	0.0133856
4059	0.0133444
4060	0.0133368
4061	0.0132815
4062	0.0132922
4063	0.0133314
4064	0.0133533
4065	0.0132759
4066	0.0132466
4067	0.0132228
4068	0.0132225
4069	0.0132833
4070	0.0132699
4071	0.0133164
4072	0.013344
4073	0.0134024
4074	0.0133923
4075	0.013483
4076	0.0134318
4077	0.0134049
4078	0.0134219
4079	0.0134497
4080	0.0134471
4081	0.0134444
4082	0.0134937
4083	0.0135094
4084	0.0135049
4085	0.0135198
4086	0.0135708
4087	0.0135961
4088	0.0136084
4089	0.0135373
4090	0.0135098
4091	0.0134646
4092	0.0134967
4093	0.0135548
4094	0.0135463
4095	0.0136083
4096	0.0136437
4097	0.013611
4098	0.0135425
4099	0.0135173
4100	0.0134372
4101	0.0134536
4102	0.0133439
4103	0.013225
4104	0.0132173
4105	0.013174
4106	0.0131892
4107	0.0131027
4108	0.0130846
4109	0.0130091
4110	0.0130955
4111	0.013066
4112	0.0129865
4113	0.0129596
4114	0.0128877
4115	0.0129182
4116	0.0129005
4117	0.0128995
4118	0.0129178
4119	0.0128896
4120	0.0128727
4121	0.0129491
4122	0.0128802
4123	0.0128804
4124	0.0128776
4125	0.0128657
4126	0.0128575
4127	0.0128349
4128	0.0128301
4129	0.0128622
4130	0.0128709
4131	0.0127893
4132	0.0127125
4133	0.0127342
4134	0.0127242
4135	0.0127442
4136	0.0127435
4137	0.0127153
4138	0.0127079
4139	0.0127135
4140	0.0126932
4141	0.0127348
4142	0.0127211
4143	0.0126507
4144	0.0126198
4145	0.0126219
4146	0.0125754
4147	0.0126064
4148	0.0126044
4149	0.0126319
4150	0.0126904
4151	0.0126944
4152	0.0128086
4153	0.0129134
4154	0.0129012
4155	0.0129194
4156	0.0128802
4157	0.012839
4158	0.0128469
4159	0.0128868
4160	0.0128959
4161	0.0129211
4162	0.0129117
4163	0.0129464
4164	0.0129557
4165	0.0129441
4166	0.0129145
4167	0.0128955
4168	0.0129382
4169	0.0129914
4170	0.0130127
4171	0.0130135
4172	0.0129841
4173	0.013021
4174	0.0130734
4175	0.0130971
4176	0.0131678
4177	0.0131406
4178	0.0131857
4179	0.0131953
4180	0.0131132
4181	0.0131175
4182	0.0131204
4183	0.0131708
4184	0.013223
4185	0.0131803
4186	0.0131673
4187	0.0131358
4188	0.0131613
4189	0.0131575
4190	0.0131757
4191	0.013226
4192	0.0132303
4193	0.0131967
4194	0.0132735
4195	0.0133408
4196	0.0133566
4197	0.0134167
4198	0.0133647
4199	0.013433
4200	0.0134389
4201	0.0133675
4202	0.0133931
4203	0.013382
4204	0.0133689
4205	0.0133112
4206	0.013319
4207	0.0132767
4208	0.0133425
4209	0.0133234
4210	0.0133851
4211	0.0133653
4212	0.0134317
4213	0.0133654
4214	0.0133266
4215	0.013212
4216	0.0132224
4217	0.0132883
4218	0.0132378
4219	0.0132791
4220	0.013406
4221	0.0134472
4222	0.0134233
4223	0.0133415
4224	0.0133562
4225	0.01323
4226	0.0131909
4227	0.0131577
4228	0.0130894
4229	0.0130431
4230	0.012963
4231	0.0129967
4232	0.0129697
4233	0.0130274
4234	0.0129931
4235	0.0129339
4236	0.0130167
4237	0.0130045
4238	0.0130066
4239	0.0130511
4240	0.0130382
4241	0.0130616
4242	0.0129902
4243	0.0129488
4244	0.0129376
4245	0.0129279
4246	0.0128881
4247	0.0129612
4248	0.0129769
4249	0.0130235
4250	0.0129865
4251	0.0129778
4252	0.012952
4253	0.0129421
4254	0.0129127
4255	0.0129323
4256	0.0129434
4257	0.0129859
4258	0.0129451
4259	0.0129825
4260	0.0130424
4261	0.0130085
4262	0.0129503
4263	0.0129755
4264	0.0129736
4265	0.0129812
4266	0.0130139
4267	0.013036
4268	0.0130459
4269	0.0130904
4270	0.0131466
4271	0.0131998
4272	0.013264
4273	0.0132396
4274	0.0133219
4275	0.0133171
4276	0.0133383
4277	0.0133576
4278	0.0133423
4279	0.0132879
4280	0.0132097
4281	0.0132113
4282	0.0131758
4283	0.0131661
4284	0.0131635
4285	0.0132022
4286	0.0132385
4287	0.0132739
4288	0.0132885
4289	0.0133148
4290	0.0133441
4291	0.0132958
4292	0.0132658
4293	0.0132512
4294	0.0132036
4295	0.0131705
4296	0.0131995
4297	0.0131964
4298	0.0131963
4299	0.0132516
4300	0.0132628
4301	0.0132664
4302	0.0132622
4303	0.013305
4304	0.0133052
4305	0.0132784
4306	0.0132952
4307	0.0133597
4308	0.0134027
4309	0.0133582
4310	0.0134259
4311	0.0134075
4312	0.0133865
4313	0.0133969
4314	0.0134667
4315	0.0134122
4316	0.0133928
4317	0.0133259
4318	0.0133225
4319	0.0132787
4320	0.0132651
4321	0.0132209
4322	0.0131664
4323	0.0131359
4324	0.0131613
4325	0.0131716
4326	0.0132141
4327	0.0132049
4328	0.0132171
4329	0.0132411
4330	0.0132228
4331	0.0131963
4332	0.0132081
4333	0.0131912
4334	0.0131442
4335	0.0131414
4336	0.0131217
4337	0.0130747
4338	0.0131243
4339	0.013128
4340	0.0131403
4341	0.0131253
4342	0.0131493
4343	0.0131548
4344	0.0131299
4345	0.0131487
4346	0.0131889
4347	0.0131646
4348	0.0132331
4349	0.013214
4350	0.0131916
4351	0.0132132
4352	0.0132094
4353	0.0131992
4354	0.0131827
4355	0.0132118
4356	0.0132026
4357	0.0131578
4358	0.0131777
4359	0.0131829
4360	0.0132346
4361	0.0131971
4362	0.0132773
4363	0.0133209
4364	0.0133501
4365	0.0133046
4366	0.0133313
4367	0.0132715
4368	0.0132688
4369	0.0132408
4370	0.0132119
4371	0.013184
4372	0.0131413
4373	0.0130876
4374	0.0130846
4375	0.0130875
4376	0.0130198
4377	0.0130301
4378	0.0130122
4379	0.0130039
4380	0.0129802
4381	0.0129954
4382	0.012961
4383	0.0129191
4384	0.0129475
4385	0.0129326
4386	0.0129343
4387	0.0129005
4388	0.0129397
4389	0.0129229
4390	0.0129007
4391	0.0129486
4392	0.0128932
4393	0.012878
4394	0.0129165
4395	0.0129842
4396	0.0129481
4397	0.0129333
4398	0.0129083
4399	0.0128761
4400	0.0129098
4401	0.0128934
4402	0.0128991
4403	0.0129304
4404	0.0129137
4405	0.0129232
4406	0.0129712
4407	0.0129057
4408	0.0129031
4409	0.0129144
4410	0.0129732
4411	0.012999
4412	0.0130229
4413	0.0130143
4414	0.0130025
4415	0.0130661
4416	0.0130682
4417	0.013074
4418	0.0130615
4419	0.0130548
4420	0.0130632
4421	0.0131344
4422	0.0130745
4423	0.0130498
4424	0.0130474
4425	0.0130501
4426	0.0130588
4427	0.0131452
4428	0.0131668
4429	0.0130554
4430	0.0130553
4431	0.0130016
4432	0.0130008
4433	0.0130267
4434	0.0129705
4435	0.0129999
4436	0.0129323
4437	0.0130155
4438	0.0129895
4439	0.0129549
4440	0.0129649
4441	0.0129181
4442	0.0129858
4443	0.0130298
4444	0.0130251
4445	0.0130058
4446	0.0129561
4447	0.0129895
4448	0.0130354
4449	0.0130388
4450	0.0130921
4451	0.0130663
4452	0.0130984
4453	0.0131102
4454	0.0131142
4455	0.0130706
4456	0.0131016
4457	0.013172
4458	0.0131467
4459	0.0131975
4460	0.013254
4461	0.0132843
4462	0.0132083
4463	0.0132248
4464	0.0132547
4465	0.0132855
4466	0.0132498
4467	0.0132638
4468	0.0132747
4469	0.0133076
4470	0.0133034
4471	0.0133359
4472	0.0133369
4473	0.0133394
4474	0.0133474
4475	0.0133756
4476	0.0133619
4477	0.0133174
4478	0.0133384
4479	0.0133703
4480	0.0132882
4481	0.0133546
4482	0.013344
4483	0.0133392
4484	0.0133102
4485	0.0133422
4486	0.0133594
4487	0.0133342
4488	0.0133342
4489	0.0132788
4490	0.0132696
4491	0.0132023
4492	0.0131695
4493	0.0131772
4494	0.0131895
4495	0.0131317
4496	0.0131756
4497	0.0131644
4498	0.0131684
4499	0.0131904
4500	0.0131685
4501	0.0132186
4502	0.0132309
4503	0.0132439
4504	0.0132425
4505	0.0133326
4506	0.0132511
4507	0.0132722
4508	0.0132498
4509	0.0132425
4510	0.0132684
4511	0.0133093
4512	0.013312
4513	0.0133209
4514	0.0133222
4515	0.0133324
4516	0.0133646
4517	0.0133032
4518	0.0132484
4519	0.0132329
4520	0.0131654
4521	0.0131321
4522	0.0130961
4523	0.0130836
4524	0.0130284
4525	0.0130676
4526	0.0130803
4527	0.0130646
4528	0.0130623
4529	0.012995
4530	0.0130134
4531	0.0130766
4532	0.0130139
4533	0.0130567
4534	0.0130982
4535	0.0130789
4536	0.013063
4537	0.0131125
4538	0.0131344
4539	0.0130594
4540	0.0130627
4541	0.0130304
4542	0.0130749
4543	0.0131319
4544	0.0131616
4545	0.0131503
4546	0.0132075
4547	0.0132647
4548	0.0132988
4549	0.0132749
4550	0.0132318
4551	0.0131838
4552	0.0132016
4553	0.0131212
4554	0.0131048
4555	0.0131097
4556	0.0131089
4557	0.013008
4558	0.0129967
4559	0.0130472
4560	0.0130103
4561	0.0130089
4562	0.0129527
4563	0.0130016
4564	0.01298
4565	0.012928
4566	0.0128273
4567	0.0128025
4568	0.0128337
4569	0.0128403
4570	0.012896
4571	0.0129334
4572	0.0129092
4573	0.0128363
4574	0.012856
4575	0.0128721
4576	0.0128188
4577	0.0128358
4578	0.0128326
4579	0.0128447
4580	0.0127761
4581	0.0127893
4582	0.0127935
4583	0.0127598
4584	0.0128087
4585	0.0128059
4586	0.0128764
4587	0.0129209
4588	0.0128684
4589	0.0129053
4590	0.0129157
4591	0.0129307
4592	0.0128845
4593	0.0129282
4594	0.0129006
4595	0.0129452
4596	0.0129864
4597	0.0130218
4598	0.0130194
4599	0.0130312
4600	0.0130883
4601	0.0130846
4602	0.0131214
4603	0.0131154
4604	0.0131564
4605	0.0131603
4606	0.0131853
4607	0.0131717
4608	0.0131958
4609	0.0132139
4610	0.0132666
4611	0.0133132
4612	0.0133157
4613	0.0132976
4614	0.0133291
4615	0.0133259
4616	0.0133524
4617	0.0134309
4618	0.0134495
4619	0.0134463
4620	0.0134541
4621	0.0134901
4622	0.0134618
4623	0.0134818
4624	0.0135528
4625	0.0135571
4626	0.0135434
4627	0.0135438
4628	0.0134875
4629	0.0134896
4630	0.0134919
4631	0.013532
4632	0.0135054
4633	0.0134708
4634	0.0134476
4635	0.01345
4636	0.0134319
4637	0.0134704
4638	0.0134559
4639	0.0134785
4640	0.0133734
4641	0.0133068
4642	0.0133842
4643	0.013407
4644	0.0133757
4645	0.0133501
4646	0.013347
4647	0.0132652
4648	0.0132621
4649	0.0132782
4650	0.0132487
4651	0.0132888
4652	0.0132477
4653	0.0132557
4654	0.0133011
4655	0.0132889
4656	0.0133244
4657	0.0133064
4658	0.0132426
4659	0.0132058
4660	0.0132084
4661	0.0131945
4662	0.0132041
4663	0.0131499
4664	0.0131889
4665	0.0132069
4666	0.0132097
4667	0.0131542
4668	0.0130959
4669	0.0131111
4670	0.0131628
4671	0.0131669
4672	0.0131822
4673	0.0131658
4674	0.0131317
4675	0.0131601
4676	0.0131517
4677	0.0132111
4678	0.0132729
4679	0.0132491
4680	0.0131806
4681	0.013206
4682	0.0131966
4683	0.0131553
4684	0.0131004
4685	0.0130776
4686	0.013155
4687	0.0131539
4688	0.0131387
4689	0.0131663
4690	0.0130778
4691	0.0130361
4692	0.0130377
4693	0.0129493
4694	0.0129879
4695	0.0129798
4696	0.0129055
4697	0.0129807
4698	0.0129635
4699	0.0129169
4700	0.0129289
4701	0.0129345
4702	0.0129628
4703	0.0129662
4704	0.0129316
4705	0.0129463
4706	0.0128855
4707	0.012841
4708	0.0128211
4709	0.0128923
4710	0.0128821
4711	0.0129234
4712	0.0129676
4713	0.013042
4714	0.0130884
4715	0.0130587
4716	0.0129482
4717	0.0129094
4718	0.0129067
4719	0.0129437
4720	0.0129562
4721	0.0129546
4722	0.0129481
4723	0.0129413
4724	0.0128735
4725	0.0128745
4726	0.0128822
4727	0.0128529
4728	0.0128383
4729	0.0128507
4730	0.0128717
4731	0.0128838
4732	0.0129259
4733	0.0129075
4734	0.0128979
4735	0.0128221
4736	0.0128356
4737	0.0128586
4738	0.0128845
4739	0.0128618
4740	0.0128916
4741	0.0129351
4742	0.0128803
4743	0.0128644
4744	0.0129101
4745	0.0128523
4746	0.0128918
4747	0.0129981
4748	0.0130739
4749	0.0131683
4750	0.013156
4751	0.0132474
4752	0.0132619
4753	0.0133115
4754	0.0133932
4755	0.0134087
4756	0.0134064
4757	0.0133616
4758	0.0133413
4759	0.013298
4760	0.0132686
4761	0.0132326
4762	0.0131971
4763	0.0132735
4764	0.013394
4765	0.013402
4766	0.0134039
4767	0.0133972
4768	0.0134292
4769	0.013452
4770	0.0134402
4771	0.0134573
4772	0.0134849
4773	0.0135231
4774	0.0135115
4775	0.0134011
4776	0.0134493
4777	0.0133917
4778	0.0133993
4779	0.0133756
4780	0.0133994
4781	0.0133714
4782	0.0133772
4783	0.0133279
4784	0.0133412
4785	0.0132636
4786	0.0133436
4787	0.0133482
4788	0.0133735
4789	0.0133871
4790	0.0133571
4791	0.0132417
4792	0.0132544
4793	0.0132693
4794	0.0132777
4795	0.0133509
4796	0.0133362
4797	0.0132871
4798	0.0132881
4799	0.0132395
4800	0.0131851
4801	0.0131468
4802	0.0131782
4803	0.0131434
4804	0.0131549
4805	0.0131426
4806	0.0130608
4807	0.0129897
4808	0.013049
4809	0.0130426
4810	0.0131516
4811	0.0131037
4812	0.0131714
4813	0.0131091
4814	0.0131285
4815	0.0131271
4816	0.0130982
4817	0.0130402
4818	0.0130098
4819	0.0129808
4820	0.0130102
4821	0.0130794
4822	0.0130658
4823	0.0130341
4824	0.012983
4825	0.0129636
4826	0.0129653
4827	0.0130057
4828	0.0129909
4829	0.0130042
4830	0.0130023
4831	0.0130368
4832	0.0130166
4833	0.0130393
4834	0.013131
4835	0.0131774
4836	0.0131903
4837	0.0131498
4838	0.0132071
4839	0.0132144
4840	0.0131719
4841	0.0132212
4842	0.0131786
4843	0.013137
4844	0.0132061
4845	0.0132296
4846	0.0132247
4847	0.0132245
4848	0.0132337
4849	0.0132061
4850	0.0132015
4851	0.0131723
4852	0.013048
4853	0.0130003
4854	0.0130776
4855	0.0130126
4856	0.0130505
4857	0.0130455
4858	0.0130526
4859	0.0131163
4860	0.0131837
4861	0.0132312
4862	0.0131982
4863	0.0131739
4864	0.0131112
4865	0.0130858
4866	0.0131016
4867	0.0130797
4868	0.0131306
4869	0.0131088
4870	0.0131126
4871	0.0131593
4872	0.0132184
4873	0.0132389
4874	0.0132444
4875	0.0132569
4876	0.0132993
4877	0.0133276
4878	0.0133074
4879	0.0133045
4880	0.013279
4881	0.0133207
4882	0.0132878
4883	0.0133171
4884	0.0132793
4885	0.0132367
4886	0.0132177
4887	0.0131839
4888	0.0131553
4889	0.0131138
4890	0.0131285
4891	0.0130615
4892	0.013055
4893	0.0130657
4894	0.0130595
4895	0.0129739
4896	0.0129362
4897	0.012899
4898	0.0128257
4899	0.0127331
4900	0.0127206
4901	0.0127514
4902	0.0127556
4903	0.0127917
4904	0.0127807
4905	0.012834
4906	0.0128726
4907	0.0128727
4908	0.012936
4909	0.0129452
4910	0.0129152
4911	0.0129202
4912	0.0128552
4913	0.0128526
4914	0.0128748
4915	0.012856
4916	0.0128218
4917	0.0128505
4918	0.0128222
4919	0.0128417
4920	0.0128239
4921	0.012808
4922	0.0127823
4923	0.0127741
4924	0.0127922
4925	0.0127914
4926	0.0127904
4927	0.0128411
4928	0.012895
4929	0.0128899
4930	0.0128668
4931	0.0128786
4932	0.0129129
4933	0.0129699
4934	0.0130407
4935	0.0130548
4936	0.0131775
4937	0.0131933
4938	0.0132182
4939	0.0132617
4940	0.0132457
4941	0.0132014
4942	0.013181
4943	0.0131716
4944	0.013188
4945	0.0132079
4946	0.0132354
4947	0.0132523
4948	0.0131983
4949	0.0132848
4950	0.0132779
4951	0.0132929
4952	0.0133923
4953	0.0134426
4954	0.0134855
4955	0.0134839
4956	0.0134686
4957	0.0135018
4958	0.0135419
4959	0.0135827
4960	0.013619
4961	0.0135558
4962	0.0135317
4963	0.0135285
4964	0.013569
4965	0.0135257
4966	0.0135055
4967	0.0134792
4968	0.0134997
4969	0.0135112
4970	0.0135173
4971	0.0135167
4972	0.0134611
4973	0.0133485
4974	0.0133475
4975	0.0134075
4976	0.0133904
4977	0.0133986
4978	0.0134138
4979	0.0134398
4980	0.0134002
4981	0.0134204
4982	0.0133567
4983	0.0133316
4984	0.0133442
4985	0.0133429
4986	0.0133348
4987	0.0133471
4988	0.0133688
4989	0.0133937
4990	0.0133974
4991	0.0134073
4992	0.0134103
4993	0.013304
4994	0.0133106
4995	0.0132299
4996	0.0132054
4997	0.0132243
4998	0.0131772
4999	0.0131335
5000	0.0131412
