0	0
1	0.00281696
2	0.00716694
3	0.0148305
4	0.0295694
5	0.0497363
6	0.0750003
7	0.114167
8	0.167828
9	0.22956
10	0.299313
11	0.37254
12	0.446095
13	0.513955
14	0.576495
15	0.631256
16	0.67865
17	0.71851
18	0.751396
19	0.778646
20	0.801296
21	0.819549
22	0.834057
23	0.845304
24	0.853937
25	0.860472
26	0.865291
27	0.868769
28	0.871014
29	0.87224
30	0.872548
31	0.872097
32	0.871105
33	0.869594
34	0.867679
35	0.865401
36	0.862838
37	0.860062
38	0.857112
39	0.853995
40	0.850743
41	0.847361
42	0.843899
43	0.840366
44	0.836758
45	0.833091
46	0.829386
47	0.825647
48	0.821884
49	0.818101
50	0.814294
51	0.810475
52	0.806647
53	0.80281
54	0.798971
55	0.795136
56	0.791303
57	0.787478
58	0.783662
59	0.77986
60	0.776071
61	0.772291
62	0.768524
63	0.764769
64	0.761027
65	0.757297
66	0.753581
67	0.749879
68	0.746193
69	0.742522
70	0.738868
71	0.735228
72	0.731605
73	0.727998
74	0.724411
75	0.720842
76	0.717292
77	0.713759
78	0.710241
79	0.70674
80	0.703255
81	0.699787
82	0.696334
83	0.692897
84	0.68948
85	0.68608
86	0.682699
87	0.679338
88	0.675993
89	0.672665
90	0.669354
91	0.666059
92	0.662784
93	0.659529
94	0.656289
95	0.653067
96	0.64986
97	0.646674
98	0.643506
99	0.640352
100	0.637212
101	0.634089
102	0.630984
103	0.627894
104	0.62482
105	0.62176
106	0.618713
107	0.615684
108	0.612671
109	0.609679
110	0.606702
111	0.603742
112	0.600798
113	0.597867
114	0.594952
115	0.592059
116	0.589191
117	0.586344
118	0.583515
119	0.580705
120	0.577917
121	0.575148
122	0.57241
123	0.569703
124	0.567018
125	0.56435
126	0.561703
127	0.559074
128	0.556464
129	0.553888
130	0.551352
131	0.548863
132	0.546413
133	0.544001
134	0.541647
135	0.539346
136	0.53707
137	0.534872
138	0.532762
139	0.530733
140	0.52876
141	0.526843
142	0.525027
143	0.523257
144	0.521567
145	0.519925
146	0.518423
147	0.517188
148	0.516143
149	0.515214
150	0.514303
151	0.513482
152	0.512852
153	0.512422
154	0.512116
155	0.51217
156	0.512587
157	0.513143
158	0.514311
159	0.51596
160	0.518143
161	0.521279
162	0.524886
163	0.52903
164	0.533619
165	0.539133
166	0.545625
167	0.553641
168	0.563014
169	0.572846
170	0.583665
171	0.594348
172	0.605611
173	0.616874
174	0.627581
175	0.638102
176	0.6481
177	0.657732
178	0.666729
179	0.674771
180	0.681984
181	0.688984
182	0.695623
183	0.701609
184	0.707291
185	0.71281
186	0.718169
187	0.723189
188	0.727596
189	0.73172
190	0.735594
191	0.739125
192	0.742336
193	0.745128
194	0.747482
195	0.749401
196	0.750938
197	0.752117
198	0.752761
199	0.752934
200	0.752837
201	0.752555
202	0.752133
203	0.751507
204	0.750627
205	0.749484
206	0.748147
207	0.746563
208	0.744824
209	0.742988
210	0.741061
211	0.739098
212	0.737077
213	0.734976
214	0.732801
215	0.730534
216	0.728222
217	0.725937
218	0.723667
219	0.721426
220	0.719185
221	0.716889
222	0.714584
223	0.71228
224	0.709964
225	0.707701
226	0.705402
227	0.703106
228	0.700781
229	0.698434
230	0.696057
231	0.693631
232	0.691176
233	0.688712
234	0.68628
235	0.68384
236	0.68141
237	0.679021
238	0.676632
239	0.674222
240	0.671783
241	0.669361
242	0.666926
243	0.664497
244	0.662121
245	0.659776
246	0.657502
247	0.655282
248	0.653072
249	0.650861
250	0.648638
251	0.646408
252	0.644215
253	0.642037
254	0.639889
255	0.637816
256	0.635827
257	0.633887
258	0.631965
259	0.630082
260	0.628204
261	0.626341
262	0.624524
263	0.622702
264	0.620899
265	0.619204
266	0.617552
267	0.615959
268	0.614554
269	0.613262
270	0.612046
271	0.610909
272	0.609756
273	0.608788
274	0.607983
275	0.607245
276	0.606392
277	0.605689
278	0.605159
279	0.604643
280	0.60412
281	0.603624
282	0.603166
283	0.602997
284	0.602987
285	0.602959
286	0.602859
287	0.602905
288	0.603278
289	0.604045
290	0.604834
291	0.605618
292	0.606403
293	0.607544
294	0.609129
295	0.610801
296	0.612905
297	0.615245
298	0.61808
299	0.621104
300	0.624149
301	0.627325
302	0.630341
303	0.633431
304	0.6367
305	0.639644
306	0.642597
307	0.646164
308	0.650459
309	0.654588
310	0.658522
311	0.661971
312	0.665315
313	0.668301
314	0.671099
315	0.673512
316	0.676353
317	0.678946
318	0.681199
319	0.683418
320	0.685545
321	0.687784
322	0.689985
323	0.691995
324	0.693831
325	0.695374
326	0.696558
327	0.697293
328	0.697652
329	0.697912
330	0.698145
331	0.698216
332	0.698052
333	0.697879
334	0.697746
335	0.697641
336	0.697363
337	0.696936
338	0.696258
339	0.695414
340	0.694453
341	0.693372
342	0.692247
343	0.691123
344	0.689923
345	0.688641
346	0.687188
347	0.685665
348	0.68415
349	0.682587
350	0.680973
351	0.679337
352	0.677709
353	0.67626
354	0.674793
355	0.673269
356	0.671715
357	0.670165
358	0.66877
359	0.667353
360	0.665915
361	0.664441
362	0.663022
363	0.661571
364	0.66021
365	0.658862
366	0.657459
367	0.656093
368	0.65471
369	0.653369
370	0.652078
371	0.650746
372	0.649468
373	0.648228
374	0.646857
375	0.645369
376	0.643931
377	0.642649
378	0.641396
379	0.640227
380	0.639
381	0.637779
382	0.636658
383	0.635576
384	0.634554
385	0.633569
386	0.632671
387	0.631744
388	0.630889
389	0.630023
390	0.629209
391	0.628329
392	0.627588
393	0.626971
394	0.626536
395	0.626655
396	0.627003
397	0.627475
398	0.627929
399	0.62841
400	0.629052
401	0.629989
402	0.630988
403	0.632231
404	0.633419
405	0.634493
406	0.635337
407	0.636167
408	0.636966
409	0.637795
410	0.63873
411	0.639841
412	0.640926
413	0.64202
414	0.643309
415	0.644588
416	0.645985
417	0.647342
418	0.648428
419	0.649629
420	0.650898
421	0.652091
422	0.653453
423	0.654878
424	0.65651
425	0.657914
426	0.659204
427	0.6607
428	0.662279
429	0.663507
430	0.664403
431	0.665104
432	0.665806
433	0.666401
434	0.666834
435	0.667155
436	0.667315
437	0.667494
438	0.667614
439	0.667734
440	0.667746
441	0.667621
442	0.667486
443	0.667274
444	0.66703
445	0.666737
446	0.666524
447	0.666361
448	0.666326
449	0.666186
450	0.666162
451	0.666287
452	0.666449
453	0.666423
454	0.666314
455	0.666112
456	0.665829
457	0.66561
458	0.665458
459	0.66522
460	0.665096
461	0.664914
462	0.664769
463	0.664578
464	0.664375
465	0.664057
466	0.663906
467	0.663791
468	0.663565
469	0.663407
470	0.663222
471	0.662913
472	0.662525
473	0.662057
474	0.661704
475	0.661415
476	0.661189
477	0.660986
478	0.66084
479	0.660706
480	0.66045
481	0.660326
482	0.660265
483	0.660316
484	0.660402
485	0.660568
486	0.660805
487	0.661036
488	0.661138
489	0.661171
490	0.661393
491	0.661813
492	0.66214
493	0.662445
494	0.662837
495	0.663362
496	0.663582
497	0.663633
498	0.663665
499	0.663604
500	0.663381
501	0.663062
502	0.662751
503	0.662364
504	0.661915
505	0.661412
506	0.660897
507	0.660335
508	0.659895
509	0.659575
510	0.659153
511	0.658678
512	0.658144
513	0.657451
514	0.656693
515	0.6558
516	0.654789
517	0.653775
518	0.652762
519	0.651799
520	0.65081
521	0.64974
522	0.648705
523	0.647618
524	0.646522
525	0.645471
526	0.64449
527	0.643586
528	0.642868
529	0.64211
530	0.641174
531	0.640225
532	0.639278
533	0.638291
534	0.637208
535	0.636134
536	0.635158
537	0.634216
538	0.633309
539	0.632328
540	0.63137
541	0.630571
542	0.629953
543	0.629323
544	0.628687
545	0.628172
546	0.627749
547	0.627397
548	0.627013
549	0.626527
550	0.626131
551	0.62579
552	0.625423
553	0.625242
554	0.625153
555	0.625188
556	0.625308
557	0.62533
558	0.625661
559	0.626059
560	0.626285
561	0.626422
562	0.626624
563	0.626852
564	0.627204
565	0.627714
566	0.628258
567	0.628783
568	0.629103
569	0.629292
570	0.629624
571	0.630091
572	0.630625
573	0.631143
574	0.63164
575	0.632415
576	0.633443
577	0.634432
578	0.635545
579	0.63646
580	0.637528
581	0.63864
582	0.639561
583	0.64056
584	0.641571
585	0.642616
586	0.643435
587	0.64402
588	0.644355
589	0.644471
590	0.644695
591	0.644789
592	0.644882
593	0.645079
594	0.645258
595	0.645275
596	0.645147
597	0.645308
598	0.645476
599	0.64547
600	0.645417
601	0.645385
602	0.645436
603	0.645389
604	0.645439
605	0.645554
606	0.645773
607	0.646065
608	0.646412
609	0.646703
610	0.647027
611	0.647515
612	0.648015
613	0.648607
614	0.649251
615	0.649955
616	0.65082
617	0.651909
618	0.653372
619	0.654602
620	0.655671
621	0.656416
622	0.656947
623	0.657394
624	0.65801
625	0.65864
626	0.659446
627	0.660118
628	0.66088
629	0.661558
630	0.662184
631	0.662804
632	0.663342
633	0.663698
634	0.664216
635	0.664823
636	0.665521
637	0.666161
638	0.666761
639	0.667509
640	0.668106
641	0.668553
642	0.669013
643	0.669543
644	0.669992
645	0.670489
646	0.670862
647	0.671078
648	0.671202
649	0.671432
650	0.671589
651	0.671566
652	0.671586
653	0.671526
654	0.671706
655	0.672021
656	0.672365
657	0.67261
658	0.672726
659	0.67269
660	0.67252
661	0.672379
662	0.672239
663	0.672079
664	0.671829
665	0.671777
666	0.671775
667	0.671714
668	0.671672
669	0.671916
670	0.672352
671	0.672719
672	0.673089
673	0.673532
674	0.673684
675	0.673639
676	0.673503
677	0.673302
678	0.673128
679	0.672899
680	0.672421
681	0.671866
682	0.671221
683	0.670587
684	0.669918
685	0.669251
686	0.668618
687	0.667867
688	0.667165
689	0.666479
690	0.665841
691	0.665141
692	0.664395
693	0.663607
694	0.662946
695	0.662355
696	0.66171
697	0.661022
698	0.660272
699	0.659323
700	0.658557
701	0.657929
702	0.657312
703	0.656622
704	0.655907
705	0.655128
706	0.654307
707	0.653617
708	0.652904
709	0.6522
710	0.651558
711	0.650939
712	0.650304
713	0.649941
714	0.649805
715	0.64988
716	0.649923
717	0.649872
718	0.649846
719	0.649877
720	0.650171
721	0.650786
722	0.651213
723	0.651798
724	0.652665
725	0.653561
726	0.65435
727	0.654984
728	0.655541
729	0.656027
730	0.656462
731	0.656829
732	0.657198
733	0.657543
734	0.657738
735	0.657694
736	0.657595
737	0.657544
738	0.657487
739	0.657299
740	0.657263
741	0.657248
742	0.657213
743	0.657327
744	0.65738
745	0.657626
746	0.65795
747	0.658328
748	0.658757
749	0.65921
750	0.659763
751	0.660098
752	0.660314
753	0.66056
754	0.660664
755	0.660813
756	0.660813
757	0.66072
758	0.660654
759	0.660521
760	0.660358
761	0.660277
762	0.660251
763	0.660338
764	0.66062
765	0.660899
766	0.66116
767	0.661444
768	0.661613
769	0.661713
770	0.661785
771	0.661927
772	0.662095
773	0.662337
774	0.662432
775	0.66238
776	0.662292
777	0.662219
778	0.662196
779	0.662072
780	0.661955
781	0.661848
782	0.661497
783	0.661112
784	0.660732
785	0.660322
786	0.65989
787	0.659515
788	0.659013
789	0.658707
790	0.65867
791	0.658704
792	0.658795
793	0.658872
794	0.658834
795	0.658715
796	0.658554
797	0.658288
798	0.658095
799	0.65781
800	0.657451
801	0.656952
802	0.65641
803	0.655824
804	0.655328
805	0.654794
806	0.654152
807	0.653589
808	0.652976
809	0.652394
810	0.651864
811	0.651183
812	0.650507
813	0.649821
814	0.649222
815	0.648701
816	0.6482
817	0.647645
818	0.647213
819	0.646855
820	0.646708
821	0.647085
822	0.647535
823	0.647999
824	0.648656
825	0.649292
826	0.649821
827	0.650486
828	0.650922
829	0.65159
830	0.652328
831	0.653129
832	0.653945
833	0.65492
834	0.656042
835	0.657378
836	0.658752
837	0.660335
838	0.661961
839	0.663623
840	0.665298
841	0.666563
842	0.667804
843	0.669009
844	0.669963
845	0.670884
846	0.671652
847	0.67219
848	0.672712
849	0.673101
850	0.67327
851	0.6734
852	0.673646
853	0.673709
854	0.673613
855	0.673351
856	0.673249
857	0.673279
858	0.672943
859	0.672427
860	0.671897
861	0.671306
862	0.670644
863	0.669892
864	0.66922
865	0.66847
866	0.667654
867	0.666855
868	0.666102
869	0.665661
870	0.665468
871	0.665379
872	0.665146
873	0.664948
874	0.664635
875	0.66428
876	0.663918
877	0.663421
878	0.662864
879	0.662382
880	0.661984
881	0.661677
882	0.661421
883	0.661177
884	0.660892
885	0.660605
886	0.660324
887	0.660127
888	0.660002
889	0.659805
890	0.659373
891	0.658918
892	0.658486
893	0.658051
894	0.657472
895	0.656964
896	0.656475
897	0.655793
898	0.655191
899	0.654586
900	0.653989
901	0.653349
902	0.652646
903	0.652005
904	0.651383
905	0.650719
906	0.650065
907	0.649433
908	0.64866
909	0.647782
910	0.646933
911	0.646035
912	0.645052
913	0.64405
914	0.643248
915	0.642635
916	0.642144
917	0.64173
918	0.641358
919	0.641034
920	0.64074
921	0.640703
922	0.640728
923	0.640608
924	0.640465
925	0.640366
926	0.640321
927	0.640302
928	0.640278
929	0.640222
930	0.640165
931	0.640073
932	0.639954
933	0.639873
934	0.639679
935	0.639567
936	0.639645
937	0.639815
938	0.640083
939	0.640292
940	0.64074
941	0.641133
942	0.641366
943	0.64185
944	0.642321
945	0.642905
946	0.643504
947	0.644056
948	0.644916
949	0.645939
950	0.646797
951	0.647645
952	0.648371
953	0.649299
954	0.650332
955	0.651489
956	0.652432
957	0.653539
958	0.654686
959	0.655827
960	0.656886
961	0.657966
962	0.658998
963	0.659901
964	0.660534
965	0.661052
966	0.661553
967	0.662122
968	0.662843
969	0.663635
970	0.66453
971	0.665289
972	0.666113
973	0.667027
974	0.66772
975	0.668268
976	0.668829
977	0.669268
978	0.669523
979	0.669763
980	0.669942
981	0.669931
982	0.669866
983	0.669743
984	0.669652
985	0.669401
986	0.669159
987	0.668825
988	0.668533
989	0.66809
990	0.667593
991	0.666981
992	0.666195
993	0.665416
994	0.664587
995	0.663743
996	0.662886
997	0.662251
998	0.661707
999	0.661461
1000	0.66121
1001	0.661054
1002	0.660806
1003	0.660528
1004	0.660281
1005	0.659965
1006	0.659519
1007	0.659092
1008	0.658783
1009	0.658517
1010	0.658326
1011	0.658049
1012	0.65783
1013	0.657611
1014	0.657451
1015	0.657132
1016	0.656858
1017	0.656572
1018	0.656391
1019	0.656209
1020	0.655981
1021	0.655867
1022	0.655885
1023	0.655789
1024	0.655536
1025	0.655364
1026	0.655317
1027	0.655255
1028	0.65516
1029	0.654889
1030	0.654619
1031	0.654164
1032	0.653735
1033	0.653305
1034	0.653041
1035	0.652777
1036	0.652664
1037	0.652551
1038	0.652525
1039	0.652572
1040	0.652543
1041	0.652817
1042	0.653203
1043	0.653837
1044	0.65475
1045	0.655484
1046	0.656225
1047	0.656737
1048	0.657455
1049	0.658499
1050	0.659536
1051	0.66066
1052	0.661669
1053	0.662786
1054	0.663759
1055	0.664682
1056	0.665583
1057	0.666272
1058	0.667063
1059	0.667927
1060	0.668667
1061	0.669407
1062	0.669988
1063	0.670449
1064	0.670778
1065	0.670856
1066	0.670765
1067	0.67049
1068	0.670215
1069	0.669697
1070	0.669187
1071	0.668685
1072	0.668156
1073	0.667529
1074	0.666906
1075	0.666334
1076	0.665648
1077	0.664815
1078	0.663888
1079	0.662955
1080	0.662143
1081	0.661369
1082	0.660553
1083	0.659611
1084	0.658726
1085	0.657652
1086	0.656574
1087	0.655424
1088	0.654216
1089	0.653142
1090	0.652043
1091	0.650957
1092	0.649959
1093	0.649012
1094	0.648024
1095	0.647021
1096	0.646058
1097	0.645049
1098	0.644043
1099	0.643173
1100	0.642431
1101	0.641711
1102	0.641258
1103	0.640932
1104	0.640543
1105	0.640046
1106	0.639478
1107	0.639048
1108	0.638509
1109	0.638101
1110	0.637757
1111	0.637543
1112	0.637418
1113	0.637507
1114	0.637615
1115	0.63764
1116	0.637619
1117	0.637497
1118	0.637445
1119	0.637339
1120	0.637206
1121	0.637456
1122	0.637921
1123	0.638702
1124	0.639614
1125	0.640436
1126	0.641534
1127	0.642799
1128	0.644371
1129	0.646015
1130	0.64768
1131	0.649568
1132	0.65142
1133	0.653424
1134	0.655526
1135	0.657758
1136	0.659937
1137	0.661893
1138	0.663767
1139	0.665558
1140	0.667029
1141	0.668498
1142	0.669748
1143	0.670933
1144	0.672096
1145	0.673055
1146	0.673989
1147	0.674961
1148	0.675805
1149	0.676535
1150	0.677039
1151	0.677441
1152	0.677875
1153	0.678039
1154	0.678157
1155	0.67817
1156	0.678224
1157	0.67827
1158	0.67832
1159	0.67856
1160	0.678766
1161	0.678894
1162	0.678828
1163	0.678592
1164	0.678313
1165	0.677948
1166	0.6776
1167	0.67722
1168	0.676751
1169	0.676065
1170	0.675221
1171	0.674254
1172	0.6733
1173	0.672313
1174	0.671242
1175	0.670153
1176	0.66912
1177	0.668071
1178	0.666919
1179	0.665664
1180	0.6644
1181	0.663168
1182	0.661922
1183	0.660638
1184	0.659329
1185	0.658055
1186	0.656755
1187	0.655405
1188	0.654017
1189	0.652652
1190	0.651389
1191	0.650345
1192	0.649348
1193	0.648339
1194	0.647446
1195	0.646677
1196	0.645923
1197	0.645196
1198	0.644471
1199	0.643617
1200	0.642757
1201	0.642012
1202	0.641447
1203	0.640904
1204	0.640346
1205	0.639697
1206	0.639036
1207	0.638325
1208	0.637597
1209	0.63673
1210	0.635753
1211	0.634716
1212	0.633733
1213	0.632818
1214	0.631857
1215	0.630915
1216	0.630011
1217	0.629161
1218	0.628327
1219	0.627669
1220	0.627138
1221	0.626771
1222	0.626611
1223	0.626502
1224	0.626366
1225	0.626236
1226	0.626013
1227	0.625723
1228	0.625272
1229	0.624807
1230	0.624588
1231	0.624686
1232	0.625042
1233	0.625723
1234	0.626409
1235	0.626972
1236	0.627596
1237	0.628383
1238	0.629216
1239	0.630028
1240	0.630807
1241	0.631471
1242	0.632276
1243	0.633009
1244	0.633707
1245	0.634531
1246	0.635557
1247	0.636748
1248	0.637624
1249	0.638599
1250	0.639423
1251	0.640559
1252	0.641722
1253	0.642998
1254	0.644422
1255	0.645947
1256	0.647279
1257	0.648827
1258	0.650393
1259	0.652005
1260	0.65382
1261	0.65572
1262	0.657572
1263	0.659246
1264	0.660834
1265	0.662483
1266	0.664203
1267	0.666059
1268	0.668
1269	0.669705
1270	0.671395
1271	0.673162
1272	0.674848
1273	0.676314
1274	0.677912
1275	0.679451
1276	0.680955
1277	0.68251
1278	0.683836
1279	0.685098
1280	0.686025
1281	0.686942
1282	0.687739
1283	0.688566
1284	0.689498
1285	0.690347
1286	0.690985
1287	0.691587
1288	0.692235
1289	0.692753
1290	0.692955
1291	0.692896
1292	0.692804
1293	0.692675
1294	0.692427
1295	0.69199
1296	0.691347
1297	0.690572
1298	0.68965
1299	0.688557
1300	0.687514
1301	0.686437
1302	0.685213
1303	0.683975
1304	0.682686
1305	0.681326
1306	0.680013
1307	0.678731
1308	0.677447
1309	0.676233
1310	0.675014
1311	0.673877
1312	0.672688
1313	0.671518
1314	0.670384
1315	0.669319
1316	0.668373
1317	0.667315
1318	0.66627
1319	0.66534
1320	0.664454
1321	0.663417
1322	0.662292
1323	0.661356
1324	0.660571
1325	0.659746
1326	0.659078
1327	0.658493
1328	0.658025
1329	0.657447
1330	0.656854
1331	0.656334
1332	0.655934
1333	0.655527
1334	0.655228
1335	0.654883
1336	0.654664
1337	0.65465
1338	0.654669
1339	0.654553
1340	0.654593
1341	0.654825
1342	0.655238
1343	0.655698
1344	0.656253
1345	0.65691
1346	0.657727
1347	0.65839
1348	0.658935
1349	0.659656
1350	0.660342
1351	0.660703
1352	0.660895
1353	0.661108
1354	0.661342
1355	0.661487
1356	0.661534
1357	0.661512
1358	0.661373
1359	0.661195
1360	0.661198
1361	0.661133
1362	0.661153
1363	0.661107
1364	0.660878
1365	0.660527
1366	0.660183
1367	0.659826
1368	0.659509
1369	0.659173
1370	0.658868
1371	0.658614
1372	0.65832
1373	0.657987
1374	0.657625
1375	0.657301
1376	0.656898
1377	0.656542
1378	0.656158
1379	0.655804
1380	0.655415
1381	0.655
1382	0.654452
1383	0.653865
1384	0.653271
1385	0.65262
1386	0.651926
1387	0.65113
1388	0.650258
1389	0.649339
1390	0.648493
1391	0.6475
1392	0.646492
1393	0.645438
1394	0.64443
1395	0.643437
1396	0.64236
1397	0.641288
1398	0.640072
1399	0.638855
1400	0.637647
1401	0.636363
1402	0.635063
1403	0.633827
1404	0.63271
1405	0.631767
1406	0.630845
1407	0.629909
1408	0.629029
1409	0.628171
1410	0.627341
1411	0.626396
1412	0.625562
1413	0.624709
1414	0.623846
1415	0.623053
1416	0.622254
1417	0.62163
1418	0.621051
1419	0.620408
1420	0.619763
1421	0.619219
1422	0.618818
1423	0.618638
1424	0.618848
1425	0.619223
1426	0.619666
1427	0.620098
1428	0.620448
1429	0.620567
1430	0.620814
1431	0.621532
1432	0.622337
1433	0.623299
1434	0.624274
1435	0.625486
1436	0.62731
1437	0.629201
1438	0.631107
1439	0.632922
1440	0.634678
1441	0.636875
1442	0.639337
1443	0.642162
1444	0.644936
1445	0.647754
1446	0.650549
1447	0.653281
1448	0.655918
1449	0.658555
1450	0.661281
1451	0.663736
1452	0.666152
1453	0.668469
1454	0.670327
1455	0.671864
1456	0.673366
1457	0.674636
1458	0.675785
1459	0.676674
1460	0.677292
1461	0.677857
1462	0.678341
1463	0.678601
1464	0.679011
1465	0.679357
1466	0.679901
1467	0.68048
1468	0.68097
1469	0.681249
1470	0.681479
1471	0.681441
1472	0.681486
1473	0.681473
1474	0.681313
1475	0.680898
1476	0.680347
1477	0.679684
1478	0.679059
1479	0.67847
1480	0.677905
1481	0.677237
1482	0.676448
1483	0.675547
1484	0.67456
1485	0.6734
1486	0.672238
1487	0.671127
1488	0.669966
1489	0.66873
1490	0.667496
1491	0.666249
1492	0.665036
1493	0.663809
1494	0.662606
1495	0.661524
1496	0.660557
1497	0.659606
1498	0.658536
1499	0.657507
1500	0.6564
1501	0.65514
1502	0.653827
1503	0.65253
1504	0.651256
1505	0.65
1506	0.648758
1507	0.647616
1508	0.646597
1509	0.645666
1510	0.644669
1511	0.643539
1512	0.642362
1513	0.641247
1514	0.640109
1515	0.639032
1516	0.638085
1517	0.637114
1518	0.63621
1519	0.635381
1520	0.634831
1521	0.634353
1522	0.63382
1523	0.633233
1524	0.632636
1525	0.632127
1526	0.63164
1527	0.631525
1528	0.631469
1529	0.631548
1530	0.631603
1531	0.631687
1532	0.631735
1533	0.631791
1534	0.631709
1535	0.63178
1536	0.631867
1537	0.631794
1538	0.631872
1539	0.632058
1540	0.632556
1541	0.633391
1542	0.634122
1543	0.634904
1544	0.636079
1545	0.637273
1546	0.638431
1547	0.639606
1548	0.641033
1549	0.642632
1550	0.644019
1551	0.645412
1552	0.646787
1553	0.648072
1554	0.649323
1555	0.650601
1556	0.651773
1557	0.652871
1558	0.653983
1559	0.654964
1560	0.655977
1561	0.656803
1562	0.657823
1563	0.658809
1564	0.659905
1565	0.660952
1566	0.661885
1567	0.662744
1568	0.663677
1569	0.664478
1570	0.665239
1571	0.666049
1572	0.666891
1573	0.66772
1574	0.668654
1575	0.66942
1576	0.670334
1577	0.671152
1578	0.672027
1579	0.672875
1580	0.67367
1581	0.674354
1582	0.674682
1583	0.675103
1584	0.675646
1585	0.676016
1586	0.676564
1587	0.676979
1588	0.677246
1589	0.677232
1590	0.677171
1591	0.677095
1592	0.676726
1593	0.676426
1594	0.676211
1595	0.67587
1596	0.67536
1597	0.67466
1598	0.673836
1599	0.672938
1600	0.671936
1601	0.670878
1602	0.66975
1603	0.668595
1604	0.667426
1605	0.666371
1606	0.665285
1607	0.664257
1608	0.663325
1609	0.66234
1610	0.661462
1611	0.660523
1612	0.659531
1613	0.658513
1614	0.657541
1615	0.656571
1616	0.655593
1617	0.654769
1618	0.653939
1619	0.653201
1620	0.652574
1621	0.651898
1622	0.651068
1623	0.650169
1624	0.649397
1625	0.648769
1626	0.648128
1627	0.647608
1628	0.647278
1629	0.647059
1630	0.646742
1631	0.646245
1632	0.645753
1633	0.645177
1634	0.644595
1635	0.643985
1636	0.643371
1637	0.642846
1638	0.642301
1639	0.641752
1640	0.641169
1641	0.64052
1642	0.639928
1643	0.639497
1644	0.639186
1645	0.638965
1646	0.638806
1647	0.638736
1648	0.63875
1649	0.638825
1650	0.639218
1651	0.639718
1652	0.640113
1653	0.64053
1654	0.641034
1655	0.641503
1656	0.642073
1657	0.643038
1658	0.643845
1659	0.64455
1660	0.645206
1661	0.645824
1662	0.64651
1663	0.647101
1664	0.647447
1665	0.647676
1666	0.647869
1667	0.64805
1668	0.6481
1669	0.648204
1670	0.648349
1671	0.648696
1672	0.649135
1673	0.6499
1674	0.6506
1675	0.651108
1676	0.651659
1677	0.652449
1678	0.6536
1679	0.654718
1680	0.655749
1681	0.656762
1682	0.657909
1683	0.65918
1684	0.660696
1685	0.662003
1686	0.663146
1687	0.66419
1688	0.665023
1689	0.665946
1690	0.666748
1691	0.66725
1692	0.667412
1693	0.667371
1694	0.667398
1695	0.667443
1696	0.667387
1697	0.667186
1698	0.667046
1699	0.666958
1700	0.666943
1701	0.666848
1702	0.666693
1703	0.666607
1704	0.666507
1705	0.666519
1706	0.666607
1707	0.666638
1708	0.666444
1709	0.666206
1710	0.666059
1711	0.665901
1712	0.665854
1713	0.665724
1714	0.665658
1715	0.665684
1716	0.66577
1717	0.665981
1718	0.666465
1719	0.667079
1720	0.667695
1721	0.66831
1722	0.66905
1723	0.669749
1724	0.67031
1725	0.67075
1726	0.671305
1727	0.671767
1728	0.67201
1729	0.67217
1730	0.672438
1731	0.672703
1732	0.673075
1733	0.6733
1734	0.67332
1735	0.673123
1736	0.672886
1737	0.672553
1738	0.672189
1739	0.671666
1740	0.671318
1741	0.671092
1742	0.670857
1743	0.670681
1744	0.670602
1745	0.67074
1746	0.670702
1747	0.670639
1748	0.67061
1749	0.670604
1750	0.670554
1751	0.670566
1752	0.67072
1753	0.670787
1754	0.670887
1755	0.670805
1756	0.670555
1757	0.670179
1758	0.669641
1759	0.669122
1760	0.668701
1761	0.668484
1762	0.668239
1763	0.668011
1764	0.667846
1765	0.667649
1766	0.667497
1767	0.667358
1768	0.667321
1769	0.667449
1770	0.667598
1771	0.66769
1772	0.667944
1773	0.668417
1774	0.669093
1775	0.669679
1776	0.670165
1777	0.670579
1778	0.671058
1779	0.671575
1780	0.671958
1781	0.672198
1782	0.672394
1783	0.672479
1784	0.672414
1785	0.672338
1786	0.672243
1787	0.672042
1788	0.671819
1789	0.671555
1790	0.671158
1791	0.670637
1792	0.670021
1793	0.669361
1794	0.668892
1795	0.668502
1796	0.668116
1797	0.667704
1798	0.667338
1799	0.667093
1800	0.666884
1801	0.666656
1802	0.66628
1803	0.665895
1804	0.665612
1805	0.665179
1806	0.664619
1807	0.664031
1808	0.663398
1809	0.662825
1810	0.662151
1811	0.661468
1812	0.660867
1813	0.660134
1814	0.659358
1815	0.658749
1816	0.658015
1817	0.657075
1818	0.656123
1819	0.655183
1820	0.654266
1821	0.653417
1822	0.652589
1823	0.651738
1824	0.650926
1825	0.649985
1826	0.648946
1827	0.647897
1828	0.647015
1829	0.64623
1830	0.645418
1831	0.644594
1832	0.643719
1833	0.642783
1834	0.641869
1835	0.640872
1836	0.639985
1837	0.639143
1838	0.638334
1839	0.637563
1840	0.636689
1841	0.63586
1842	0.635123
1843	0.634443
1844	0.633836
1845	0.633272
1846	0.632822
1847	0.632393
1848	0.631966
1849	0.63147
1850	0.630946
1851	0.630372
1852	0.629768
1853	0.629243
1854	0.628743
1855	0.628406
1856	0.628043
1857	0.627492
1858	0.626947
1859	0.626569
1860	0.626222
1861	0.625832
1862	0.625468
1863	0.625205
1864	0.625097
1865	0.625083
1866	0.62553
1867	0.626306
1868	0.627052
1869	0.627599
1870	0.627982
1871	0.628509
1872	0.629401
1873	0.630325
1874	0.631463
1875	0.632773
1876	0.634077
1877	0.635552
1878	0.637537
1879	0.639809
1880	0.642197
1881	0.644423
1882	0.646719
1883	0.648779
1884	0.650599
1885	0.652134
1886	0.653465
1887	0.654744
1888	0.655858
1889	0.656952
1890	0.657903
1891	0.658898
1892	0.659954
1893	0.66079
1894	0.661632
1895	0.662431
1896	0.66322
1897	0.664104
1898	0.6654
1899	0.666942
1900	0.668344
1901	0.66955
1902	0.670675
1903	0.671814
1904	0.672956
1905	0.674029
1906	0.675126
1907	0.676246
1908	0.677367
1909	0.678668
1910	0.679718
1911	0.680535
1912	0.681183
1913	0.681535
1914	0.681887
1915	0.682184
1916	0.682419
1917	0.682692
1918	0.682785
1919	0.68251
1920	0.682069
1921	0.681597
1922	0.681098
1923	0.680515
1924	0.680011
1925	0.679339
1926	0.678661
1927	0.678112
1928	0.677553
1929	0.676891
1930	0.676153
1931	0.675529
1932	0.674888
1933	0.674241
1934	0.673619
1935	0.672989
1936	0.67229
1937	0.671528
1938	0.670904
1939	0.670135
1940	0.66916
1941	0.668054
1942	0.666869
1943	0.665749
1944	0.664568
1945	0.663312
1946	0.662069
1947	0.660746
1948	0.659363
1949	0.658013
1950	0.656648
1951	0.655238
1952	0.653796
1953	0.652351
1954	0.650799
1955	0.649257
1956	0.647703
1957	0.646163
1958	0.644581
1959	0.642969
1960	0.641388
1961	0.639992
1962	0.638693
1963	0.637412
1964	0.636143
1965	0.634905
1966	0.633711
1967	0.63268
1968	0.631835
1969	0.631135
1970	0.630537
1971	0.629989
1972	0.629461
1973	0.62912
1974	0.628968
1975	0.628779
1976	0.628566
1977	0.62837
1978	0.628343
1979	0.62842
1980	0.628757
1981	0.62905
1982	0.629422
1983	0.629971
1984	0.630708
1985	0.631936
1986	0.63309
1987	0.634107
1988	0.635323
1989	0.63687
1990	0.638623
1991	0.64041
1992	0.642011
1993	0.643672
1994	0.645435
1995	0.647326
1996	0.649288
1997	0.651106
1998	0.652594
1999	0.653843
2000	0.655106
2001	0.656468
2002	0.657714
2003	0.658703
2004	0.659621
2005	0.660366
2006	0.660995
2007	0.661497
2008	0.662136
2009	0.662813
2010	0.66334
2011	0.663738
2012	0.664137
2013	0.664696
2014	0.665121
2015	0.665333
2016	0.665432
2017	0.665376
2018	0.665153
2019	0.664854
2020	0.664426
2021	0.663831
2022	0.663031
2023	0.662172
2024	0.661276
2025	0.660273
2026	0.659164
2027	0.658101
2028	0.657057
2029	0.656007
2030	0.654874
2031	0.653725
2032	0.652465
2033	0.651109
2034	0.649783
2035	0.648497
2036	0.647188
2037	0.645764
2038	0.644377
2039	0.643038
2040	0.641727
2041	0.640465
2042	0.639226
2043	0.638069
2044	0.636967
2045	0.635918
2046	0.634984
2047	0.634004
2048	0.632959
2049	0.63197
2050	0.631062
2051	0.630243
2052	0.629359
2053	0.628441
2054	0.627477
2055	0.626541
2056	0.625679
2057	0.624769
2058	0.623828
2059	0.622881
2060	0.622171
2061	0.621561
2062	0.621002
2063	0.62053
2064	0.620083
2065	0.619701
2066	0.619319
2067	0.619071
2068	0.619208
2069	0.619375
2070	0.619825
2071	0.620519
2072	0.621218
2073	0.621899
2074	0.622488
2075	0.623048
2076	0.623592
2077	0.62435
2078	0.62528
2079	0.626119
2080	0.626976
2081	0.627755
2082	0.62864
2083	0.62938
2084	0.630322
2085	0.631333
2086	0.632472
2087	0.633988
2088	0.63571
2089	0.637387
2090	0.638862
2091	0.640156
2092	0.641332
2093	0.642616
2094	0.644055
2095	0.645543
2096	0.647025
2097	0.648531
2098	0.649962
2099	0.651122
2100	0.652321
2101	0.6533
2102	0.654212
2103	0.654889
2104	0.655511
2105	0.65605
2106	0.656564
2107	0.657257
2108	0.657907
2109	0.65852
2110	0.658921
2111	0.659256
2112	0.659623
2113	0.659976
2114	0.660374
2115	0.660764
2116	0.661544
2117	0.662498
2118	0.663516
2119	0.664724
2120	0.666111
2121	0.667562
2122	0.668742
2123	0.669825
2124	0.6711
2125	0.672422
2126	0.673735
2127	0.67534
2128	0.676866
2129	0.678076
2130	0.679075
2131	0.679933
2132	0.680784
2133	0.681564
2134	0.68228
2135	0.682866
2136	0.683418
2137	0.683951
2138	0.684522
2139	0.685095
2140	0.685678
2141	0.685972
2142	0.686121
2143	0.686215
2144	0.68639
2145	0.686469
2146	0.686578
2147	0.686474
2148	0.68612
2149	0.685625
2150	0.684961
2151	0.684383
2152	0.683805
2153	0.683017
2154	0.68205
2155	0.681011
2156	0.679907
2157	0.6787
2158	0.677442
2159	0.676182
2160	0.674937
2161	0.673751
2162	0.672521
2163	0.671168
2164	0.669639
2165	0.668131
2166	0.666657
2167	0.665329
2168	0.663893
2169	0.662426
2170	0.660906
2171	0.659357
2172	0.657869
2173	0.656389
2174	0.654987
2175	0.653701
2176	0.652438
2177	0.651135
2178	0.649839
2179	0.648574
2180	0.647251
2181	0.646014
2182	0.644809
2183	0.643573
2184	0.642348
2185	0.641185
2186	0.640129
2187	0.639164
2188	0.63829
2189	0.637733
2190	0.637232
2191	0.636649
2192	0.636298
2193	0.635879
2194	0.635309
2195	0.63469
2196	0.633966
2197	0.633286
2198	0.632706
2199	0.632089
2200	0.631469
2201	0.630842
2202	0.630144
2203	0.629554
2204	0.629079
2205	0.628674
2206	0.6283
2207	0.627967
2208	0.627763
2209	0.627972
2210	0.628403
2211	0.629035
2212	0.629599
2213	0.630387
2214	0.631312
2215	0.632179
2216	0.633006
2217	0.63385
2218	0.634697
2219	0.635546
2220	0.636413
2221	0.637155
2222	0.637793
2223	0.638609
2224	0.639595
2225	0.640464
2226	0.641304
2227	0.642067
2228	0.64275
2229	0.64378
2230	0.644724
2231	0.645987
2232	0.647346
2233	0.648828
2234	0.650326
2235	0.652011
2236	0.653959
2237	0.656062
2238	0.658033
2239	0.659967
2240	0.662075
2241	0.664265
2242	0.666378
2243	0.668075
2244	0.669477
2245	0.670822
2246	0.672041
2247	0.673171
2248	0.674147
2249	0.67485
2250	0.675401
2251	0.675816
2252	0.67601
2253	0.676108
2254	0.676219
2255	0.676096
2256	0.675907
2257	0.675667
2258	0.675315
2259	0.674873
2260	0.67439
2261	0.674054
2262	0.673789
2263	0.673391
2264	0.672928
2265	0.672496
2266	0.671966
2267	0.671333
2268	0.670701
2269	0.670221
2270	0.669748
2271	0.669068
2272	0.668138
2273	0.667287
2274	0.666484
2275	0.665749
2276	0.664993
2277	0.664167
2278	0.6633
2279	0.662424
2280	0.661526
2281	0.660626
2282	0.659717
2283	0.658777
2284	0.65784
2285	0.656775
2286	0.655606
2287	0.654344
2288	0.653041
2289	0.651753
2290	0.650406
2291	0.649084
2292	0.647791
2293	0.646647
2294	0.645517
2295	0.644437
2296	0.643455
2297	0.642462
2298	0.641563
2299	0.640783
2300	0.640068
2301	0.639362
2302	0.638698
2303	0.638052
2304	0.637488
2305	0.637025
2306	0.636631
2307	0.636395
2308	0.636191
2309	0.635985
2310	0.635776
2311	0.635486
2312	0.635223
2313	0.634998
2314	0.634864
2315	0.634693
2316	0.634523
2317	0.634518
2318	0.63454
2319	0.634507
2320	0.6345
2321	0.63445
2322	0.634392
2323	0.634347
2324	0.634274
2325	0.634163
2326	0.63433
2327	0.634429
2328	0.634657
2329	0.634859
2330	0.634947
2331	0.635017
2332	0.635074
2333	0.635279
2334	0.635659
2335	0.636219
2336	0.636695
2337	0.636949
2338	0.637168
2339	0.63751
2340	0.637777
2341	0.637925
2342	0.638015
2343	0.638062
2344	0.638195
2345	0.638447
2346	0.638812
2347	0.639072
2348	0.639532
2349	0.640213
2350	0.641053
2351	0.641951
2352	0.642969
2353	0.643886
2354	0.644759
2355	0.64584
2356	0.647009
2357	0.648083
2358	0.648905
2359	0.64988
2360	0.651134
2361	0.652544
2362	0.653928
2363	0.655225
2364	0.656549
2365	0.657625
2366	0.658359
2367	0.659084
2368	0.659787
2369	0.660324
2370	0.660761
2371	0.661348
2372	0.662095
2373	0.662801
2374	0.663325
2375	0.663755
2376	0.664457
2377	0.665568
2378	0.666805
2379	0.667826
2380	0.668812
2381	0.669599
2382	0.670563
2383	0.671585
2384	0.672641
2385	0.673676
2386	0.674643
2387	0.675481
2388	0.676535
2389	0.677831
2390	0.679248
2391	0.680579
2392	0.68162
2393	0.682616
2394	0.683723
2395	0.68468
2396	0.685635
2397	0.68647
2398	0.687017
2399	0.687571
2400	0.688168
2401	0.688571
2402	0.688642
2403	0.688635
2404	0.688782
2405	0.68883
2406	0.688685
2407	0.688504
2408	0.68832
2409	0.688132
2410	0.687687
2411	0.687212
2412	0.686732
2413	0.686257
2414	0.685757
2415	0.685054
2416	0.684326
2417	0.683585
2418	0.682827
2419	0.68213
2420	0.681279
2421	0.680485
2422	0.679687
2423	0.678782
2424	0.677825
2425	0.67702
2426	0.676321
2427	0.675589
2428	0.674707
2429	0.673705
2430	0.672622
2431	0.67149
2432	0.670275
2433	0.669069
2434	0.66784
2435	0.66654
2436	0.665262
2437	0.664018
2438	0.662964
2439	0.66207
2440	0.661336
2441	0.660566
2442	0.659816
2443	0.65897
2444	0.65808
2445	0.657129
2446	0.656148
2447	0.655273
2448	0.654447
2449	0.653667
2450	0.652974
2451	0.652287
2452	0.651772
2453	0.651452
2454	0.651142
2455	0.650752
2456	0.650405
2457	0.650057
2458	0.64969
2459	0.649403
2460	0.649239
2461	0.649214
2462	0.649331
2463	0.649524
2464	0.649704
2465	0.649997
2466	0.650271
2467	0.650494
2468	0.650746
2469	0.65124
2470	0.651725
2471	0.652198
2472	0.652672
2473	0.653118
2474	0.653772
2475	0.654594
2476	0.655289
2477	0.656005
2478	0.656693
2479	0.657307
2480	0.657881
2481	0.658369
2482	0.658837
2483	0.659289
2484	0.6596
2485	0.659819
2486	0.660064
2487	0.66039
2488	0.660662
2489	0.660906
2490	0.66126
2491	0.661687
2492	0.662417
2493	0.663071
2494	0.663743
2495	0.664314
2496	0.664854
2497	0.665463
2498	0.666024
2499	0.666435
2500	0.666918
2501	0.667344
2502	0.667814
2503	0.66822
2504	0.66881
2505	0.669462
2506	0.670113
2507	0.670757
2508	0.671348
2509	0.671892
2510	0.672219
2511	0.67229
2512	0.672243
2513	0.672173
2514	0.671888
2515	0.671497
2516	0.671066
2517	0.670854
2518	0.670716
2519	0.670511
2520	0.670212
2521	0.66984
2522	0.669486
2523	0.669117
2524	0.66871
2525	0.668381
2526	0.667962
2527	0.667525
2528	0.667087
2529	0.666763
2530	0.666379
2531	0.666057
2532	0.665695
2533	0.66547
2534	0.665281
2535	0.665046
2536	0.664852
2537	0.664612
2538	0.664207
2539	0.663636
2540	0.663017
2541	0.66237
2542	0.661557
2543	0.660624
2544	0.659571
2545	0.658494
2546	0.65742
2547	0.656327
2548	0.655136
2549	0.653941
2550	0.652789
2551	0.651672
2552	0.650551
2553	0.649647
2554	0.648927
2555	0.648231
2556	0.647651
2557	0.647323
2558	0.647129
2559	0.647022
2560	0.647098
2561	0.647363
2562	0.647716
2563	0.64801
2564	0.648348
2565	0.648693
2566	0.64902
2567	0.649502
2568	0.650131
2569	0.65067
2570	0.651318
2571	0.652047
2572	0.65297
2573	0.653875
2574	0.654764
2575	0.65561
2576	0.656558
2577	0.657357
2578	0.657996
2579	0.658528
2580	0.659013
2581	0.659379
2582	0.659888
2583	0.660239
2584	0.66037
2585	0.660266
2586	0.660216
2587	0.660176
2588	0.660121
2589	0.660088
2590	0.660281
2591	0.660476
2592	0.660728
2593	0.660884
2594	0.661062
2595	0.661266
2596	0.661325
2597	0.661134
2598	0.661014
2599	0.660738
2600	0.660378
2601	0.660131
2602	0.660047
2603	0.659939
2604	0.659793
2605	0.65983
2606	0.660043
2607	0.660223
2608	0.660174
2609	0.660115
2610	0.66002
2611	0.65989
2612	0.659867
2613	0.659754
2614	0.659499
2615	0.659078
2616	0.658753
2617	0.658525
2618	0.658218
2619	0.657992
2620	0.657877
2621	0.657623
2622	0.657231
2623	0.65682
2624	0.65654
2625	0.656328
2626	0.656174
2627	0.656071
2628	0.655924
2629	0.655844
2630	0.6558
2631	0.655642
2632	0.655666
2633	0.655781
2634	0.656119
2635	0.656671
2636	0.657119
2637	0.657503
2638	0.658033
2639	0.658554
2640	0.659131
2641	0.659682
2642	0.66026
2643	0.660766
2644	0.661158
2645	0.661622
2646	0.662228
2647	0.662925
2648	0.663615
2649	0.664059
2650	0.66446
2651	0.664917
2652	0.66533
2653	0.665672
2654	0.666128
2655	0.666612
2656	0.66708
2657	0.667332
2658	0.667619
2659	0.668031
2660	0.668268
2661	0.6687
2662	0.669155
2663	0.669789
2664	0.670488
2665	0.671154
2666	0.67166
2667	0.672199
2668	0.672542
2669	0.672797
2670	0.672975
2671	0.673135
2672	0.673154
2673	0.673244
2674	0.673243
2675	0.673032
2676	0.672595
2677	0.672032
2678	0.671363
2679	0.670742
2680	0.670219
2681	0.669732
2682	0.669205
2683	0.668596
2684	0.667982
2685	0.667279
2686	0.666504
2687	0.665674
2688	0.66474
2689	0.663695
2690	0.662578
2691	0.661471
2692	0.660364
2693	0.659301
2694	0.658161
2695	0.656987
2696	0.655876
2697	0.654715
2698	0.653574
2699	0.652322
2700	0.651016
2701	0.649737
2702	0.648599
2703	0.64751
2704	0.646452
2705	0.645398
2706	0.644416
2707	0.643442
2708	0.64251
2709	0.641575
2710	0.640592
2711	0.639721
2712	0.638839
2713	0.637973
2714	0.637098
2715	0.636229
2716	0.635391
2717	0.634649
2718	0.633893
2719	0.633135
2720	0.632423
2721	0.631901
2722	0.631516
2723	0.631329
2724	0.631268
2725	0.631334
2726	0.631573
2727	0.631881
2728	0.632323
2729	0.632676
2730	0.633062
2731	0.633409
2732	0.633762
2733	0.634219
2734	0.635082
2735	0.636067
2736	0.637345
2737	0.638661
2738	0.640254
2739	0.641751
2740	0.643494
2741	0.645205
2742	0.646459
2743	0.647573
2744	0.64886
2745	0.650373
2746	0.651803
2747	0.653081
2748	0.654121
2749	0.655003
2750	0.655674
2751	0.656196
2752	0.656591
2753	0.656809
2754	0.657047
2755	0.657318
2756	0.657541
2757	0.657767
2758	0.657983
2759	0.658273
2760	0.658549
2761	0.658805
2762	0.658982
2763	0.659443
2764	0.660259
2765	0.66118
2766	0.661935
2767	0.662526
2768	0.66285
2769	0.663014
2770	0.663171
2771	0.663127
2772	0.663034
2773	0.662913
2774	0.662682
2775	0.662543
2776	0.662414
2777	0.662248
2778	0.662332
2779	0.662472
2780	0.662524
2781	0.662528
2782	0.662352
2783	0.662049
2784	0.661868
2785	0.661752
2786	0.66182
2787	0.662008
2788	0.662239
2789	0.662336
2790	0.662491
2791	0.66248
2792	0.662408
2793	0.662206
2794	0.661946
2795	0.661773
2796	0.661455
2797	0.661278
2798	0.661236
2799	0.661059
2800	0.660834
2801	0.660734
2802	0.66094
2803	0.661252
2804	0.661518
2805	0.66185
2806	0.662183
2807	0.66233
2808	0.662376
2809	0.662352
2810	0.662257
2811	0.662218
2812	0.662149
2813	0.661899
2814	0.661702
2815	0.661698
2816	0.66164
2817	0.661625
2818	0.661634
2819	0.661481
2820	0.661251
2821	0.661012
2822	0.66062
2823	0.660127
2824	0.659548
2825	0.658927
2826	0.658221
2827	0.657503
2828	0.656793
2829	0.655935
2830	0.655108
2831	0.654295
2832	0.653555
2833	0.65305
2834	0.652665
2835	0.652435
2836	0.652393
2837	0.652382
2838	0.652462
2839	0.652482
2840	0.652496
2841	0.65261
2842	0.652765
2843	0.652857
2844	0.652907
2845	0.652906
2846	0.652816
2847	0.65278
2848	0.652889
2849	0.652878
2850	0.652834
2851	0.652644
2852	0.652616
2853	0.652532
2854	0.652471
2855	0.652352
2856	0.652196
2857	0.652112
2858	0.651908
2859	0.651708
2860	0.651589
2861	0.651307
2862	0.650876
2863	0.6505
2864	0.650142
2865	0.649717
2866	0.649165
2867	0.648515
2868	0.647881
2869	0.647269
2870	0.646775
2871	0.646281
2872	0.645634
2873	0.6449
2874	0.644136
2875	0.643469
2876	0.642832
2877	0.642193
2878	0.641551
2879	0.640852
2880	0.640124
2881	0.639376
2882	0.638627
2883	0.637724
2884	0.636845
2885	0.636081
2886	0.635385
2887	0.634786
2888	0.6344
2889	0.63413
2890	0.633808
2891	0.633635
2892	0.633682
2893	0.633712
2894	0.633817
2895	0.633822
2896	0.634175
2897	0.634816
2898	0.63556
2899	0.636432
2900	0.637481
2901	0.638779
2902	0.640071
2903	0.641076
2904	0.642003
2905	0.64285
2906	0.643781
2907	0.644518
2908	0.64521
2909	0.645826
2910	0.646331
2911	0.646695
2912	0.647099
2913	0.647566
2914	0.647956
2915	0.648313
2916	0.648653
2917	0.648899
2918	0.649202
2919	0.64941
2920	0.649526
2921	0.649746
2922	0.649783
2923	0.649765
2924	0.649838
2925	0.64983
2926	0.649897
2927	0.649745
2928	0.649652
2929	0.649608
2930	0.649773
2931	0.650158
2932	0.650379
2933	0.650478
2934	0.650518
2935	0.650571
2936	0.65064
2937	0.650866
2938	0.651011
2939	0.651088
2940	0.651227
2941	0.651574
2942	0.651827
2943	0.6521
2944	0.652365
2945	0.652483
2946	0.652529
2947	0.652652
2948	0.652834
2949	0.65285
2950	0.652739
2951	0.652602
2952	0.652496
2953	0.652555
2954	0.652792
2955	0.653104
2956	0.653448
2957	0.65377
2958	0.654203
2959	0.654481
2960	0.654876
2961	0.655156
2962	0.655366
2963	0.655585
2964	0.655724
2965	0.655849
2966	0.656155
2967	0.656616
2968	0.657197
2969	0.657973
2970	0.65866
2971	0.659446
2972	0.660376
2973	0.661245
2974	0.662315
2975	0.663269
2976	0.664241
2977	0.665418
2978	0.66659
2979	0.667749
2980	0.668981
2981	0.669953
2982	0.670625
2983	0.671275
2984	0.671675
2985	0.671953
2986	0.672063
2987	0.672052
2988	0.672013
2989	0.671932
2990	0.671873
2991	0.671764
2992	0.671524
2993	0.671178
2994	0.670803
2995	0.670265
2996	0.669727
2997	0.669191
2998	0.668814
2999	0.66841
3000	0.667992
3001	0.667486
3002	0.667092
3003	0.666668
3004	0.666229
3005	0.665702
3006	0.665173
3007	0.664736
3008	0.664236
3009	0.663734
3010	0.663234
3011	0.662607
3012	0.661981
3013	0.661347
3014	0.660759
3015	0.660168
3016	0.659634
3017	0.659089
3018	0.658358
3019	0.657557
3020	0.656652
3021	0.655684
3022	0.654714
3023	0.653809
3024	0.652873
3025	0.651934
3026	0.651026
3027	0.65006
3028	0.649202
3029	0.648408
3030	0.647515
3031	0.646506
3032	0.645429
3033	0.644351
3034	0.643312
3035	0.642255
3036	0.641457
3037	0.640622
3038	0.639857
3039	0.639204
3040	0.638529
3041	0.638012
3042	0.637456
3043	0.636959
3044	0.636516
3045	0.636183
3046	0.636076
3047	0.635898
3048	0.635609
3049	0.635394
3050	0.635282
3051	0.63508
3052	0.634768
3053	0.634538
3054	0.634261
3055	0.634041
3056	0.633883
3057	0.633793
3058	0.633842
3059	0.633808
3060	0.633802
3061	0.633811
3062	0.633829
3063	0.633738
3064	0.633795
3065	0.634155
3066	0.634475
3067	0.634717
3068	0.63502
3069	0.635219
3070	0.635457
3071	0.635569
3072	0.635727
3073	0.635944
3074	0.636117
3075	0.636457
3076	0.636903
3077	0.637448
3078	0.637838
3079	0.638289
3080	0.638846
3081	0.639411
3082	0.639902
3083	0.640654
3084	0.641347
3085	0.6419
3086	0.642357
3087	0.64287
3088	0.643644
3089	0.644255
3090	0.644874
3091	0.645408
3092	0.6459
3093	0.646386
3094	0.647055
3095	0.647606
3096	0.648158
3097	0.648773
3098	0.649476
3099	0.650083
3100	0.650774
3101	0.651245
3102	0.651775
3103	0.652418
3104	0.653173
3105	0.653948
3106	0.654741
3107	0.655673
3108	0.656452
3109	0.657222
3110	0.658129
3111	0.65883
3112	0.659466
3113	0.660166
3114	0.660991
3115	0.661773
3116	0.66256
3117	0.663279
3118	0.663963
3119	0.664423
3120	0.664947
3121	0.665188
3122	0.665164
3123	0.665157
3124	0.665072
3125	0.665004
3126	0.664755
3127	0.664395
3128	0.664045
3129	0.663713
3130	0.663458
3131	0.66324
3132	0.663062
3133	0.663015
3134	0.662949
3135	0.662803
3136	0.662776
3137	0.662734
3138	0.662629
3139	0.662463
3140	0.662234
3141	0.661886
3142	0.661403
3143	0.660904
3144	0.660339
3145	0.659664
3146	0.658994
3147	0.658372
3148	0.657793
3149	0.657099
3150	0.656392
3151	0.655695
3152	0.65497
3153	0.654335
3154	0.653657
3155	0.652942
3156	0.652363
3157	0.651833
3158	0.651257
3159	0.650748
3160	0.650192
3161	0.649548
3162	0.649063
3163	0.64864
3164	0.648338
3165	0.64817
3166	0.648033
3167	0.647874
3168	0.647726
3169	0.647551
3170	0.647481
3171	0.6474
3172	0.647493
3173	0.647607
3174	0.647751
3175	0.647893
3176	0.647997
3177	0.648128
3178	0.648454
3179	0.648871
3180	0.649233
3181	0.649648
3182	0.6499
3183	0.650187
3184	0.650522
3185	0.650911
3186	0.651288
3187	0.651514
3188	0.651619
3189	0.651844
3190	0.652342
3191	0.652878
3192	0.653377
3193	0.653745
3194	0.65388
3195	0.653967
3196	0.654047
3197	0.654268
3198	0.654666
3199	0.654898
3200	0.65512
3201	0.655351
3202	0.655606
3203	0.655923
3204	0.656113
3205	0.65628
3206	0.656417
3207	0.656769
3208	0.657002
3209	0.657014
3210	0.657048
3211	0.657127
3212	0.657379
3213	0.657615
3214	0.658073
3215	0.658564
3216	0.65911
3217	0.659735
3218	0.660542
3219	0.661157
3220	0.661711
3221	0.662127
3222	0.662643
3223	0.66336
3224	0.664145
3225	0.664968
3226	0.665816
3227	0.666391
3228	0.666861
3229	0.667182
3230	0.667533
3231	0.667778
3232	0.667841
3233	0.668047
3234	0.668162
3235	0.668239
3236	0.668332
3237	0.668374
3238	0.668404
3239	0.668404
3240	0.668441
3241	0.668407
3242	0.668386
3243	0.668232
3244	0.668137
3245	0.667848
3246	0.667566
3247	0.667388
3248	0.667201
3249	0.667057
3250	0.666884
3251	0.666804
3252	0.66681
3253	0.666791
3254	0.666721
3255	0.666565
3256	0.66652
3257	0.666747
3258	0.667127
3259	0.667721
3260	0.668377
3261	0.668966
3262	0.669575
3263	0.670084
3264	0.670503
3265	0.670983
3266	0.671535
3267	0.672099
3268	0.672516
3269	0.672817
3270	0.672922
3271	0.672873
3272	0.672534
3273	0.6722
3274	0.671948
3275	0.671747
3276	0.671557
3277	0.671305
3278	0.671116
3279	0.670847
3280	0.67032
3281	0.669762
3282	0.669084
3283	0.668431
3284	0.667698
3285	0.666904
3286	0.666016
3287	0.66498
3288	0.663806
3289	0.662613
3290	0.661503
3291	0.660351
3292	0.659145
3293	0.657884
3294	0.656652
3295	0.655381
3296	0.654085
3297	0.652806
3298	0.651489
3299	0.650226
3300	0.648998
3301	0.64781
3302	0.64672
3303	0.645666
3304	0.64453
3305	0.643436
3306	0.64228
3307	0.641176
3308	0.640083
3309	0.638989
3310	0.638046
3311	0.637258
3312	0.636523
3313	0.635707
3314	0.634854
3315	0.634065
3316	0.633243
3317	0.632314
3318	0.631422
3319	0.630542
3320	0.629605
3321	0.628681
3322	0.627856
3323	0.627045
3324	0.626191
3325	0.625407
3326	0.624627
3327	0.62376
3328	0.622856
3329	0.621946
3330	0.621073
3331	0.620401
3332	0.61993
3333	0.619553
3334	0.619117
3335	0.618782
3336	0.618592
3337	0.618445
3338	0.618414
3339	0.618486
3340	0.618735
3341	0.619188
3342	0.619916
3343	0.620731
3344	0.621523
3345	0.622281
3346	0.623014
3347	0.623802
3348	0.624728
3349	0.625679
3350	0.626627
3351	0.627819
3352	0.629274
3353	0.630983
3354	0.632749
3355	0.634647
3356	0.636719
3357	0.638713
3358	0.640461
3359	0.642332
3360	0.644085
3361	0.645761
3362	0.647236
3363	0.648622
3364	0.650088
3365	0.651364
3366	0.652663
3367	0.65394
3368	0.655207
3369	0.65645
3370	0.657472
3371	0.658597
3372	0.659585
3373	0.660361
3374	0.661005
3375	0.661481
3376	0.661824
3377	0.66217
3378	0.662781
3379	0.663404
3380	0.664096
3381	0.664838
3382	0.665562
3383	0.66629
3384	0.666981
3385	0.667541
3386	0.668185
3387	0.668769
3388	0.669388
3389	0.669907
3390	0.670463
3391	0.670979
3392	0.671499
3393	0.671928
3394	0.672269
3395	0.672544
3396	0.672971
3397	0.673383
3398	0.673677
3399	0.674004
3400	0.674451
3401	0.674801
3402	0.675045
3403	0.675259
3404	0.675512
3405	0.675952
3406	0.676288
3407	0.67661
3408	0.676933
3409	0.677157
3410	0.677302
3411	0.677402
3412	0.677576
3413	0.678001
3414	0.678407
3415	0.678949
3416	0.679436
3417	0.679702
3418	0.679864
3419	0.679799
3420	0.679748
3421	0.679744
3422	0.679621
3423	0.679368
3424	0.679173
3425	0.678911
3426	0.678421
3427	0.677992
3428	0.677534
3429	0.677065
3430	0.676422
3431	0.675629
3432	0.674834
3433	0.674175
3434	0.673501
3435	0.672851
3436	0.672201
3437	0.671498
3438	0.670753
3439	0.670051
3440	0.669352
3441	0.668589
3442	0.667756
3443	0.666931
3444	0.666069
3445	0.665202
3446	0.664584
3447	0.664162
3448	0.664011
3449	0.663834
3450	0.663592
3451	0.663316
3452	0.662868
3453	0.662552
3454	0.662219
3455	0.661939
3456	0.661766
3457	0.661669
3458	0.661574
3459	0.661491
3460	0.661617
3461	0.661706
3462	0.661756
3463	0.66179
3464	0.661808
3465	0.661972
3466	0.662473
3467	0.662917
3468	0.663149
3469	0.66321
3470	0.663279
3471	0.663553
3472	0.663711
3473	0.663829
3474	0.663719
3475	0.663443
3476	0.663092
3477	0.662676
3478	0.662278
3479	0.661828
3480	0.661322
3481	0.660836
3482	0.660552
3483	0.660313
3484	0.660055
3485	0.659682
3486	0.65927
3487	0.658948
3488	0.658629
3489	0.658287
3490	0.657816
3491	0.657607
3492	0.657459
3493	0.65755
3494	0.657587
3495	0.657846
3496	0.658083
3497	0.658222
3498	0.658371
3499	0.658351
3500	0.658377
3501	0.658599
3502	0.658697
3503	0.65877
3504	0.658735
3505	0.658484
3506	0.658276
3507	0.658198
3508	0.65812
3509	0.658086
3510	0.657895
3511	0.65787
3512	0.657914
3513	0.657987
3514	0.658191
3515	0.658472
3516	0.658776
3517	0.659193
3518	0.6598
3519	0.660634
3520	0.661798
3521	0.663181
3522	0.664357
3523	0.665274
3524	0.666117
3525	0.666888
3526	0.667482
3527	0.668234
3528	0.669164
3529	0.670154
3530	0.671125
3531	0.672078
3532	0.673381
3533	0.674663
3534	0.676018
3535	0.677055
3536	0.678062
3537	0.678866
3538	0.67949
3539	0.680108
3540	0.680702
3541	0.681297
3542	0.68195
3543	0.682513
3544	0.682819
3545	0.683161
3546	0.683525
3547	0.683752
3548	0.683914
3549	0.683706
3550	0.683538
3551	0.683206
3552	0.68275
3553	0.682234
3554	0.68163
3555	0.68101
3556	0.680516
3557	0.680295
3558	0.680267
3559	0.680154
3560	0.679818
3561	0.679491
3562	0.679217
3563	0.678906
3564	0.678521
3565	0.678085
3566	0.677457
3567	0.67692
3568	0.676337
3569	0.675694
3570	0.675009
3571	0.674535
3572	0.674095
3573	0.673505
3574	0.672878
3575	0.672321
3576	0.671792
3577	0.671243
3578	0.670645
3579	0.669988
3580	0.669314
3581	0.668588
3582	0.667734
3583	0.666761
3584	0.66589
3585	0.664938
3586	0.663956
3587	0.662906
3588	0.66189
3589	0.660795
3590	0.659763
3591	0.658754
3592	0.657807
3593	0.656826
3594	0.655813
3595	0.654875
3596	0.653954
3597	0.65314
3598	0.652326
3599	0.651577
3600	0.650753
3601	0.65004
3602	0.649389
3603	0.64879
3604	0.648411
3605	0.648197
3606	0.647998
3607	0.647611
3608	0.647228
3609	0.646816
3610	0.646444
3611	0.645932
3612	0.645232
3613	0.644557
3614	0.643795
3615	0.643033
3616	0.642278
3617	0.641507
3618	0.640765
3619	0.640283
3620	0.639935
3621	0.639665
3622	0.639432
3623	0.63928
3624	0.639083
3625	0.63874
3626	0.638359
3627	0.638244
3628	0.638226
3629	0.638513
3630	0.639219
3631	0.639998
3632	0.640751
3633	0.641521
3634	0.64243
3635	0.64348
3636	0.644623
3637	0.645963
3638	0.647288
3639	0.6485
3640	0.649605
3641	0.650766
3642	0.651856
3643	0.653167
3644	0.654508
3645	0.655768
3646	0.656775
3647	0.657472
3648	0.658101
3649	0.658673
3650	0.659202
3651	0.659745
3652	0.660356
3653	0.661133
3654	0.662058
3655	0.662739
3656	0.663291
3657	0.664022
3658	0.664682
3659	0.66533
3660	0.66605
3661	0.666771
3662	0.667437
3663	0.66789
3664	0.668316
3665	0.668676
3666	0.668935
3667	0.669139
3668	0.669318
3669	0.669351
3670	0.669517
3671	0.669632
3672	0.669678
3673	0.669846
3674	0.670276
3675	0.670729
3676	0.671013
3677	0.671144
3678	0.671173
3679	0.671062
3680	0.670923
3681	0.670754
3682	0.670589
3683	0.670264
3684	0.669909
3685	0.669467
3686	0.669042
3687	0.668506
3688	0.667834
3689	0.667044
3690	0.666094
3691	0.665231
3692	0.664559
3693	0.664036
3694	0.663467
3695	0.66271
3696	0.661902
3697	0.661227
3698	0.660575
3699	0.659748
3700	0.658743
3701	0.657794
3702	0.656991
3703	0.65628
3704	0.655514
3705	0.654659
3706	0.653817
3707	0.653006
3708	0.652105
3709	0.651374
3710	0.650548
3711	0.649836
3712	0.6492
3713	0.64861
3714	0.648082
3715	0.6476
3716	0.647206
3717	0.646934
3718	0.646807
3719	0.646732
3720	0.646605
3721	0.646566
3722	0.646566
3723	0.646521
3724	0.646503
3725	0.646687
3726	0.647176
3727	0.647681
3728	0.648134
3729	0.648436
3730	0.648499
3731	0.648463
3732	0.648391
3733	0.648276
3734	0.648228
3735	0.648268
3736	0.648375
3737	0.648427
3738	0.648716
3739	0.649196
3740	0.649648
3741	0.64998
3742	0.650257
3743	0.65038
3744	0.650412
3745	0.6506
3746	0.650787
3747	0.650932
3748	0.651066
3749	0.651158
3750	0.651348
3751	0.651585
3752	0.651878
3753	0.652249
3754	0.652711
3755	0.653043
3756	0.653199
3757	0.653186
3758	0.653058
3759	0.6528
3760	0.652553
3761	0.652367
3762	0.65215
3763	0.651951
3764	0.651895
3765	0.651827
3766	0.651852
3767	0.651907
3768	0.652007
3769	0.652601
3770	0.653413
3771	0.654543
3772	0.655534
3773	0.656373
3774	0.657034
3775	0.657711
3776	0.658268
3777	0.658698
3778	0.659157
3779	0.659634
3780	0.659851
3781	0.659908
3782	0.659889
3783	0.659951
3784	0.659944
3785	0.659777
3786	0.659548
3787	0.659217
3788	0.658654
3789	0.657944
3790	0.657371
3791	0.656678
3792	0.655935
3793	0.655174
3794	0.654413
3795	0.653625
3796	0.652874
3797	0.652107
3798	0.651319
3799	0.650719
3800	0.650303
3801	0.650024
3802	0.649823
3803	0.649769
3804	0.649804
3805	0.649781
3806	0.649862
3807	0.650083
3808	0.650436
3809	0.650657
3810	0.650682
3811	0.65062
3812	0.650623
3813	0.650864
3814	0.651162
3815	0.651575
3816	0.6521
3817	0.652347
3818	0.6525
3819	0.652507
3820	0.652612
3821	0.65288
3822	0.65356
3823	0.65458
3824	0.655844
3825	0.657381
3826	0.658627
3827	0.659596
3828	0.66052
3829	0.661534
3830	0.662586
3831	0.663738
3832	0.664743
3833	0.665757
3834	0.666653
3835	0.667593
3836	0.668468
3837	0.669292
3838	0.669928
3839	0.670597
3840	0.671313
3841	0.67217
3842	0.673134
3843	0.674031
3844	0.67481
3845	0.675377
3846	0.675818
3847	0.676226
3848	0.676646
3849	0.677102
3850	0.677582
3851	0.678002
3852	0.678391
3853	0.678758
3854	0.678928
3855	0.679101
3856	0.679225
3857	0.679222
3858	0.679013
3859	0.678569
3860	0.678246
3861	0.678062
3862	0.677706
3863	0.677427
3864	0.677136
3865	0.676751
3866	0.676399
3867	0.676085
3868	0.675652
3869	0.675161
3870	0.674712
3871	0.674286
3872	0.67379
3873	0.673221
3874	0.672635
3875	0.671922
3876	0.671076
3877	0.670404
3878	0.669895
3879	0.669425
3880	0.668987
3881	0.668488
3882	0.668017
3883	0.667648
3884	0.667298
3885	0.666821
3886	0.666254
3887	0.665678
3888	0.665069
3889	0.664471
3890	0.663807
3891	0.662968
3892	0.661954
3893	0.660849
3894	0.659747
3895	0.658566
3896	0.657512
3897	0.656451
3898	0.655551
3899	0.654706
3900	0.653862
3901	0.653166
3902	0.652379
3903	0.651602
3904	0.650807
3905	0.650133
3906	0.649742
3907	0.649415
3908	0.649083
3909	0.64884
3910	0.648592
3911	0.648364
3912	0.648117
3913	0.648017
3914	0.648048
3915	0.648059
3916	0.648119
3917	0.648269
3918	0.648145
3919	0.647957
3920	0.647813
3921	0.647906
3922	0.64803
3923	0.648317
3924	0.648663
3925	0.648974
3926	0.649481
3927	0.650486
3928	0.651453
3929	0.652424
3930	0.653396
3931	0.654115
3932	0.654629
3933	0.655042
3934	0.655375
3935	0.655758
3936	0.656058
3937	0.656265
3938	0.656536
3939	0.656758
3940	0.656934
3941	0.657063
3942	0.65746
3943	0.658002
3944	0.658256
3945	0.658615
3946	0.65888
3947	0.65921
3948	0.659667
3949	0.659956
3950	0.660117
3951	0.660581
3952	0.661222
3953	0.66184
3954	0.662308
3955	0.662935
3956	0.663685
3957	0.664479
3958	0.665199
3959	0.666127
3960	0.666945
3961	0.667602
3962	0.668073
3963	0.668559
3964	0.669005
3965	0.669454
3966	0.670016
3967	0.67062
3968	0.671079
3969	0.671415
3970	0.671637
3971	0.671728
3972	0.671864
3973	0.671895
3974	0.67183
3975	0.671706
3976	0.67163
3977	0.671612
3978	0.671675
3979	0.671822
3980	0.671739
3981	0.671638
3982	0.671479
3983	0.671278
3984	0.670943
3985	0.670616
3986	0.670457
3987	0.670344
3988	0.670227
3989	0.669972
3990	0.669606
3991	0.669215
3992	0.668821
3993	0.668575
3994	0.668226
3995	0.66789
3996	0.667544
3997	0.66701
3998	0.666598
3999	0.666224
4000	0.665858
4001	0.665607
4002	0.665306
4003	0.664999
4004	0.664705
4005	0.664356
4006	0.664087
4007	0.663997
4008	0.663878
4009	0.663845
4010	0.663889
4011	0.663775
4012	0.663482
4013	0.663003
4014	0.662448
4015	0.661859
4016	0.661293
4017	0.660713
4018	0.660005
4019	0.659229
4020	0.658434
4021	0.657632
4022	0.656763
4023	0.655719
4024	0.654713
4025	0.653738
4026	0.65273
4027	0.651721
4028	0.650693
4029	0.649612
4030	0.64846
4031	0.64731
4032	0.646204
4033	0.645219
4034	0.644238
4035	0.643384
4036	0.642768
4037	0.642241
4038	0.641565
4039	0.640723
4040	0.63983
4041	0.638993
4042	0.638243
4043	0.637709
4044	0.637143
4045	0.636772
4046	0.636354
4047	0.635885
4048	0.635512
4049	0.635199
4050	0.634956
4051	0.634987
4052	0.635189
4053	0.635614
4054	0.63615
4055	0.636724
4056	0.637278
4057	0.637875
4058	0.638576
4059	0.63924
4060	0.639764
4061	0.640254
4062	0.640674
4063	0.641114
4064	0.641581
4065	0.642075
4066	0.642477
4067	0.642912
4068	0.643571
4069	0.64412
4070	0.644704
4071	0.645236
4072	0.64591
4073	0.646476
4074	0.646979
4075	0.647461
4076	0.648012
4077	0.648652
4078	0.649597
4079	0.650658
4080	0.651957
4081	0.653254
4082	0.654779
4083	0.656435
4084	0.657936
4085	0.659394
4086	0.661104
4087	0.662698
4088	0.664367
4089	0.666084
4090	0.667915
4091	0.669677
4092	0.671209
4093	0.672579
4094	0.673687
4095	0.674794
4096	0.675952
4097	0.677008
4098	0.677888
4099	0.678863
4100	0.679693
4101	0.680252
4102	0.680616
4103	0.680923
4104	0.681268
4105	0.681471
4106	0.681348
4107	0.681043
4108	0.680703
4109	0.680352
4110	0.680056
4111	0.67977
4112	0.679336
4113	0.679036
4114	0.678699
4115	0.678471
4116	0.67816
4117	0.677722
4118	0.677019
4119	0.676177
4120	0.67515
4121	0.674006
4122	0.672872
4123	0.671701
4124	0.670472
4125	0.669288
4126	0.668014
4127	0.666714
4128	0.665458
4129	0.66416
4130	0.662818
4131	0.66142
4132	0.660172
4133	0.659051
4134	0.657923
4135	0.656887
4136	0.65585
4137	0.654765
4138	0.653655
4139	0.652598
4140	0.651581
4141	0.650512
4142	0.649442
4143	0.648456
4144	0.647425
4145	0.646425
4146	0.645355
4147	0.644331
4148	0.643432
4149	0.642507
4150	0.64164
4151	0.640851
4152	0.640089
4153	0.639426
4154	0.638855
4155	0.638448
4156	0.638036
4157	0.637707
4158	0.637487
4159	0.637449
4160	0.637599
4161	0.638107
4162	0.639235
4163	0.640812
4164	0.642647
4165	0.644495
4166	0.646121
4167	0.647528
4168	0.64878
4169	0.649969
4170	0.651099
4171	0.65229
4172	0.653666
4173	0.65497
4174	0.65596
4175	0.657025
4176	0.657985
4177	0.658978
4178	0.659983
4179	0.660946
4180	0.66183
4181	0.662781
4182	0.663552
4183	0.664114
4184	0.664431
4185	0.664607
4186	0.664582
4187	0.664518
4188	0.664313
4189	0.664043
4190	0.663865
4191	0.663617
4192	0.663203
4193	0.662891
4194	0.662612
4195	0.662292
4196	0.661995
4197	0.661818
4198	0.661615
4199	0.661454
4200	0.661228
4201	0.660933
4202	0.660526
4203	0.660158
4204	0.659967
4205	0.659987
4206	0.660156
4207	0.660349
4208	0.660549
4209	0.660801
4210	0.661098
4211	0.661319
4212	0.661482
4213	0.661532
4214	0.661626
4215	0.661791
4216	0.662056
4217	0.662297
4218	0.662677
4219	0.663135
4220	0.663544
4221	0.663943
4222	0.66443
4223	0.66486
4224	0.665356
4225	0.66573
4226	0.665948
4227	0.66602
4228	0.665958
4229	0.666026
4230	0.666115
4231	0.666095
4232	0.665996
4233	0.665691
4234	0.665153
4235	0.664535
4236	0.663881
4237	0.663299
4238	0.662642
4239	0.662152
4240	0.661599
4241	0.661217
4242	0.660861
4243	0.660618
4244	0.660261
4245	0.659887
4246	0.659533
4247	0.659182
4248	0.658747
4249	0.658193
4250	0.657585
4251	0.656897
4252	0.656308
4253	0.655715
4254	0.655226
4255	0.654936
4256	0.654831
4257	0.654658
4258	0.654652
4259	0.654654
4260	0.654546
4261	0.654472
4262	0.654518
4263	0.654616
4264	0.654804
4265	0.655221
4266	0.655756
4267	0.656293
4268	0.656911
4269	0.657476
4270	0.657736
4271	0.65808
4272	0.658402
4273	0.658685
4274	0.658966
4275	0.659227
4276	0.659349
4277	0.659308
4278	0.659343
4279	0.659364
4280	0.659224
4281	0.659154
4282	0.659108
4283	0.65922
4284	0.6593
4285	0.659408
4286	0.659541
4287	0.659754
4288	0.660125
4289	0.660836
4290	0.661537
4291	0.662076
4292	0.662603
4293	0.663016
4294	0.663271
4295	0.663433
4296	0.663727
4297	0.664069
4298	0.664561
4299	0.665239
4300	0.665882
4301	0.666278
4302	0.666387
4303	0.666494
4304	0.666704
4305	0.666811
4306	0.66691
4307	0.666997
4308	0.66676
4309	0.666464
4310	0.666379
4311	0.666272
4312	0.666226
4313	0.666165
4314	0.666186
4315	0.666144
4316	0.666206
4317	0.666284
4318	0.66638
4319	0.666421
4320	0.666633
4321	0.667035
4322	0.667669
4323	0.668622
4324	0.669452
4325	0.670054
4326	0.670543
4327	0.670964
4328	0.671345
4329	0.671627
4330	0.671795
4331	0.671979
4332	0.672022
4333	0.672019
4334	0.671864
4335	0.671572
4336	0.671169
4337	0.670832
4338	0.670271
4339	0.669555
4340	0.668786
4341	0.667953
4342	0.667082
4343	0.666167
4344	0.665277
4345	0.664349
4346	0.663423
4347	0.662481
4348	0.661439
4349	0.660439
4350	0.659334
4351	0.65824
4352	0.657089
4353	0.655935
4354	0.654904
4355	0.654033
4356	0.653238
4357	0.652562
4358	0.652034
4359	0.651561
4360	0.651233
4361	0.650906
4362	0.650625
4363	0.650304
4364	0.649943
4365	0.649546
4366	0.649179
4367	0.648957
4368	0.648675
4369	0.648285
4370	0.647922
4371	0.647662
4372	0.647403
4373	0.647013
4374	0.64654
4375	0.646153
4376	0.645575
4377	0.645002
4378	0.644563
4379	0.644462
4380	0.644356
4381	0.644231
4382	0.644045
4383	0.643757
4384	0.643446
4385	0.643138
4386	0.642859
4387	0.642544
4388	0.642181
4389	0.641899
4390	0.641622
4391	0.641185
4392	0.640803
4393	0.640337
4394	0.63977
4395	0.639118
4396	0.638541
4397	0.637896
4398	0.637138
4399	0.636366
4400	0.635687
4401	0.635039
4402	0.634397
4403	0.634091
4404	0.63415
4405	0.634419
4406	0.63476
4407	0.635124
4408	0.635469
4409	0.636101
4410	0.637083
4411	0.638418
4412	0.639849
4413	0.641227
4414	0.642607
4415	0.643647
4416	0.644657
4417	0.645848
4418	0.647003
4419	0.648201
4420	0.649116
4421	0.649889
4422	0.650749
4423	0.651556
4424	0.652373
4425	0.653395
4426	0.654423
4427	0.655392
4428	0.656609
4429	0.658086
4430	0.659537
4431	0.660857
4432	0.661902
4433	0.662737
4434	0.663642
4435	0.664525
4436	0.665207
4437	0.665962
4438	0.666746
4439	0.667295
4440	0.667768
4441	0.668093
4442	0.66824
4443	0.668515
4444	0.668758
4445	0.66876
4446	0.668703
4447	0.6688
4448	0.669018
4449	0.669121
4450	0.66915
4451	0.669307
4452	0.669401
4453	0.669551
4454	0.669613
4455	0.669541
4456	0.669465
4457	0.669271
4458	0.669057
4459	0.668759
4460	0.668544
4461	0.668264
4462	0.667861
4463	0.667477
4464	0.667191
4465	0.666755
4466	0.666175
4467	0.665676
4468	0.665009
4469	0.664399
4470	0.663597
4471	0.662726
4472	0.661886
4473	0.660963
4474	0.659991
4475	0.659006
4476	0.657956
4477	0.656951
4478	0.655878
4479	0.654921
4480	0.653988
4481	0.652959
4482	0.651909
4483	0.650935
4484	0.649973
4485	0.649042
4486	0.648093
4487	0.647039
4488	0.64599
4489	0.645013
4490	0.64406
4491	0.643095
4492	0.642078
4493	0.640983
4494	0.639986
4495	0.638988
4496	0.638022
4497	0.637001
4498	0.63618
4499	0.635494
4500	0.634749
4501	0.633892
4502	0.633097
4503	0.632544
4504	0.632179
4505	0.631941
4506	0.63193
4507	0.631961
4508	0.631835
4509	0.631774
4510	0.631758
4511	0.631846
4512	0.632063
4513	0.632325
4514	0.63267
4515	0.632967
4516	0.633247
4517	0.633517
4518	0.633906
4519	0.634388
4520	0.634764
4521	0.635127
4522	0.635533
4523	0.635978
4524	0.636375
4525	0.636865
4526	0.637303
4527	0.637787
4528	0.638274
4529	0.638936
4530	0.639586
4531	0.640352
4532	0.641249
4533	0.64239
4534	0.643842
4535	0.645612
4536	0.647185
4537	0.648722
4538	0.650224
4539	0.651584
4540	0.652884
4541	0.653997
4542	0.655177
4543	0.656505
4544	0.657946
4545	0.659443
4546	0.660809
4547	0.662219
4548	0.66371
4549	0.665217
4550	0.666701
4551	0.668431
4552	0.669998
4553	0.67147
4554	0.672968
4555	0.674335
4556	0.675606
4557	0.676798
4558	0.677907
4559	0.678831
4560	0.679552
4561	0.680429
4562	0.681126
4563	0.681686
4564	0.682031
4565	0.68228
4566	0.682361
4567	0.682368
4568	0.682169
4569	0.682017
4570	0.681875
4571	0.681627
4572	0.681212
4573	0.680563
4574	0.679941
4575	0.679336
4576	0.678719
4577	0.678154
4578	0.677538
4579	0.676917
4580	0.67617
4581	0.67536
4582	0.674548
4583	0.673713
4584	0.672697
4585	0.671645
4586	0.670568
4587	0.669446
4588	0.668421
4589	0.667375
4590	0.666368
4591	0.665311
4592	0.6642
4593	0.66315
4594	0.66218
4595	0.661166
4596	0.66022
4597	0.659315
4598	0.658383
4599	0.657322
4600	0.656279
4601	0.655239
4602	0.654171
4603	0.653173
4604	0.652222
4605	0.651176
4606	0.65021
4607	0.649298
4608	0.648365
4609	0.647397
4610	0.646821
4611	0.646248
4612	0.645609
4613	0.645052
4614	0.644449
4615	0.64377
4616	0.643183
4617	0.642726
4618	0.64235
4619	0.641876
4620	0.641394
4621	0.64098
4622	0.64077
4623	0.640419
4624	0.64008
4625	0.639627
4626	0.639106
4627	0.638493
4628	0.637954
4629	0.637397
4630	0.636946
4631	0.636658
4632	0.636433
4633	0.636228
4634	0.636111
4635	0.63621
4636	0.636486
4637	0.636966
4638	0.637423
4639	0.637911
4640	0.638473
4641	0.639111
4642	0.639926
4643	0.640866
4644	0.641652
4645	0.642324
4646	0.643082
4647	0.64382
4648	0.644543
4649	0.645085
4650	0.645571
4651	0.646245
4652	0.64688
4653	0.647454
4654	0.648014
4655	0.648592
4656	0.649008
4657	0.649225
4658	0.649369
4659	0.649623
4660	0.649998
4661	0.650547
4662	0.65124
4663	0.652039
4664	0.652822
4665	0.653437
4666	0.653906
4667	0.65414
4668	0.654173
4669	0.654184
4670	0.654247
4671	0.654335
4672	0.654256
4673	0.654252
4674	0.654192
4675	0.654134
4676	0.654291
4677	0.654564
4678	0.654834
4679	0.655012
4680	0.655159
4681	0.655275
4682	0.65556
4683	0.655876
4684	0.656156
4685	0.656457
4686	0.656879
4687	0.657247
4688	0.657429
4689	0.657719
4690	0.65817
4691	0.65856
4692	0.658942
4693	0.659389
4694	0.65993
4695	0.660543
4696	0.661096
4697	0.661712
4698	0.662107
4699	0.662445
4700	0.662824
4701	0.663353
4702	0.663818
4703	0.664246
4704	0.664445
4705	0.664565
4706	0.66479
4707	0.664906
4708	0.664988
4709	0.665095
4710	0.665029
4711	0.664993
4712	0.664949
4713	0.66495
4714	0.66521
4715	0.665414
4716	0.665823
4717	0.666239
4718	0.666786
4719	0.667308
4720	0.667864
4721	0.668382
4722	0.668854
4723	0.669283
4724	0.669806
4725	0.670229
4726	0.670578
4727	0.670851
4728	0.671204
4729	0.671753
4730	0.672422
4731	0.673129
4732	0.673922
4733	0.674495
4734	0.675039
4735	0.675482
4736	0.675896
4737	0.676384
4738	0.676747
4739	0.676929
4740	0.676905
4741	0.676597
4742	0.676185
4743	0.675692
4744	0.675121
4745	0.674504
4746	0.673977
4747	0.673468
4748	0.672778
4749	0.672071
4750	0.671234
4751	0.670537
4752	0.669808
4753	0.668974
4754	0.668103
4755	0.667276
4756	0.666409
4757	0.665606
4758	0.664832
4759	0.664135
4760	0.663366
4761	0.662574
4762	0.661892
4763	0.66136
4764	0.660857
4765	0.660262
4766	0.659769
4767	0.65933
4768	0.658865
4769	0.658372
4770	0.657816
4771	0.657399
4772	0.657091
4773	0.656809
4774	0.656401
4775	0.655883
4776	0.655266
4777	0.654727
4778	0.654238
4779	0.653904
4780	0.653518
4781	0.652957
4782	0.652228
4783	0.651501
4784	0.650755
4785	0.65005
4786	0.649324
4787	0.648857
4788	0.648455
4789	0.648025
4790	0.647644
4791	0.647244
4792	0.646704
4793	0.646189
4794	0.645622
4795	0.645061
4796	0.644586
4797	0.64423
4798	0.643905
4799	0.64354
4800	0.64315
4801	0.642707
4802	0.64219
4803	0.641667
4804	0.641292
4805	0.640982
4806	0.640646
4807	0.640462
4808	0.64058
4809	0.640939
4810	0.641401
4811	0.641861
4812	0.642088
4813	0.642136
4814	0.642227
4815	0.642254
4816	0.6423
4817	0.642282
4818	0.642466
4819	0.642701
4820	0.642888
4821	0.643048
4822	0.643322
4823	0.643679
4824	0.644157
4825	0.644633
4826	0.645076
4827	0.645567
4828	0.645961
4829	0.646238
4830	0.646646
4831	0.647253
4832	0.647955
4833	0.648693
4834	0.649564
4835	0.650478
4836	0.651476
4837	0.652651
4838	0.654008
4839	0.655447
4840	0.656864
4841	0.658355
4842	0.659919
4843	0.661525
4844	0.663243
4845	0.664951
4846	0.666451
4847	0.66779
4848	0.66904
4849	0.670073
4850	0.670999
4851	0.671642
4852	0.671963
4853	0.672263
4854	0.672509
4855	0.672792
4856	0.672925
4857	0.672829
4858	0.672509
4859	0.672146
4860	0.671722
4861	0.671472
4862	0.671296
4863	0.67124
4864	0.671199
4865	0.671048
4866	0.670896
4867	0.670625
4868	0.670385
4869	0.670278
4870	0.670299
4871	0.670358
4872	0.670418
4873	0.670461
4874	0.67038
4875	0.670184
4876	0.670082
4877	0.670025
4878	0.669982
4879	0.66987
4880	0.669729
4881	0.669744
4882	0.66973
4883	0.66974
4884	0.669968
4885	0.670103
4886	0.670169
4887	0.670246
4888	0.670308
4889	0.670456
4890	0.670586
4891	0.670722
4892	0.671002
4893	0.671281
4894	0.671606
4895	0.671798
4896	0.671804
4897	0.671822
4898	0.671773
4899	0.671593
4900	0.671452
4901	0.671426
4902	0.67136
4903	0.671232
4904	0.670971
4905	0.670903
4906	0.670855
4907	0.670693
4908	0.670619
4909	0.670513
4910	0.670318
4911	0.670097
4912	0.669963
4913	0.669894
4914	0.669682
4915	0.66945
4916	0.66923
4917	0.668867
4918	0.668478
4919	0.667954
4920	0.66741
4921	0.666756
4922	0.666062
4923	0.665268
4924	0.664587
4925	0.663818
4926	0.663148
4927	0.662549
4928	0.661993
4929	0.661606
4930	0.661247
4931	0.660902
4932	0.660631
4933	0.66039
4934	0.660419
4935	0.660297
4936	0.660143
4937	0.66006
4938	0.659963
4939	0.659755
4940	0.659524
4941	0.659229
4942	0.658967
4943	0.6585
4944	0.657957
4945	0.657555
4946	0.657101
4947	0.656654
4948	0.656136
4949	0.655587
4950	0.654925
4951	0.654204
4952	0.653528
4953	0.65269
4954	0.651831
4955	0.65098
4956	0.650068
4957	0.649107
4958	0.648218
4959	0.647216
4960	0.646211
4961	0.645372
4962	0.644507
4963	0.643671
4964	0.642954
4965	0.642372
4966	0.641779
4967	0.641124
4968	0.640366
4969	0.639576
4970	0.638787
4971	0.638058
4972	0.637232
4973	0.636277
4974	0.635403
4975	0.634445
4976	0.633526
4977	0.632607
4978	0.631664
4979	0.63072
4980	0.629791
4981	0.628981
4982	0.628156
4983	0.627318
4984	0.626681
4985	0.626094
4986	0.625649
4987	0.62539
4988	0.62547
4989	0.625586
4990	0.625779
4991	0.626089
4992	0.626641
4993	0.627417
4994	0.628123
4995	0.628941
4996	0.630172
4997	0.63158
4998	0.633052
4999	0.634767
5000	0.63661
