#realizzazioni=200

0	0
1	0.00327811
2	0.0087629
3	0.0177567
4	0.0321471
5	0.0542042
6	0.0865497
7	0.131086
8	0.188063
9	0.254908
10	0.3277
11	0.401815
12	0.473486
13	0.539818
14	0.599053
15	0.650699
16	0.694986
17	0.732305
18	0.763343
19	0.788881
20	0.809653
21	0.826391
22	0.839725
23	0.850169
24	0.858178
25	0.864152
26	0.868447
27	0.871344
28	0.873068
29	0.873823
30	0.873777
31	0.873068
32	0.871807
33	0.870087
34	0.867985
35	0.865568
36	0.862893
37	0.860001
38	0.856929
39	0.853708
40	0.850363
41	0.846917
42	0.843385
43	0.839784
44	0.836127
45	0.832425
46	0.828687
47	0.824919
48	0.821129
49	0.817323
50	0.813505
51	0.80968
52	0.80585
53	0.802019
54	0.798188
55	0.794361
56	0.790539
57	0.786724
58	0.782916
59	0.779118
60	0.77533
61	0.771553
62	0.767789
63	0.764037
64	0.760298
65	0.756573
66	0.752863
67	0.749167
68	0.745486
69	0.741821
70	0.73817
71	0.734536
72	0.730917
73	0.727314
74	0.723728
75	0.720157
76	0.716603
77	0.713065
78	0.709544
79	0.70604
80	0.702552
81	0.69908
82	0.695626
83	0.692188
84	0.688767
85	0.685362
86	0.681974
87	0.678603
88	0.675249
89	0.671911
90	0.66859
91	0.665286
92	0.661999
93	0.658728
94	0.655474
95	0.652237
96	0.649016
97	0.645812
98	0.642624
99	0.639454
100	0.6363
101	0.633163
102	0.630042
103	0.626939
104	0.623852
105	0.620783
106	0.61773
107	0.614694
108	0.611675
109	0.608674
110	0.60569
111	0.602723
112	0.599774
113	0.596843
114	0.59393
115	0.591036
116	0.58816
117	0.585304
118	0.582467
119	0.57965
120	0.576853
121	0.574077
122	0.571323
123	0.568591
124	0.565883
125	0.563201
126	0.560545
127	0.557915
128	0.555312
129	0.552739
130	0.550196
131	0.547685
132	0.545209
133	0.542771
134	0.540373
135	0.538022
136	0.535719
137	0.533472
138	0.531283
139	0.529162
140	0.527108
141	0.525134
142	0.523251
143	0.521464
144	0.519782
145	0.51822
146	0.516798
147	0.515528
148	0.51442
149	0.513495
150	0.51276
151	0.512246
152	0.511971
153	0.511957
154	0.512247
155	0.51286
156	0.513809
157	0.515121
158	0.516841
159	0.519014
160	0.521657
161	0.524767
162	0.528344
163	0.532416
164	0.536998
165	0.542101
166	0.547714
167	0.553806
168	0.560367
169	0.567352
170	0.57474
171	0.582492
172	0.590589
173	0.598907
174	0.607358
175	0.615895
176	0.624423
177	0.632886
178	0.641255
179	0.649431
180	0.657394
181	0.665031
182	0.672341
183	0.679273
184	0.685807
185	0.691929
186	0.697585
187	0.702783
188	0.707499
189	0.71177
190	0.715607
191	0.719013
192	0.722007
193	0.72461
194	0.72686
195	0.728758
196	0.730317
197	0.731556
198	0.732492
199	0.733154
200	0.733557
201	0.733712
202	0.733637
203	0.733358
204	0.732889
205	0.732248
206	0.731443
207	0.730501
208	0.729429
209	0.728223
210	0.726899
211	0.725461
212	0.723928
213	0.722303
214	0.720597
215	0.718823
216	0.71698
217	0.715077
218	0.713122
219	0.711118
220	0.709073
221	0.706986
222	0.704863
223	0.702706
224	0.700519
225	0.698305
226	0.696068
227	0.69381
228	0.691534
229	0.689248
230	0.686953
231	0.684653
232	0.682351
233	0.680048
234	0.677749
235	0.675449
236	0.673152
237	0.670864
238	0.668583
239	0.66631
240	0.664046
241	0.661795
242	0.659558
243	0.657337
244	0.655138
245	0.652965
246	0.650817
247	0.648698
248	0.646606
249	0.644544
250	0.642511
251	0.640513
252	0.63855
253	0.63662
254	0.634729
255	0.63288
256	0.631069
257	0.629302
258	0.627585
259	0.625919
260	0.624307
261	0.622753
262	0.621256
263	0.619816
264	0.618438
265	0.617119
266	0.615865
267	0.614682
268	0.613569
269	0.612527
270	0.61157
271	0.610695
272	0.609907
273	0.609207
274	0.608588
275	0.608067
276	0.607651
277	0.607339
278	0.607136
279	0.60703
280	0.60704
281	0.607156
282	0.607385
283	0.607725
284	0.60818
285	0.608769
286	0.60947
287	0.610301
288	0.611249
289	0.612338
290	0.61355
291	0.614877
292	0.616326
293	0.617881
294	0.619535
295	0.621276
296	0.623115
297	0.625048
298	0.627073
299	0.629181
300	0.631342
301	0.633567
302	0.635852
303	0.638166
304	0.64052
305	0.642906
306	0.645296
307	0.647671
308	0.650014
309	0.652342
310	0.654638
311	0.656908
312	0.659137
313	0.6613
314	0.663422
315	0.665482
316	0.667478
317	0.669411
318	0.671258
319	0.672999
320	0.674651
321	0.676219
322	0.677668
323	0.679002
324	0.680226
325	0.681331
326	0.682346
327	0.683269
328	0.684096
329	0.68482
330	0.685448
331	0.685996
332	0.686452
333	0.686816
334	0.687079
335	0.687259
336	0.687347
337	0.687334
338	0.687243
339	0.687075
340	0.686838
341	0.686525
342	0.686137
343	0.685687
344	0.685183
345	0.684628
346	0.684022
347	0.683377
348	0.682688
349	0.681963
350	0.6812
351	0.680399
352	0.679552
353	0.678663
354	0.677741
355	0.676794
356	0.675811
357	0.674804
358	0.673792
359	0.672768
360	0.671726
361	0.67067
362	0.669606
363	0.668543
364	0.667473
365	0.666392
366	0.665303
367	0.664212
368	0.663125
369	0.662035
370	0.660942
371	0.65986
372	0.658776
373	0.657694
374	0.656627
375	0.655576
376	0.654541
377	0.653521
378	0.652514
379	0.651523
380	0.650553
381	0.64961
382	0.64869
383	0.647791
384	0.646912
385	0.646059
386	0.645228
387	0.644433
388	0.643677
389	0.642952
390	0.642258
391	0.641612
392	0.641007
393	0.640443
394	0.639929
395	0.639465
396	0.639048
397	0.638667
398	0.638341
399	0.638059
400	0.63781
401	0.637603
402	0.637446
403	0.637335
404	0.637258
405	0.637216
406	0.637221
407	0.637269
408	0.63736
409	0.637493
410	0.637664
411	0.637868
412	0.638117
413	0.638407
414	0.638737
415	0.639114
416	0.639532
417	0.639981
418	0.640478
419	0.641026
420	0.641624
421	0.642253
422	0.642928
423	0.643633
424	0.644366
425	0.645114
426	0.645873
427	0.646658
428	0.647461
429	0.648271
430	0.649079
431	0.649884
432	0.650705
433	0.651518
434	0.652341
435	0.653184
436	0.654032
437	0.654859
438	0.655674
439	0.656485
440	0.657285
441	0.658077
442	0.658856
443	0.659614
444	0.660356
445	0.661086
446	0.661779
447	0.662446
448	0.663076
449	0.663659
450	0.664213
451	0.664735
452	0.66523
453	0.665681
454	0.666093
455	0.666473
456	0.666825
457	0.667144
458	0.667431
459	0.667669
460	0.667867
461	0.668036
462	0.668151
463	0.668232
464	0.668274
465	0.668277
466	0.668247
467	0.668186
468	0.6681
469	0.667993
470	0.667855
471	0.667683
472	0.667488
473	0.667292
474	0.667084
475	0.666848
476	0.666603
477	0.666338
478	0.666063
479	0.665773
480	0.665459
481	0.66512
482	0.664761
483	0.664395
484	0.664018
485	0.66363
486	0.663239
487	0.662844
488	0.662441
489	0.662031
490	0.661612
491	0.661193
492	0.66078
493	0.660366
494	0.659958
495	0.659548
496	0.659133
497	0.658725
498	0.658308
499	0.657892
500	0.657481
501	0.657068
502	0.656671
503	0.656271
504	0.655872
505	0.655478
506	0.655096
507	0.654732
508	0.654379
509	0.654041
510	0.653722
511	0.653418
512	0.653135
513	0.652868
514	0.652615
515	0.652378
516	0.652156
517	0.651949
518	0.651749
519	0.651561
520	0.651394
521	0.65124
522	0.651098
523	0.650976
524	0.650859
525	0.650747
526	0.650653
527	0.650586
528	0.650535
529	0.650508
530	0.650494
531	0.650488
532	0.65048
533	0.650484
534	0.650511
535	0.650544
536	0.65059
537	0.650639
538	0.650707
539	0.650778
540	0.650867
541	0.650966
542	0.65108
543	0.651196
544	0.651319
545	0.65146
546	0.651627
547	0.65181
548	0.652
549	0.652201
550	0.652421
551	0.652642
552	0.652861
553	0.653087
554	0.653334
555	0.653591
556	0.653848
557	0.654096
558	0.654336
559	0.654571
560	0.654801
561	0.655039
562	0.655302
563	0.655561
564	0.655815
565	0.656062
566	0.656308
567	0.656549
568	0.656773
569	0.656984
570	0.657193
571	0.657387
572	0.657581
573	0.65776
574	0.657926
575	0.658097
576	0.658258
577	0.658417
578	0.658591
579	0.658746
580	0.658908
581	0.659048
582	0.659195
583	0.659327
584	0.659452
585	0.659579
586	0.659715
587	0.659831
588	0.659924
589	0.66
590	0.660079
591	0.660155
592	0.660227
593	0.660305
594	0.660389
595	0.660476
596	0.660557
597	0.660627
598	0.660682
599	0.660718
600	0.660737
601	0.66075
602	0.660747
603	0.660738
604	0.660732
605	0.660713
606	0.660692
607	0.660662
608	0.66062
609	0.66056
610	0.660495
611	0.660433
612	0.660359
613	0.66027
614	0.660185
615	0.660114
616	0.66004
617	0.65996
618	0.659869
619	0.659758
620	0.659625
621	0.65949
622	0.659373
623	0.65925
624	0.65912
625	0.658982
626	0.658839
627	0.658687
628	0.658535
629	0.658387
630	0.658232
631	0.658081
632	0.657923
633	0.657764
634	0.657599
635	0.657425
636	0.657241
637	0.657063
638	0.656887
639	0.656697
640	0.656499
641	0.656299
642	0.656099
643	0.65591
644	0.655742
645	0.655575
646	0.655413
647	0.655247
648	0.655091
649	0.654946
650	0.654799
651	0.65466
652	0.654525
653	0.654385
654	0.654246
655	0.654113
656	0.653984
657	0.653857
658	0.653746
659	0.653642
660	0.653556
661	0.653467
662	0.653383
663	0.653308
664	0.65323
665	0.653173
666	0.653142
667	0.653129
668	0.653126
669	0.653126
670	0.653149
671	0.653183
672	0.653233
673	0.653296
674	0.653374
675	0.653455
676	0.65355
677	0.653645
678	0.653753
679	0.653855
680	0.653953
681	0.654055
682	0.654147
683	0.654244
684	0.654335
685	0.654445
686	0.65457
687	0.6547
688	0.654837
689	0.654988
690	0.655134
691	0.655287
692	0.65544
693	0.655584
694	0.655719
695	0.655857
696	0.655991
697	0.656135
698	0.656308
699	0.656479
700	0.65664
701	0.656798
702	0.656954
703	0.657097
704	0.657229
705	0.657366
706	0.6575
707	0.657631
708	0.657773
709	0.657907
710	0.658048
711	0.658182
712	0.658299
713	0.658398
714	0.658482
715	0.658569
716	0.658651
717	0.658725
718	0.658802
719	0.658861
720	0.658922
721	0.658978
722	0.659025
723	0.659057
724	0.659091
725	0.659132
726	0.659173
727	0.659217
728	0.659246
729	0.659268
730	0.659282
731	0.659293
732	0.659308
733	0.659323
734	0.659338
735	0.659354
736	0.659351
737	0.659343
738	0.659327
739	0.6593
740	0.659274
741	0.65923
742	0.659168
743	0.659116
744	0.659059
745	0.658986
746	0.658904
747	0.658815
748	0.658719
749	0.658612
750	0.658495
751	0.658377
752	0.658262
753	0.658145
754	0.658028
755	0.657914
756	0.657793
757	0.657672
758	0.657561
759	0.657446
760	0.657337
761	0.657228
762	0.657126
763	0.65701
764	0.656895
765	0.656776
766	0.656665
767	0.656574
768	0.656499
769	0.656419
770	0.656332
771	0.656232
772	0.656138
773	0.656049
774	0.655962
775	0.655864
776	0.655772
777	0.655688
778	0.655616
779	0.655549
780	0.655478
781	0.655399
782	0.655327
783	0.655256
784	0.655192
785	0.655115
786	0.65504
787	0.654966
788	0.65489
789	0.654819
790	0.654761
791	0.654713
792	0.654672
793	0.654658
794	0.654662
795	0.654682
796	0.654714
797	0.654743
798	0.654784
799	0.654823
800	0.654858
801	0.654879
802	0.654907
803	0.654939
804	0.654976
805	0.655018
806	0.655068
807	0.655124
808	0.655177
809	0.655236
810	0.655302
811	0.655358
812	0.655403
813	0.655457
814	0.655529
815	0.655606
816	0.655697
817	0.655797
818	0.655905
819	0.656021
820	0.656146
821	0.65628
822	0.656412
823	0.656547
824	0.656683
825	0.656825
826	0.656964
827	0.657091
828	0.657225
829	0.65737
830	0.657519
831	0.657662
832	0.657798
833	0.657926
834	0.658059
835	0.65818
836	0.65828
837	0.658384
838	0.65849
839	0.658589
840	0.658678
841	0.658759
842	0.658842
843	0.658909
844	0.658963
845	0.659009
846	0.659053
847	0.659088
848	0.659117
849	0.659135
850	0.659149
851	0.659159
852	0.65915
853	0.659139
854	0.659119
855	0.659086
856	0.659064
857	0.659045
858	0.659023
859	0.658975
860	0.65892
861	0.658859
862	0.658798
863	0.65873
864	0.658665
865	0.658591
866	0.658505
867	0.65842
868	0.658318
869	0.658215
870	0.658144
871	0.658069
872	0.657995
873	0.657919
874	0.657841
875	0.657766
876	0.657673
877	0.657586
878	0.657522
879	0.65747
880	0.657422
881	0.657372
882	0.657318
883	0.657254
884	0.657197
885	0.657144
886	0.657094
887	0.65704
888	0.657004
889	0.656984
890	0.656974
891	0.656955
892	0.656929
893	0.656905
894	0.65689
895	0.656873
896	0.656837
897	0.656787
898	0.656738
899	0.656688
900	0.656653
901	0.656619
902	0.656592
903	0.656578
904	0.656564
905	0.656539
906	0.656503
907	0.656467
908	0.656423
909	0.65637
910	0.656305
911	0.656243
912	0.656193
913	0.656148
914	0.656114
915	0.656103
916	0.656101
917	0.656102
918	0.656107
919	0.656124
920	0.656136
921	0.656138
922	0.656142
923	0.656151
924	0.65618
925	0.656212
926	0.656242
927	0.656275
928	0.656309
929	0.656344
930	0.656379
931	0.656408
932	0.656437
933	0.656479
934	0.656513
935	0.656549
936	0.656584
937	0.65663
938	0.656685
939	0.656737
940	0.656781
941	0.65682
942	0.656866
943	0.656914
944	0.656963
945	0.657015
946	0.657076
947	0.657155
948	0.657242
949	0.657336
950	0.657414
951	0.657485
952	0.657548
953	0.657602
954	0.657651
955	0.657688
956	0.657731
957	0.657764
958	0.657789
959	0.657815
960	0.657833
961	0.657844
962	0.657852
963	0.657858
964	0.65786
965	0.657861
966	0.657861
967	0.657857
968	0.657848
969	0.657836
970	0.657818
971	0.657788
972	0.657763
973	0.657729
974	0.657684
975	0.65765
976	0.657627
977	0.657613
978	0.657606
979	0.657608
980	0.657604
981	0.657605
982	0.657608
983	0.657625
984	0.657645
985	0.657652
986	0.657651
987	0.65764
988	0.657622
989	0.657608
990	0.657597
991	0.657589
992	0.657587
993	0.657581
994	0.657576
995	0.657573
996	0.657577
997	0.657582
998	0.657583
999	0.657563
1000	0.657522
1001	0.657481
1002	0.657432
1003	0.657388
1004	0.65735
1005	0.657308
1006	0.657266
1007	0.65722
1008	0.657178
1009	0.657134
1010	0.657085
1011	0.657047
1012	0.657014
1013	0.656991
1014	0.656978
1015	0.656957
1016	0.656927
1017	0.656895
1018	0.656861
1019	0.65682
1020	0.656788
1021	0.656757
1022	0.65673
1023	0.656706
1024	0.656678
1025	0.656659
1026	0.656651
1027	0.656643
1028	0.65661
1029	0.656572
1030	0.656536
1031	0.656487
1032	0.656424
1033	0.656358
1034	0.656299
1035	0.656234
1036	0.656173
1037	0.656128
1038	0.656072
1039	0.656014
1040	0.655959
1041	0.6559
1042	0.65585
1043	0.655789
1044	0.655734
1045	0.655697
1046	0.65566
1047	0.65562
1048	0.655585
1049	0.655549
1050	0.655524
1051	0.655496
1052	0.655461
1053	0.655438
1054	0.655427
1055	0.65541
1056	0.655402
1057	0.655386
1058	0.655364
1059	0.655347
1060	0.655332
1061	0.655325
1062	0.655309
1063	0.655313
1064	0.655324
1065	0.655333
1066	0.655343
1067	0.655358
1068	0.655385
1069	0.655425
1070	0.655474
1071	0.655532
1072	0.655585
1073	0.655629
1074	0.655682
1075	0.655739
1076	0.655786
1077	0.655849
1078	0.655923
1079	0.655999
1080	0.656093
1081	0.656189
1082	0.656276
1083	0.656373
1084	0.656464
1085	0.656545
1086	0.656626
1087	0.656696
1088	0.656762
1089	0.656826
1090	0.656881
1091	0.656931
1092	0.656977
1093	0.657039
1094	0.657105
1095	0.657178
1096	0.657247
1097	0.657304
1098	0.65735
1099	0.657384
1100	0.657417
1101	0.657465
1102	0.657505
1103	0.65754
1104	0.657574
1105	0.657618
1106	0.657661
1107	0.657703
1108	0.65775
1109	0.657801
1110	0.657841
1111	0.657887
1112	0.657928
1113	0.657957
1114	0.657966
1115	0.657963
1116	0.657946
1117	0.657924
1118	0.657888
1119	0.657859
1120	0.657823
1121	0.657782
1122	0.657738
1123	0.657702
1124	0.657658
1125	0.657608
1126	0.657551
1127	0.657496
1128	0.657437
1129	0.657373
1130	0.657313
1131	0.657269
1132	0.657238
1133	0.657219
1134	0.657202
1135	0.657198
1136	0.657195
1137	0.657184
1138	0.65718
1139	0.657182
1140	0.657184
1141	0.65719
1142	0.657214
1143	0.657235
1144	0.657247
1145	0.65726
1146	0.657279
1147	0.657308
1148	0.657351
1149	0.657402
1150	0.657465
1151	0.657523
1152	0.657571
1153	0.657607
1154	0.657645
1155	0.65768
1156	0.657709
1157	0.657744
1158	0.657765
1159	0.657776
1160	0.657779
1161	0.657768
1162	0.657765
1163	0.657777
1164	0.657784
1165	0.657783
1166	0.657774
1167	0.657767
1168	0.657759
1169	0.657751
1170	0.657739
1171	0.657732
1172	0.657732
1173	0.657739
1174	0.657745
1175	0.657747
1176	0.657747
1177	0.657748
1178	0.657763
1179	0.657776
1180	0.657782
1181	0.657777
1182	0.657787
1183	0.657798
1184	0.657789
1185	0.657779
1186	0.657766
1187	0.657752
1188	0.657734
1189	0.657701
1190	0.657654
1191	0.657612
1192	0.657576
1193	0.657544
1194	0.657527
1195	0.657524
1196	0.657523
1197	0.657519
1198	0.657508
1199	0.657508
1200	0.657517
1201	0.657542
1202	0.657558
1203	0.657557
1204	0.657554
1205	0.657547
1206	0.657542
1207	0.657546
1208	0.657542
1209	0.657524
1210	0.657501
1211	0.657492
1212	0.657492
1213	0.657487
1214	0.657483
1215	0.657473
1216	0.657457
1217	0.657448
1218	0.65744
1219	0.657425
1220	0.65741
1221	0.657393
1222	0.657365
1223	0.657325
1224	0.657286
1225	0.657258
1226	0.657231
1227	0.657208
1228	0.657181
1229	0.657157
1230	0.657147
1231	0.65715
1232	0.657168
1233	0.657189
1234	0.657214
1235	0.657232
1236	0.657254
1237	0.657269
1238	0.65729
1239	0.657322
1240	0.657357
1241	0.657389
1242	0.657427
1243	0.657457
1244	0.65749
1245	0.657539
1246	0.657598
1247	0.657671
1248	0.657744
1249	0.657815
1250	0.657883
1251	0.657968
1252	0.658055
1253	0.658136
1254	0.658215
1255	0.658303
1256	0.658394
1257	0.6585
1258	0.658611
1259	0.658708
1260	0.658798
1261	0.658887
1262	0.658963
1263	0.659028
1264	0.659089
1265	0.659156
1266	0.659235
1267	0.659304
1268	0.659358
1269	0.659398
1270	0.65943
1271	0.65947
1272	0.659519
1273	0.659565
1274	0.659602
1275	0.659641
1276	0.659687
1277	0.659734
1278	0.659781
1279	0.65984
1280	0.659896
1281	0.659954
1282	0.659994
1283	0.660016
1284	0.660021
1285	0.660016
1286	0.660003
1287	0.659982
1288	0.659954
1289	0.659915
1290	0.659877
1291	0.659836
1292	0.659786
1293	0.659736
1294	0.659678
1295	0.65961
1296	0.659536
1297	0.659466
1298	0.659412
1299	0.659353
1300	0.659283
1301	0.659197
1302	0.659102
1303	0.65899
1304	0.658879
1305	0.658777
1306	0.658678
1307	0.65857
1308	0.658471
1309	0.658368
1310	0.658268
1311	0.65817
1312	0.658073
1313	0.657971
1314	0.657861
1315	0.657749
1316	0.657651
1317	0.657559
1318	0.657468
1319	0.657383
1320	0.657304
1321	0.657232
1322	0.657174
1323	0.657128
1324	0.657092
1325	0.657047
1326	0.657
1327	0.65695
1328	0.656895
1329	0.656851
1330	0.6568
1331	0.656746
1332	0.656681
1333	0.656602
1334	0.656534
1335	0.656478
1336	0.656435
1337	0.65639
1338	0.656342
1339	0.656296
1340	0.656256
1341	0.656223
1342	0.656192
1343	0.656165
1344	0.656157
1345	0.656156
1346	0.656153
1347	0.656159
1348	0.65617
1349	0.65618
1350	0.656187
1351	0.656177
1352	0.656165
1353	0.656151
1354	0.656137
1355	0.656138
1356	0.656152
1357	0.656175
1358	0.656205
1359	0.656238
1360	0.65628
1361	0.656331
1362	0.656397
1363	0.656461
1364	0.656518
1365	0.656581
1366	0.656654
1367	0.656725
1368	0.656799
1369	0.656872
1370	0.656923
1371	0.656975
1372	0.657027
1373	0.657079
1374	0.657131
1375	0.657178
1376	0.657222
1377	0.657266
1378	0.657309
1379	0.657362
1380	0.657395
1381	0.65742
1382	0.657436
1383	0.657445
1384	0.65745
1385	0.657462
1386	0.657467
1387	0.657473
1388	0.657488
1389	0.6575
1390	0.657504
1391	0.65751
1392	0.657526
1393	0.657533
1394	0.657554
1395	0.65758
1396	0.657612
1397	0.657637
1398	0.657661
1399	0.657679
1400	0.657706
1401	0.65773
1402	0.657742
1403	0.657766
1404	0.65779
1405	0.657806
1406	0.657822
1407	0.657823
1408	0.657808
1409	0.657784
1410	0.657761
1411	0.657733
1412	0.657699
1413	0.657671
1414	0.657634
1415	0.657604
1416	0.657561
1417	0.657498
1418	0.657426
1419	0.657355
1420	0.657287
1421	0.657219
1422	0.657134
1423	0.657054
1424	0.656993
1425	0.656941
1426	0.656898
1427	0.656843
1428	0.656773
1429	0.656696
1430	0.656617
1431	0.656533
1432	0.65645
1433	0.656346
1434	0.656228
1435	0.656109
1436	0.655996
1437	0.655876
1438	0.655759
1439	0.655644
1440	0.65554
1441	0.655449
1442	0.655363
1443	0.655282
1444	0.655202
1445	0.655145
1446	0.655097
1447	0.655049
1448	0.655005
1449	0.654977
1450	0.654955
1451	0.654938
1452	0.654928
1453	0.654926
1454	0.654921
1455	0.654938
1456	0.654968
1457	0.654999
1458	0.655037
1459	0.655083
1460	0.655144
1461	0.655193
1462	0.655254
1463	0.655314
1464	0.655372
1465	0.655426
1466	0.65547
1467	0.655506
1468	0.655545
1469	0.655594
1470	0.655642
1471	0.655679
1472	0.655711
1473	0.655732
1474	0.655748
1475	0.655751
1476	0.655769
1477	0.655794
1478	0.655823
1479	0.65586
1480	0.655899
1481	0.655929
1482	0.655953
1483	0.655997
1484	0.656044
1485	0.65608
1486	0.656117
1487	0.656165
1488	0.656214
1489	0.656247
1490	0.656271
1491	0.656274
1492	0.656265
1493	0.656259
1494	0.656259
1495	0.656265
1496	0.656278
1497	0.656305
1498	0.656349
1499	0.656393
1500	0.656435
1501	0.65647
1502	0.65651
1503	0.656554
1504	0.656601
1505	0.65664
1506	0.656669
1507	0.656688
1508	0.656723
1509	0.656769
1510	0.656822
1511	0.656867
1512	0.656925
1513	0.656992
1514	0.657054
1515	0.657123
1516	0.657198
1517	0.657276
1518	0.657345
1519	0.657399
1520	0.657454
1521	0.657524
1522	0.657593
1523	0.657644
1524	0.657695
1525	0.657749
1526	0.657804
1527	0.657854
1528	0.6579
1529	0.65794
1530	0.657978
1531	0.658027
1532	0.658071
1533	0.658112
1534	0.658144
1535	0.658177
1536	0.658197
1537	0.658206
1538	0.658214
1539	0.658213
1540	0.658203
1541	0.658195
1542	0.658186
1543	0.658192
1544	0.658203
1545	0.658203
1546	0.658191
1547	0.658171
1548	0.658139
1549	0.658086
1550	0.658032
1551	0.65798
1552	0.657925
1553	0.657871
1554	0.657823
1555	0.657766
1556	0.657719
1557	0.65767
1558	0.657619
1559	0.657553
1560	0.657477
1561	0.657399
1562	0.657325
1563	0.657263
1564	0.65721
1565	0.657164
1566	0.657141
1567	0.65713
1568	0.657128
1569	0.657109
1570	0.657079
1571	0.657039
1572	0.656999
1573	0.656971
1574	0.656943
1575	0.65691
1576	0.656889
1577	0.656871
1578	0.656857
1579	0.656828
1580	0.656791
1581	0.656762
1582	0.656732
1583	0.656713
1584	0.656705
1585	0.656697
1586	0.656683
1587	0.656677
1588	0.656677
1589	0.656682
1590	0.65669
1591	0.656697
1592	0.656704
1593	0.656715
1594	0.656728
1595	0.656729
1596	0.656722
1597	0.656712
1598	0.656705
1599	0.6567
1600	0.656686
1601	0.656679
1602	0.65668
1603	0.656678
1604	0.656678
1605	0.656692
1606	0.656695
1607	0.656692
1608	0.656686
1609	0.656671
1610	0.65666
1611	0.656661
1612	0.656663
1613	0.656666
1614	0.656669
1615	0.656671
1616	0.65668
1617	0.656687
1618	0.656706
1619	0.656709
1620	0.656692
1621	0.656676
1622	0.656655
1623	0.656629
1624	0.656599
1625	0.656569
1626	0.656537
1627	0.656493
1628	0.65645
1629	0.656398
1630	0.656352
1631	0.656299
1632	0.656233
1633	0.656159
1634	0.656078
1635	0.65599
1636	0.655908
1637	0.655836
1638	0.655779
1639	0.655715
1640	0.655641
1641	0.655567
1642	0.655484
1643	0.655392
1644	0.655299
1645	0.65522
1646	0.65514
1647	0.655054
1648	0.654978
1649	0.654913
1650	0.654853
1651	0.654794
1652	0.654745
1653	0.654699
1654	0.654663
1655	0.654629
1656	0.654598
1657	0.654568
1658	0.654554
1659	0.654542
1660	0.654527
1661	0.654523
1662	0.65454
1663	0.654566
1664	0.654594
1665	0.654634
1666	0.65468
1667	0.654727
1668	0.654787
1669	0.654856
1670	0.654932
1671	0.655002
1672	0.655058
1673	0.655118
1674	0.655185
1675	0.655246
1676	0.6553
1677	0.655353
1678	0.655394
1679	0.655436
1680	0.65547
1681	0.655491
1682	0.655518
1683	0.655564
1684	0.655608
1685	0.65564
1686	0.655685
1687	0.655719
1688	0.655756
1689	0.655792
1690	0.655823
1691	0.655837
1692	0.655834
1693	0.655821
1694	0.65582
1695	0.655821
1696	0.655825
1697	0.655831
1698	0.655837
1699	0.655843
1700	0.655856
1701	0.655867
1702	0.655873
1703	0.655874
1704	0.655893
1705	0.65591
1706	0.655921
1707	0.655929
1708	0.655936
1709	0.655959
1710	0.655989
1711	0.656035
1712	0.656087
1713	0.65613
1714	0.656176
1715	0.656235
1716	0.656284
1717	0.65634
1718	0.656408
1719	0.65649
1720	0.656565
1721	0.65664
1722	0.656711
1723	0.656785
1724	0.656865
1725	0.65696
1726	0.657052
1727	0.657134
1728	0.657217
1729	0.657291
1730	0.657368
1731	0.657443
1732	0.657525
1733	0.657601
1734	0.657678
1735	0.657751
1736	0.657814
1737	0.657872
1738	0.657927
1739	0.657964
1740	0.658
1741	0.658039
1742	0.658085
1743	0.658129
1744	0.658165
1745	0.658209
1746	0.658248
1747	0.65828
1748	0.658309
1749	0.65833
1750	0.658357
1751	0.658397
1752	0.658442
1753	0.658485
1754	0.658511
1755	0.658532
1756	0.658557
1757	0.658575
1758	0.658576
1759	0.658567
1760	0.658554
1761	0.658535
1762	0.658501
1763	0.65847
1764	0.658429
1765	0.658379
1766	0.658337
1767	0.658299
1768	0.658259
1769	0.65821
1770	0.658157
1771	0.658099
1772	0.65804
1773	0.657982
1774	0.657929
1775	0.657884
1776	0.657837
1777	0.657792
1778	0.657758
1779	0.657717
1780	0.657664
1781	0.657614
1782	0.657568
1783	0.657521
1784	0.657477
1785	0.657431
1786	0.657388
1787	0.657353
1788	0.657331
1789	0.657311
1790	0.657295
1791	0.657282
1792	0.657275
1793	0.657262
1794	0.657242
1795	0.657211
1796	0.657179
1797	0.657142
1798	0.657109
1799	0.657075
1800	0.657032
1801	0.657001
1802	0.656977
1803	0.656946
1804	0.656913
1805	0.65689
1806	0.656881
1807	0.65687
1808	0.656852
1809	0.65683
1810	0.656814
1811	0.6568
1812	0.656794
1813	0.656793
1814	0.656789
1815	0.65678
1816	0.656766
1817	0.656753
1818	0.656718
1819	0.656679
1820	0.656641
1821	0.656604
1822	0.656572
1823	0.656547
1824	0.656513
1825	0.656468
1826	0.656422
1827	0.65639
1828	0.656369
1829	0.656361
1830	0.656371
1831	0.656389
1832	0.656403
1833	0.656408
1834	0.656422
1835	0.656436
1836	0.656454
1837	0.656469
1838	0.656475
1839	0.656481
1840	0.656488
1841	0.6565
1842	0.65652
1843	0.656542
1844	0.656568
1845	0.65658
1846	0.656576
1847	0.656568
1848	0.656573
1849	0.656582
1850	0.656599
1851	0.656603
1852	0.656579
1853	0.656554
1854	0.656532
1855	0.656519
1856	0.6565
1857	0.656475
1858	0.656457
1859	0.656423
1860	0.656389
1861	0.656365
1862	0.656353
1863	0.656347
1864	0.656355
1865	0.656377
1866	0.656401
1867	0.656428
1868	0.656457
1869	0.656477
1870	0.656508
1871	0.656527
1872	0.656554
1873	0.65658
1874	0.656606
1875	0.656623
1876	0.656633
1877	0.656655
1878	0.656682
1879	0.65672
1880	0.656749
1881	0.656777
1882	0.656805
1883	0.656833
1884	0.656846
1885	0.656865
1886	0.65689
1887	0.656916
1888	0.656951
1889	0.656978
1890	0.657005
1891	0.65703
1892	0.657055
1893	0.657082
1894	0.657105
1895	0.657116
1896	0.657119
1897	0.657127
1898	0.65714
1899	0.657157
1900	0.657166
1901	0.657182
1902	0.657215
1903	0.657246
1904	0.657284
1905	0.65731
1906	0.657332
1907	0.657362
1908	0.657391
1909	0.657408
1910	0.65742
1911	0.657426
1912	0.657433
1913	0.65743
1914	0.657433
1915	0.657427
1916	0.657423
1917	0.657425
1918	0.65742
1919	0.657407
1920	0.657392
1921	0.65738
1922	0.657375
1923	0.657384
1924	0.657394
1925	0.657405
1926	0.657423
1927	0.657438
1928	0.657449
1929	0.657462
1930	0.657476
1931	0.657483
1932	0.65749
1933	0.657491
1934	0.657498
1935	0.657512
1936	0.657534
1937	0.657572
1938	0.657614
1939	0.657656
1940	0.657696
1941	0.657736
1942	0.657787
1943	0.657833
1944	0.657871
1945	0.657903
1946	0.657939
1947	0.657974
1948	0.658022
1949	0.65805
1950	0.658079
1951	0.658107
1952	0.65814
1953	0.658164
1954	0.658168
1955	0.658167
1956	0.658172
1957	0.658193
1958	0.658215
1959	0.658227
1960	0.65823
1961	0.658233
1962	0.658239
1963	0.658241
1964	0.658238
1965	0.658239
1966	0.658232
1967	0.658213
1968	0.658195
1969	0.658183
1970	0.658179
1971	0.658169
1972	0.658168
1973	0.658172
1974	0.658182
1975	0.658185
1976	0.658174
1977	0.658149
1978	0.658114
1979	0.65809
1980	0.658064
1981	0.658039
1982	0.658013
1983	0.657992
1984	0.657978
1985	0.657954
1986	0.657913
1987	0.657862
1988	0.657808
1989	0.657749
1990	0.657687
1991	0.657626
1992	0.657585
1993	0.657552
1994	0.657535
1995	0.657517
1996	0.657495
1997	0.657472
1998	0.657435
1999	0.657394
2000	0.657351
2001	0.657306
2002	0.657267
2003	0.65724
2004	0.657218
2005	0.657195
2006	0.657167
2007	0.657141
2008	0.657124
2009	0.657105
2010	0.657084
2011	0.657063
2012	0.657029
2013	0.656994
2014	0.656957
2015	0.656915
2016	0.656874
2017	0.656837
2018	0.656797
2019	0.656759
2020	0.656715
2021	0.656678
2022	0.656643
2023	0.656622
2024	0.656598
2025	0.656573
2026	0.65656
2027	0.656544
2028	0.656518
2029	0.656496
2030	0.656477
2031	0.656454
2032	0.656444
2033	0.656438
2034	0.656428
2035	0.656416
2036	0.656397
2037	0.65637
2038	0.656347
2039	0.656322
2040	0.656303
2041	0.656292
2042	0.656285
2043	0.65629
2044	0.656295
2045	0.656307
2046	0.65631
2047	0.656297
2048	0.656278
2049	0.65627
2050	0.65627
2051	0.656274
2052	0.656271
2053	0.656264
2054	0.656262
2055	0.656256
2056	0.656249
2057	0.656249
2058	0.65625
2059	0.656252
2060	0.65626
2061	0.656266
2062	0.656267
2063	0.656278
2064	0.656291
2065	0.656308
2066	0.656327
2067	0.656344
2068	0.656364
2069	0.656383
2070	0.656412
2071	0.65643
2072	0.656459
2073	0.656489
2074	0.656508
2075	0.656529
2076	0.656546
2077	0.656548
2078	0.656545
2079	0.65654
2080	0.656527
2081	0.656511
2082	0.656491
2083	0.656471
2084	0.656444
2085	0.656414
2086	0.656394
2087	0.656373
2088	0.656358
2089	0.656348
2090	0.656339
2091	0.656332
2092	0.656322
2093	0.656322
2094	0.656314
2095	0.656304
2096	0.656293
2097	0.656295
2098	0.656295
2099	0.656304
2100	0.656322
2101	0.656348
2102	0.656374
2103	0.656408
2104	0.656453
2105	0.656494
2106	0.656531
2107	0.656576
2108	0.656632
2109	0.656693
2110	0.656756
2111	0.65683
2112	0.656899
2113	0.656967
2114	0.657031
2115	0.657093
2116	0.657163
2117	0.657225
2118	0.657292
2119	0.657359
2120	0.657436
2121	0.65751
2122	0.657597
2123	0.657696
2124	0.657797
2125	0.657883
2126	0.657976
2127	0.658065
2128	0.658161
2129	0.65824
2130	0.658313
2131	0.658382
2132	0.658429
2133	0.658479
2134	0.658528
2135	0.658577
2136	0.658609
2137	0.658628
2138	0.658648
2139	0.658662
2140	0.658659
2141	0.658649
2142	0.658634
2143	0.658625
2144	0.658602
2145	0.658574
2146	0.658537
2147	0.658491
2148	0.658436
2149	0.658382
2150	0.65833
2151	0.658269
2152	0.658197
2153	0.658114
2154	0.65802
2155	0.657915
2156	0.657799
2157	0.657674
2158	0.657559
2159	0.657433
2160	0.657307
2161	0.657174
2162	0.65704
2163	0.656897
2164	0.656735
2165	0.656551
2166	0.656381
2167	0.656229
2168	0.656081
2169	0.65594
2170	0.655803
2171	0.655668
2172	0.655536
2173	0.655403
2174	0.655274
2175	0.655147
2176	0.655031
2177	0.654931
2178	0.654834
2179	0.654735
2180	0.654632
2181	0.654539
2182	0.654453
2183	0.654375
2184	0.654309
2185	0.654266
2186	0.65423
2187	0.654209
2188	0.654199
2189	0.654207
2190	0.654232
2191	0.654258
2192	0.654291
2193	0.654316
2194	0.654352
2195	0.654398
2196	0.65445
2197	0.654505
2198	0.654572
2199	0.654638
2200	0.654709
2201	0.654775
2202	0.654839
2203	0.654915
2204	0.654999
2205	0.655088
2206	0.655178
2207	0.655262
2208	0.655339
2209	0.655438
2210	0.655558
2211	0.655664
2212	0.655777
2213	0.65589
2214	0.656003
2215	0.656119
2216	0.656242
2217	0.656351
2218	0.656457
2219	0.656546
2220	0.656619
2221	0.656693
2222	0.656763
2223	0.656842
2224	0.656924
2225	0.657004
2226	0.657081
2227	0.657169
2228	0.657261
2229	0.657361
2230	0.657468
2231	0.657559
2232	0.657642
2233	0.657716
2234	0.657771
2235	0.657823
2236	0.657892
2237	0.657949
2238	0.657996
2239	0.658024
2240	0.658059
2241	0.658101
2242	0.658143
2243	0.65817
2244	0.658193
2245	0.6582
2246	0.658193
2247	0.658183
2248	0.658166
2249	0.658153
2250	0.658135
2251	0.658114
2252	0.658088
2253	0.658052
2254	0.658014
2255	0.657982
2256	0.657958
2257	0.657926
2258	0.657899
2259	0.657873
2260	0.657852
2261	0.657826
2262	0.657807
2263	0.657779
2264	0.657743
2265	0.657711
2266	0.657667
2267	0.657611
2268	0.657556
2269	0.657487
2270	0.657427
2271	0.657375
2272	0.657335
2273	0.657289
2274	0.657247
2275	0.65721
2276	0.657164
2277	0.657131
2278	0.657103
2279	0.657061
2280	0.657015
2281	0.656957
2282	0.656913
2283	0.656875
2284	0.656826
2285	0.656787
2286	0.656739
2287	0.656689
2288	0.656631
2289	0.656565
2290	0.656494
2291	0.656423
2292	0.65636
2293	0.656305
2294	0.656246
2295	0.656199
2296	0.656142
2297	0.656084
2298	0.656021
2299	0.655963
2300	0.655911
2301	0.655868
2302	0.655836
2303	0.655801
2304	0.655775
2305	0.655754
2306	0.655734
2307	0.655713
2308	0.655691
2309	0.655678
2310	0.655668
2311	0.655661
2312	0.655657
2313	0.65565
2314	0.655647
2315	0.655662
2316	0.655692
2317	0.655736
2318	0.655794
2319	0.655851
2320	0.655901
2321	0.655942
2322	0.655957
2323	0.65598
2324	0.656008
2325	0.656039
2326	0.656066
2327	0.656101
2328	0.656131
2329	0.656161
2330	0.656205
2331	0.656243
2332	0.656285
2333	0.656328
2334	0.656388
2335	0.656452
2336	0.656515
2337	0.656557
2338	0.6566
2339	0.65665
2340	0.656697
2341	0.656755
2342	0.656823
2343	0.656892
2344	0.656965
2345	0.657044
2346	0.657131
2347	0.657228
2348	0.657321
2349	0.6574
2350	0.657479
2351	0.657555
2352	0.657621
2353	0.657691
2354	0.657759
2355	0.657821
2356	0.657877
2357	0.657934
2358	0.657997
2359	0.658058
2360	0.658115
2361	0.658177
2362	0.658231
2363	0.658286
2364	0.658343
2365	0.658402
2366	0.658455
2367	0.658517
2368	0.658572
2369	0.658615
2370	0.658654
2371	0.658696
2372	0.658737
2373	0.658779
2374	0.658829
2375	0.658869
2376	0.658899
2377	0.658934
2378	0.658957
2379	0.658984
2380	0.659004
2381	0.659
2382	0.658986
2383	0.658965
2384	0.658946
2385	0.658923
2386	0.658911
2387	0.65891
2388	0.658914
2389	0.658935
2390	0.65896
2391	0.658974
2392	0.658979
2393	0.658981
2394	0.65897
2395	0.658949
2396	0.658931
2397	0.658903
2398	0.658857
2399	0.658802
2400	0.658739
2401	0.658677
2402	0.658617
2403	0.658547
2404	0.658477
2405	0.65841
2406	0.658337
2407	0.658276
2408	0.658221
2409	0.65817
2410	0.658116
2411	0.658044
2412	0.657969
2413	0.657899
2414	0.657834
2415	0.657766
2416	0.657709
2417	0.657658
2418	0.657592
2419	0.657528
2420	0.657467
2421	0.657411
2422	0.657348
2423	0.65728
2424	0.657211
2425	0.65714
2426	0.657068
2427	0.65701
2428	0.656949
2429	0.656902
2430	0.656859
2431	0.656816
2432	0.656765
2433	0.65671
2434	0.656662
2435	0.656614
2436	0.65657
2437	0.656534
2438	0.656493
2439	0.656447
2440	0.656399
2441	0.65633
2442	0.656259
2443	0.656175
2444	0.656083
2445	0.655986
2446	0.655889
2447	0.655802
2448	0.655718
2449	0.655631
2450	0.65555
2451	0.65547
2452	0.655392
2453	0.655322
2454	0.655272
2455	0.655235
2456	0.655197
2457	0.655166
2458	0.655129
2459	0.655093
2460	0.655052
2461	0.655033
2462	0.655023
2463	0.655021
2464	0.655026
2465	0.655027
2466	0.655024
2467	0.65501
2468	0.654995
2469	0.654986
2470	0.654978
2471	0.654963
2472	0.654946
2473	0.654931
2474	0.654923
2475	0.654917
2476	0.654919
2477	0.654925
2478	0.65494
2479	0.654961
2480	0.654994
2481	0.655037
2482	0.65508
2483	0.655126
2484	0.655182
2485	0.655254
2486	0.655331
2487	0.655412
2488	0.655517
2489	0.65564
2490	0.655775
2491	0.655899
2492	0.656009
2493	0.656127
2494	0.656234
2495	0.656328
2496	0.656429
2497	0.656521
2498	0.656616
2499	0.656708
2500	0.656799
2501	0.656892
2502	0.656991
2503	0.657081
2504	0.657171
2505	0.657243
2506	0.657301
2507	0.657358
2508	0.657393
2509	0.657411
2510	0.657435
2511	0.657465
2512	0.657494
2513	0.657522
2514	0.657547
2515	0.657571
2516	0.657586
2517	0.657596
2518	0.6576
2519	0.657597
2520	0.657605
2521	0.657615
2522	0.657619
2523	0.657628
2524	0.657648
2525	0.657668
2526	0.65768
2527	0.657692
2528	0.657706
2529	0.657727
2530	0.65775
2531	0.657777
2532	0.657809
2533	0.657839
2534	0.657876
2535	0.657912
2536	0.657943
2537	0.657962
2538	0.657973
2539	0.657972
2540	0.657963
2541	0.657952
2542	0.657933
2543	0.657909
2544	0.657893
2545	0.657886
2546	0.65789
2547	0.657887
2548	0.657883
2549	0.657868
2550	0.657859
2551	0.657858
2552	0.657843
2553	0.657834
2554	0.657845
2555	0.657868
2556	0.657879
2557	0.657885
2558	0.657893
2559	0.657882
2560	0.657869
2561	0.657859
2562	0.657848
2563	0.657834
2564	0.657822
2565	0.657817
2566	0.657812
2567	0.657811
2568	0.657806
2569	0.657805
2570	0.657794
2571	0.657774
2572	0.657746
2573	0.657726
2574	0.657703
2575	0.657672
2576	0.657634
2577	0.65759
2578	0.657546
2579	0.657491
2580	0.657435
2581	0.657378
2582	0.657313
2583	0.657258
2584	0.657187
2585	0.657116
2586	0.657048
2587	0.656987
2588	0.656934
2589	0.656885
2590	0.656835
2591	0.656783
2592	0.656732
2593	0.65669
2594	0.65666
2595	0.656637
2596	0.656641
2597	0.656647
2598	0.656653
2599	0.656665
2600	0.656674
2601	0.656667
2602	0.656665
2603	0.656668
2604	0.656658
2605	0.656652
2606	0.656636
2607	0.656621
2608	0.656609
2609	0.656594
2610	0.656584
2611	0.656577
2612	0.656583
2613	0.656597
2614	0.656615
2615	0.656655
2616	0.656686
2617	0.656714
2618	0.656739
2619	0.656756
2620	0.656772
2621	0.65679
2622	0.656807
2623	0.656828
2624	0.656866
2625	0.656901
2626	0.656939
2627	0.656976
2628	0.657006
2629	0.657037
2630	0.657062
2631	0.657092
2632	0.657127
2633	0.657153
2634	0.657179
2635	0.657219
2636	0.657264
2637	0.657308
2638	0.65736
2639	0.65741
2640	0.657463
2641	0.657531
2642	0.657606
2643	0.657666
2644	0.657719
2645	0.657778
2646	0.657845
2647	0.657906
2648	0.657959
2649	0.658008
2650	0.658035
2651	0.65805
2652	0.658061
2653	0.658053
2654	0.658041
2655	0.658034
2656	0.658015
2657	0.65799
2658	0.657972
2659	0.657956
2660	0.657934
2661	0.657915
2662	0.657902
2663	0.65787
2664	0.657829
2665	0.657775
2666	0.657734
2667	0.657711
2668	0.657697
2669	0.657673
2670	0.657642
2671	0.657604
2672	0.657568
2673	0.657518
2674	0.657461
2675	0.6574
2676	0.65733
2677	0.657278
2678	0.65724
2679	0.657207
2680	0.657175
2681	0.657153
2682	0.65713
2683	0.657088
2684	0.657043
2685	0.657001
2686	0.656964
2687	0.65693
2688	0.656893
2689	0.656853
2690	0.656804
2691	0.656758
2692	0.656698
2693	0.656635
2694	0.656568
2695	0.656497
2696	0.656439
2697	0.656389
2698	0.65635
2699	0.656326
2700	0.656304
2701	0.656281
2702	0.656263
2703	0.656247
2704	0.656232
2705	0.656229
2706	0.656233
2707	0.656239
2708	0.656254
2709	0.656274
2710	0.656299
2711	0.65632
2712	0.656319
2713	0.656305
2714	0.65629
2715	0.656263
2716	0.656228
2717	0.656195
2718	0.656162
2719	0.656134
2720	0.656119
2721	0.656117
2722	0.656129
2723	0.656153
2724	0.656182
2725	0.656218
2726	0.656258
2727	0.656289
2728	0.656307
2729	0.656303
2730	0.656301
2731	0.656311
2732	0.656326
2733	0.65634
2734	0.656352
2735	0.656362
2736	0.65637
2737	0.656367
2738	0.656356
2739	0.656355
2740	0.656345
2741	0.656329
2742	0.656296
2743	0.656259
2744	0.656203
2745	0.656156
2746	0.656107
2747	0.656075
2748	0.656049
2749	0.65603
2750	0.656009
2751	0.655993
2752	0.656002
2753	0.656013
2754	0.656034
2755	0.656058
2756	0.656079
2757	0.656113
2758	0.656169
2759	0.656236
2760	0.656291
2761	0.656362
2762	0.656444
2763	0.656537
2764	0.656621
2765	0.656708
2766	0.65678
2767	0.656848
2768	0.656895
2769	0.656944
2770	0.657012
2771	0.657078
2772	0.657144
2773	0.657203
2774	0.657256
2775	0.657312
2776	0.657361
2777	0.657397
2778	0.657428
2779	0.657461
2780	0.657489
2781	0.657518
2782	0.657551
2783	0.657592
2784	0.657633
2785	0.657658
2786	0.657676
2787	0.657686
2788	0.657702
2789	0.657735
2790	0.657765
2791	0.657785
2792	0.657795
2793	0.657785
2794	0.657755
2795	0.657725
2796	0.6577
2797	0.657682
2798	0.657659
2799	0.657623
2800	0.65758
2801	0.657521
2802	0.657469
2803	0.657432
2804	0.657394
2805	0.657372
2806	0.657347
2807	0.657321
2808	0.657284
2809	0.657244
2810	0.657212
2811	0.657173
2812	0.657133
2813	0.657096
2814	0.657067
2815	0.657035
2816	0.657006
2817	0.656995
2818	0.656987
2819	0.656982
2820	0.656975
2821	0.656976
2822	0.656991
2823	0.65701
2824	0.657023
2825	0.65704
2826	0.657066
2827	0.657094
2828	0.657125
2829	0.657159
2830	0.657183
2831	0.657204
2832	0.657213
2833	0.657213
2834	0.657198
2835	0.657178
2836	0.65715
2837	0.657121
2838	0.657087
2839	0.657068
2840	0.657059
2841	0.657045
2842	0.657032
2843	0.657023
2844	0.657004
2845	0.656982
2846	0.656972
2847	0.656961
2848	0.656949
2849	0.656949
2850	0.65697
2851	0.656993
2852	0.657014
2853	0.657029
2854	0.657042
2855	0.65704
2856	0.657024
2857	0.656997
2858	0.656973
2859	0.656952
2860	0.656918
2861	0.656885
2862	0.65685
2863	0.65682
2864	0.656785
2865	0.656754
2866	0.656718
2867	0.656667
2868	0.656624
2869	0.656589
2870	0.656558
2871	0.656539
2872	0.656533
2873	0.656538
2874	0.656556
2875	0.656573
2876	0.656583
2877	0.656584
2878	0.656579
2879	0.656561
2880	0.656539
2881	0.656527
2882	0.656517
2883	0.656507
2884	0.656499
2885	0.6565
2886	0.65651
2887	0.656521
2888	0.656514
2889	0.656502
2890	0.656495
2891	0.656487
2892	0.656476
2893	0.656459
2894	0.656453
2895	0.656457
2896	0.656454
2897	0.656465
2898	0.656481
2899	0.656509
2900	0.65655
2901	0.656604
2902	0.656661
2903	0.656714
2904	0.656752
2905	0.656788
2906	0.656817
2907	0.656839
2908	0.656854
2909	0.656873
2910	0.656885
2911	0.656886
2912	0.656888
2913	0.656901
2914	0.656939
2915	0.656979
2916	0.657016
2917	0.657049
2918	0.657064
2919	0.657071
2920	0.65706
2921	0.657047
2922	0.657029
2923	0.657007
2924	0.656988
2925	0.656969
2926	0.656957
2927	0.656949
2928	0.656933
2929	0.65692
2930	0.656895
2931	0.656868
2932	0.656839
2933	0.656795
2934	0.656742
2935	0.656694
2936	0.656642
2937	0.656576
2938	0.656511
2939	0.656454
2940	0.656401
2941	0.656349
2942	0.656307
2943	0.656284
2944	0.656277
2945	0.656257
2946	0.656239
2947	0.656219
2948	0.656194
2949	0.656167
2950	0.656141
2951	0.656132
2952	0.656119
2953	0.656106
2954	0.656091
2955	0.65609
2956	0.656105
2957	0.656129
2958	0.656145
2959	0.656167
2960	0.656211
2961	0.656249
2962	0.656285
2963	0.656315
2964	0.656328
2965	0.656333
2966	0.656326
2967	0.656315
2968	0.656309
2969	0.656313
2970	0.656319
2971	0.656327
2972	0.656335
2973	0.656336
2974	0.656328
2975	0.656312
2976	0.656281
2977	0.656235
2978	0.656191
2979	0.656139
2980	0.656085
2981	0.656038
2982	0.656004
2983	0.655978
2984	0.655966
2985	0.655959
2986	0.655958
2987	0.655946
2988	0.655938
2989	0.655934
2990	0.655931
2991	0.655929
2992	0.655932
2993	0.65594
2994	0.655964
2995	0.655995
2996	0.656028
2997	0.656053
2998	0.656075
2999	0.656098
3000	0.656124
3001	0.656152
3002	0.656177
3003	0.656197
3004	0.656214
3005	0.656237
3006	0.656253
3007	0.656264
3008	0.656275
3009	0.656273
3010	0.656269
3011	0.656273
3012	0.656274
3013	0.656262
3014	0.656239
3015	0.656219
3016	0.65619
3017	0.656161
3018	0.656126
3019	0.656096
3020	0.656069
3021	0.656047
3022	0.656022
3023	0.655994
3024	0.655968
3025	0.655946
3026	0.65594
3027	0.655955
3028	0.655978
3029	0.656018
3030	0.656042
3031	0.656056
3032	0.656064
3033	0.656072
3034	0.656079
3035	0.656072
3036	0.656069
3037	0.656074
3038	0.65609
3039	0.656099
3040	0.656096
3041	0.656092
3042	0.656091
3043	0.656092
3044	0.6561
3045	0.656105
3046	0.656117
3047	0.656136
3048	0.656163
3049	0.656185
3050	0.656206
3051	0.656223
3052	0.656247
3053	0.656277
3054	0.656304
3055	0.656325
3056	0.656361
3057	0.65639
3058	0.656427
3059	0.656468
3060	0.656505
3061	0.656536
3062	0.656549
3063	0.656553
3064	0.656568
3065	0.656587
3066	0.656597
3067	0.65661
3068	0.656616
3069	0.656621
3070	0.656632
3071	0.656646
3072	0.656668
3073	0.656701
3074	0.656741
3075	0.656783
3076	0.656833
3077	0.656882
3078	0.656928
3079	0.65698
3080	0.657036
3081	0.657091
3082	0.657136
3083	0.657188
3084	0.657257
3085	0.657319
3086	0.657377
3087	0.657431
3088	0.657484
3089	0.657535
3090	0.657584
3091	0.657622
3092	0.657643
3093	0.657664
3094	0.657687
3095	0.657702
3096	0.657716
3097	0.657738
3098	0.657758
3099	0.657766
3100	0.657779
3101	0.657812
3102	0.657849
3103	0.657887
3104	0.657927
3105	0.657964
3106	0.657987
3107	0.658004
3108	0.658019
3109	0.658031
3110	0.658035
3111	0.658029
3112	0.658029
3113	0.658022
3114	0.658023
3115	0.658017
3116	0.658007
3117	0.657999
3118	0.65799
3119	0.657991
3120	0.658
3121	0.658012
3122	0.658019
3123	0.65802
3124	0.658019
3125	0.658007
3126	0.657996
3127	0.65799
3128	0.657992
3129	0.657994
3130	0.657998
3131	0.65799
3132	0.657984
3133	0.657989
3134	0.657994
3135	0.657992
3136	0.657985
3137	0.65797
3138	0.657947
3139	0.657918
3140	0.657899
3141	0.657872
3142	0.65785
3143	0.657822
3144	0.657786
3145	0.657742
3146	0.657688
3147	0.65763
3148	0.65756
3149	0.657492
3150	0.657429
3151	0.657369
3152	0.657299
3153	0.657231
3154	0.657154
3155	0.657082
3156	0.657011
3157	0.656936
3158	0.65686
3159	0.656769
3160	0.656676
3161	0.656579
3162	0.656472
3163	0.656372
3164	0.656271
3165	0.656178
3166	0.656103
3167	0.656034
3168	0.655973
3169	0.655923
3170	0.655886
3171	0.655847
3172	0.65582
3173	0.655796
3174	0.655779
3175	0.655759
3176	0.655728
3177	0.6557
3178	0.655675
3179	0.655651
3180	0.655631
3181	0.655602
3182	0.655572
3183	0.655549
3184	0.655528
3185	0.655526
3186	0.655544
3187	0.655558
3188	0.655571
3189	0.655584
3190	0.655595
3191	0.655618
3192	0.65566
3193	0.655706
3194	0.655742
3195	0.655767
3196	0.655783
3197	0.655799
3198	0.655803
3199	0.655822
3200	0.655844
3201	0.655864
3202	0.655883
3203	0.655908
3204	0.65593
3205	0.655947
3206	0.655954
3207	0.655967
3208	0.65598
3209	0.655977
3210	0.65597
3211	0.655963
3212	0.655967
3213	0.655961
3214	0.655958
3215	0.655944
3216	0.655932
3217	0.655933
3218	0.655939
3219	0.655942
3220	0.655938
3221	0.655934
3222	0.655941
3223	0.655977
3224	0.656032
3225	0.656106
3226	0.656188
3227	0.656271
3228	0.65635
3229	0.656424
3230	0.656502
3231	0.656577
3232	0.656636
3233	0.6567
3234	0.656756
3235	0.656811
3236	0.656846
3237	0.656873
3238	0.656891
3239	0.656911
3240	0.65693
3241	0.65694
3242	0.656954
3243	0.656983
3244	0.657019
3245	0.657049
3246	0.657085
3247	0.657119
3248	0.657148
3249	0.657149
3250	0.657141
3251	0.657142
3252	0.657149
3253	0.657162
3254	0.65719
3255	0.657229
3256	0.657258
3257	0.657288
3258	0.657311
3259	0.657322
3260	0.657324
3261	0.657329
3262	0.65734
3263	0.657349
3264	0.657369
3265	0.657398
3266	0.657424
3267	0.657439
3268	0.657442
3269	0.65746
3270	0.657478
3271	0.657489
3272	0.657494
3273	0.657511
3274	0.657534
3275	0.657562
3276	0.657585
3277	0.657601
3278	0.657604
3279	0.6576
3280	0.657598
3281	0.657602
3282	0.657606
3283	0.657595
3284	0.657591
3285	0.657579
3286	0.657588
3287	0.657591
3288	0.657588
3289	0.65758
3290	0.657565
3291	0.657549
3292	0.657546
3293	0.657557
3294	0.657578
3295	0.657599
3296	0.657627
3297	0.657639
3298	0.657648
3299	0.657658
3300	0.657664
3301	0.657679
3302	0.657686
3303	0.657694
3304	0.657686
3305	0.657681
3306	0.657681
3307	0.65769
3308	0.657703
3309	0.65772
3310	0.657733
3311	0.657743
3312	0.657747
3313	0.657741
3314	0.65772
3315	0.657693
3316	0.65766
3317	0.657608
3318	0.657549
3319	0.657473
3320	0.6574
3321	0.65732
3322	0.657234
3323	0.657137
3324	0.657043
3325	0.656951
3326	0.656871
3327	0.656785
3328	0.656692
3329	0.656603
3330	0.656517
3331	0.656418
3332	0.656318
3333	0.656212
3334	0.656091
3335	0.655975
3336	0.655868
3337	0.655767
3338	0.655659
3339	0.65555
3340	0.655442
3341	0.655348
3342	0.655263
3343	0.655187
3344	0.65511
3345	0.655053
3346	0.655014
3347	0.654986
3348	0.654954
3349	0.654915
3350	0.654873
3351	0.654837
3352	0.654808
3353	0.654786
3354	0.654778
3355	0.654796
3356	0.65481
3357	0.654822
3358	0.654832
3359	0.65483
3360	0.654835
3361	0.654862
3362	0.6549
3363	0.654949
3364	0.65501
3365	0.655077
3366	0.655141
3367	0.655196
3368	0.655249
3369	0.655307
3370	0.655369
3371	0.655445
3372	0.655521
3373	0.655594
3374	0.655664
3375	0.655715
3376	0.655753
3377	0.655783
3378	0.655808
3379	0.655831
3380	0.655861
3381	0.655901
3382	0.655934
3383	0.655958
3384	0.655984
3385	0.655999
3386	0.656027
3387	0.656056
3388	0.656077
3389	0.656091
3390	0.656105
3391	0.656129
3392	0.656159
3393	0.656178
3394	0.656198
3395	0.656222
3396	0.656268
3397	0.656336
3398	0.656409
3399	0.656477
3400	0.65656
3401	0.656643
3402	0.65671
3403	0.656781
3404	0.656852
3405	0.656923
3406	0.656991
3407	0.657054
3408	0.657112
3409	0.657176
3410	0.65723
3411	0.65728
3412	0.657328
3413	0.657367
3414	0.657414
3415	0.657457
3416	0.657496
3417	0.657536
3418	0.657579
3419	0.65764
3420	0.657695
3421	0.657732
3422	0.657758
3423	0.657777
3424	0.657781
3425	0.657781
3426	0.657762
3427	0.657733
3428	0.657706
3429	0.657691
3430	0.657665
3431	0.657643
3432	0.657605
3433	0.657564
3434	0.657526
3435	0.657483
3436	0.657441
3437	0.657408
3438	0.65737
3439	0.657324
3440	0.657284
3441	0.657236
3442	0.657184
3443	0.65713
3444	0.657081
3445	0.657032
3446	0.656987
3447	0.656945
3448	0.656911
3449	0.656884
3450	0.656872
3451	0.656881
3452	0.656883
3453	0.656879
3454	0.656875
3455	0.656878
3456	0.656875
3457	0.656866
3458	0.656835
3459	0.656789
3460	0.656759
3461	0.656731
3462	0.656709
3463	0.656694
3464	0.656671
3465	0.65664
3466	0.656604
3467	0.656567
3468	0.656515
3469	0.656459
3470	0.656398
3471	0.656322
3472	0.656256
3473	0.656181
3474	0.656109
3475	0.656018
3476	0.655929
3477	0.655842
3478	0.655755
3479	0.655675
3480	0.6556
3481	0.655521
3482	0.655452
3483	0.655395
3484	0.655348
3485	0.655308
3486	0.655267
3487	0.65523
3488	0.655213
3489	0.655215
3490	0.655224
3491	0.655227
3492	0.655239
3493	0.655252
3494	0.65529
3495	0.655337
3496	0.65538
3497	0.655415
3498	0.655445
3499	0.655469
3500	0.655488
3501	0.655505
3502	0.65552
3503	0.655532
3504	0.655559
3505	0.655582
3506	0.655607
3507	0.655639
3508	0.655677
3509	0.655716
3510	0.655773
3511	0.655826
3512	0.655871
3513	0.655919
3514	0.65597
3515	0.656015
3516	0.65607
3517	0.65613
3518	0.6562
3519	0.656262
3520	0.656305
3521	0.656347
3522	0.656393
3523	0.656443
3524	0.656513
3525	0.656591
3526	0.656669
3527	0.656743
3528	0.656814
3529	0.656876
3530	0.656933
3531	0.656979
3532	0.657016
3533	0.657038
3534	0.657079
3535	0.65713
3536	0.657196
3537	0.657259
3538	0.657324
3539	0.657384
3540	0.657444
3541	0.657508
3542	0.65759
3543	0.657683
3544	0.657794
3545	0.657918
3546	0.658036
3547	0.658144
3548	0.65824
3549	0.658341
3550	0.658437
3551	0.65851
3552	0.658566
3553	0.658627
3554	0.65868
3555	0.658725
3556	0.658767
3557	0.658806
3558	0.658836
3559	0.658845
3560	0.658854
3561	0.658852
3562	0.658838
3563	0.658849
3564	0.658869
3565	0.6589
3566	0.65893
3567	0.658962
3568	0.658987
3569	0.659014
3570	0.659029
3571	0.659033
3572	0.659033
3573	0.659044
3574	0.659045
3575	0.659043
3576	0.65903
3577	0.659012
3578	0.658994
3579	0.658972
3580	0.65894
3581	0.658899
3582	0.65886
3583	0.658818
3584	0.658772
3585	0.658728
3586	0.658668
3587	0.658602
3588	0.658529
3589	0.658449
3590	0.658365
3591	0.65828
3592	0.658196
3593	0.658106
3594	0.658028
3595	0.657948
3596	0.657877
3597	0.657803
3598	0.657723
3599	0.65764
3600	0.657565
3601	0.657486
3602	0.657408
3603	0.657317
3604	0.657225
3605	0.657133
3606	0.657049
3607	0.656957
3608	0.656846
3609	0.65674
3610	0.656639
3611	0.656538
3612	0.656444
3613	0.656345
3614	0.656235
3615	0.656123
3616	0.656017
3617	0.655909
3618	0.655815
3619	0.655737
3620	0.655677
3621	0.655621
3622	0.655558
3623	0.655506
3624	0.655451
3625	0.655383
3626	0.655324
3627	0.655268
3628	0.655219
3629	0.65517
3630	0.655134
3631	0.655095
3632	0.655075
3633	0.65507
3634	0.655061
3635	0.65504
3636	0.655024
3637	0.655021
3638	0.655029
3639	0.655054
3640	0.655083
3641	0.655127
3642	0.655182
3643	0.655239
3644	0.655282
3645	0.65532
3646	0.655359
3647	0.655402
3648	0.655451
3649	0.655502
3650	0.655578
3651	0.655649
3652	0.655718
3653	0.655781
3654	0.655828
3655	0.655867
3656	0.655906
3657	0.655951
3658	0.65599
3659	0.656037
3660	0.656096
3661	0.656161
3662	0.656221
3663	0.656281
3664	0.656343
3665	0.656408
3666	0.656469
3667	0.65651
3668	0.65655
3669	0.65658
3670	0.656604
3671	0.656632
3672	0.656647
3673	0.656668
3674	0.656687
3675	0.656709
3676	0.65673
3677	0.656748
3678	0.656777
3679	0.656809
3680	0.656835
3681	0.656858
3682	0.656881
3683	0.65691
3684	0.656932
3685	0.656957
3686	0.656996
3687	0.657038
3688	0.657084
3689	0.657126
3690	0.657167
3691	0.657207
3692	0.657249
3693	0.65729
3694	0.65732
3695	0.657336
3696	0.657353
3697	0.657363
3698	0.657385
3699	0.657403
3700	0.65741
3701	0.657405
3702	0.657398
3703	0.657393
3704	0.65738
3705	0.657353
3706	0.657322
3707	0.657288
3708	0.657248
3709	0.657201
3710	0.657166
3711	0.657138
3712	0.657106
3713	0.657059
3714	0.657002
3715	0.656947
3716	0.656893
3717	0.656834
3718	0.656769
3719	0.656702
3720	0.656631
3721	0.656562
3722	0.656494
3723	0.65644
3724	0.656385
3725	0.656327
3726	0.656274
3727	0.65624
3728	0.656205
3729	0.656173
3730	0.656148
3731	0.65614
3732	0.656127
3733	0.656114
3734	0.656111
3735	0.656103
3736	0.65609
3737	0.65607
3738	0.656045
3739	0.656012
3740	0.655963
3741	0.655907
3742	0.655867
3743	0.655834
3744	0.655802
3745	0.655768
3746	0.655717
3747	0.65566
3748	0.655605
3749	0.655558
3750	0.655498
3751	0.655445
3752	0.655395
3753	0.655348
3754	0.655316
3755	0.655298
3756	0.655295
3757	0.6553
3758	0.655324
3759	0.65535
3760	0.655371
3761	0.655396
3762	0.655427
3763	0.655467
3764	0.655499
3765	0.655516
3766	0.655536
3767	0.65556
3768	0.655572
3769	0.655584
3770	0.655601
3771	0.655609
3772	0.655612
3773	0.655618
3774	0.655632
3775	0.655646
3776	0.655674
3777	0.655684
3778	0.655702
3779	0.655731
3780	0.655752
3781	0.655783
3782	0.655816
3783	0.655851
3784	0.655896
3785	0.655929
3786	0.655953
3787	0.655987
3788	0.656024
3789	0.656058
3790	0.65609
3791	0.656117
3792	0.656156
3793	0.656194
3794	0.656238
3795	0.656282
3796	0.656339
3797	0.656401
3798	0.656476
3799	0.656553
3800	0.656639
3801	0.656723
3802	0.656802
3803	0.65687
3804	0.656941
3805	0.657012
3806	0.657088
3807	0.657173
3808	0.657264
3809	0.657356
3810	0.657442
3811	0.657523
3812	0.65761
3813	0.657701
3814	0.657793
3815	0.657876
3816	0.657959
3817	0.658049
3818	0.658145
3819	0.658227
3820	0.658297
3821	0.658352
3822	0.658391
3823	0.658421
3824	0.65844
3825	0.65845
3826	0.658459
3827	0.658468
3828	0.65847
3829	0.65847
3830	0.658471
3831	0.658472
3832	0.65848
3833	0.658484
3834	0.658481
3835	0.658478
3836	0.658469
3837	0.658458
3838	0.658419
3839	0.658382
3840	0.658335
3841	0.65829
3842	0.658246
3843	0.658207
3844	0.658165
3845	0.658124
3846	0.658079
3847	0.658041
3848	0.658001
3849	0.657966
3850	0.657934
3851	0.657897
3852	0.65785
3853	0.65779
3854	0.65772
3855	0.657656
3856	0.657606
3857	0.657559
3858	0.657508
3859	0.65745
3860	0.657379
3861	0.657314
3862	0.657263
3863	0.657225
3864	0.657193
3865	0.657151
3866	0.657103
3867	0.657053
3868	0.657016
3869	0.656974
3870	0.656934
3871	0.656897
3872	0.656858
3873	0.656816
3874	0.656779
3875	0.656743
3876	0.656708
3877	0.656672
3878	0.656632
3879	0.656591
3880	0.656556
3881	0.656524
3882	0.656495
3883	0.656466
3884	0.656432
3885	0.656396
3886	0.656367
3887	0.656346
3888	0.656319
3889	0.656301
3890	0.65628
3891	0.65626
3892	0.656239
3893	0.656228
3894	0.656212
3895	0.656202
3896	0.65618
3897	0.656161
3898	0.656157
3899	0.656155
3900	0.656153
3901	0.656144
3902	0.656151
3903	0.656167
3904	0.656181
3905	0.656186
3906	0.65619
3907	0.656195
3908	0.656212
3909	0.656233
3910	0.656257
3911	0.656281
3912	0.656312
3913	0.656346
3914	0.656382
3915	0.65643
3916	0.656471
3917	0.656512
3918	0.656561
3919	0.656629
3920	0.656688
3921	0.656742
3922	0.656802
3923	0.656869
3924	0.656936
3925	0.657005
3926	0.657071
3927	0.657147
3928	0.65723
3929	0.657316
3930	0.657403
3931	0.657481
3932	0.657559
3933	0.657645
3934	0.657722
3935	0.657785
3936	0.657846
3937	0.65791
3938	0.657964
3939	0.658002
3940	0.658033
3941	0.658053
3942	0.658073
3943	0.658095
3944	0.658114
3945	0.658128
3946	0.658135
3947	0.658142
3948	0.658148
3949	0.658169
3950	0.658203
3951	0.658239
3952	0.658266
3953	0.658282
3954	0.658285
3955	0.658291
3956	0.65829
3957	0.658289
3958	0.658296
3959	0.658301
3960	0.658299
3961	0.65828
3962	0.658257
3963	0.658233
3964	0.658209
3965	0.6582
3966	0.658204
3967	0.658218
3968	0.658214
3969	0.658207
3970	0.658199
3971	0.658201
3972	0.658203
3973	0.658194
3974	0.658175
3975	0.658151
3976	0.658121
3977	0.65808
3978	0.658041
3979	0.658005
3980	0.657965
3981	0.657923
3982	0.657868
3983	0.657802
3984	0.657748
3985	0.657688
3986	0.657624
3987	0.657566
3988	0.657509
3989	0.657454
3990	0.657407
3991	0.657365
3992	0.657329
3993	0.657308
3994	0.657288
3995	0.657287
3996	0.657281
3997	0.657271
3998	0.657267
3999	0.657266
4000	0.657273
4001	0.657285
4002	0.65729
4003	0.65729
4004	0.657276
4005	0.657262
4006	0.657264
4007	0.657275
4008	0.657275
4009	0.657275
4010	0.657264
4011	0.657252
4012	0.657224
4013	0.65718
4014	0.657129
4015	0.657063
4016	0.656995
4017	0.656931
4018	0.656856
4019	0.65678
4020	0.656718
4021	0.656663
4022	0.656597
4023	0.656508
4024	0.656424
4025	0.656355
4026	0.656293
4027	0.656241
4028	0.656204
4029	0.656179
4030	0.656158
4031	0.656121
4032	0.656074
4033	0.656021
4034	0.65597
4035	0.655922
4036	0.655879
4037	0.655855
4038	0.655825
4039	0.655799
4040	0.655787
4041	0.655786
4042	0.655783
4043	0.65578
4044	0.655781
4045	0.655788
4046	0.6558
4047	0.655814
4048	0.655829
4049	0.655857
4050	0.655889
4051	0.655937
4052	0.655991
4053	0.656052
4054	0.656125
4055	0.656194
4056	0.656262
4057	0.656337
4058	0.656408
4059	0.656467
4060	0.656521
4061	0.656563
4062	0.656606
4063	0.656647
4064	0.656697
4065	0.656743
4066	0.65677
4067	0.656791
4068	0.656815
4069	0.656847
4070	0.656874
4071	0.656914
4072	0.656959
4073	0.657018
4074	0.657079
4075	0.657152
4076	0.65723
4077	0.657301
4078	0.657369
4079	0.657444
4080	0.657521
4081	0.657588
4082	0.657669
4083	0.657756
4084	0.657846
4085	0.657935
4086	0.658039
4087	0.658142
4088	0.658255
4089	0.658354
4090	0.65844
4091	0.658518
4092	0.658595
4093	0.658683
4094	0.658776
4095	0.65887
4096	0.658981
4097	0.659092
4098	0.659194
4099	0.659277
4100	0.659347
4101	0.659411
4102	0.659465
4103	0.659494
4104	0.659499
4105	0.659501
4106	0.659495
4107	0.659486
4108	0.659461
4109	0.659424
4110	0.659391
4111	0.659366
4112	0.659326
4113	0.659273
4114	0.659206
4115	0.659142
4116	0.659076
4117	0.65901
4118	0.658946
4119	0.658881
4120	0.658806
4121	0.658739
4122	0.658669
4123	0.658596
4124	0.658525
4125	0.658453
4126	0.658377
4127	0.6583
4128	0.658213
4129	0.658135
4130	0.658057
4131	0.657974
4132	0.657876
4133	0.657773
4134	0.657663
4135	0.657557
4136	0.657452
4137	0.657346
4138	0.657233
4139	0.657121
4140	0.65701
4141	0.656907
4142	0.656802
4143	0.656691
4144	0.656562
4145	0.656437
4146	0.656304
4147	0.656169
4148	0.656042
4149	0.65592
4150	0.655802
4151	0.655695
4152	0.655598
4153	0.65554
4154	0.655488
4155	0.655439
4156	0.655388
4157	0.655326
4158	0.65526
4159	0.655204
4160	0.655149
4161	0.655102
4162	0.655056
4163	0.655012
4164	0.654979
4165	0.654937
4166	0.654897
4167	0.654849
4168	0.654797
4169	0.654769
4170	0.654748
4171	0.654732
4172	0.654708
4173	0.654684
4174	0.654672
4175	0.654665
4176	0.654673
4177	0.654686
4178	0.654702
4179	0.654734
4180	0.654749
4181	0.654757
4182	0.654763
4183	0.65478
4184	0.65481
4185	0.654836
4186	0.654851
4187	0.654866
4188	0.654879
4189	0.654895
4190	0.654914
4191	0.65494
4192	0.654971
4193	0.655002
4194	0.655038
4195	0.655088
4196	0.655155
4197	0.655229
4198	0.655299
4199	0.655376
4200	0.655458
4201	0.655532
4202	0.655603
4203	0.655672
4204	0.655737
4205	0.655791
4206	0.655838
4207	0.655885
4208	0.655928
4209	0.655983
4210	0.656039
4211	0.656103
4212	0.656171
4213	0.656238
4214	0.656288
4215	0.656324
4216	0.656345
4217	0.656379
4218	0.65641
4219	0.65644
4220	0.656495
4221	0.656569
4222	0.656643
4223	0.656706
4224	0.656756
4225	0.656798
4226	0.656812
4227	0.656823
4228	0.656827
4229	0.656806
4230	0.656776
4231	0.656735
4232	0.656693
4233	0.656656
4234	0.656629
4235	0.656583
4236	0.656543
4237	0.656516
4238	0.656487
4239	0.656465
4240	0.656449
4241	0.656431
4242	0.656405
4243	0.656365
4244	0.656323
4245	0.656278
4246	0.656222
4247	0.656173
4248	0.656135
4249	0.656105
4250	0.656076
4251	0.656036
4252	0.655995
4253	0.655957
4254	0.655914
4255	0.655861
4256	0.655819
4257	0.655776
4258	0.655741
4259	0.655703
4260	0.655674
4261	0.655651
4262	0.655622
4263	0.655584
4264	0.655548
4265	0.655515
4266	0.655493
4267	0.655468
4268	0.655454
4269	0.655443
4270	0.655442
4271	0.655461
4272	0.655491
4273	0.655522
4274	0.655564
4275	0.655616
4276	0.655668
4277	0.655725
4278	0.655781
4279	0.655831
4280	0.655861
4281	0.65589
4282	0.655911
4283	0.655926
4284	0.655938
4285	0.65595
4286	0.655972
4287	0.656001
4288	0.656045
4289	0.65609
4290	0.656144
4291	0.656193
4292	0.656233
4293	0.656265
4294	0.656282
4295	0.656299
4296	0.656311
4297	0.65633
4298	0.656346
4299	0.656369
4300	0.656402
4301	0.656437
4302	0.656471
4303	0.656512
4304	0.656561
4305	0.6566
4306	0.656638
4307	0.656691
4308	0.656753
4309	0.656819
4310	0.656892
4311	0.656956
4312	0.657017
4313	0.65708
4314	0.657148
4315	0.65722
4316	0.657284
4317	0.657338
4318	0.657384
4319	0.657421
4320	0.657455
4321	0.657477
4322	0.657489
4323	0.657489
4324	0.657487
4325	0.657489
4326	0.657503
4327	0.657513
4328	0.657531
4329	0.657552
4330	0.657574
4331	0.657586
4332	0.657601
4333	0.65762
4334	0.657625
4335	0.657619
4336	0.657616
4337	0.657605
4338	0.657589
4339	0.657582
4340	0.657578
4341	0.657577
4342	0.657577
4343	0.657578
4344	0.657573
4345	0.65757
4346	0.657576
4347	0.657581
4348	0.657589
4349	0.657612
4350	0.657628
4351	0.657644
4352	0.657662
4353	0.657671
4354	0.657681
4355	0.657695
4356	0.657711
4357	0.657714
4358	0.657715
4359	0.657725
4360	0.657739
4361	0.657756
4362	0.657778
4363	0.65781
4364	0.657858
4365	0.657894
4366	0.657934
4367	0.65797
4368	0.657999
4369	0.658021
4370	0.658038
4371	0.658052
4372	0.658056
4373	0.658043
4374	0.658025
4375	0.658004
4376	0.65798
4377	0.657946
4378	0.657911
4379	0.657875
4380	0.65783
4381	0.657789
4382	0.657744
4383	0.657687
4384	0.657633
4385	0.65758
4386	0.657526
4387	0.657468
4388	0.657413
4389	0.657359
4390	0.6573
4391	0.657246
4392	0.657182
4393	0.657116
4394	0.657055
4395	0.657005
4396	0.656965
4397	0.656918
4398	0.656865
4399	0.656805
4400	0.65675
4401	0.65669
4402	0.656629
4403	0.656575
4404	0.656524
4405	0.656474
4406	0.656428
4407	0.65638
4408	0.656323
4409	0.65627
4410	0.656226
4411	0.656194
4412	0.656168
4413	0.656144
4414	0.656115
4415	0.656094
4416	0.656081
4417	0.656066
4418	0.656055
4419	0.656039
4420	0.656024
4421	0.656015
4422	0.656011
4423	0.656002
4424	0.655978
4425	0.655959
4426	0.655942
4427	0.655937
4428	0.655942
4429	0.655943
4430	0.655926
4431	0.655901
4432	0.655873
4433	0.655846
4434	0.65582
4435	0.655793
4436	0.655752
4437	0.655712
4438	0.655687
4439	0.655649
4440	0.655612
4441	0.655567
4442	0.655526
4443	0.655499
4444	0.655477
4445	0.655452
4446	0.655423
4447	0.655391
4448	0.65537
4449	0.655357
4450	0.655349
4451	0.65535
4452	0.655346
4453	0.655347
4454	0.65535
4455	0.655348
4456	0.655342
4457	0.655353
4458	0.655363
4459	0.655379
4460	0.65541
4461	0.65545
4462	0.655482
4463	0.65551
4464	0.655539
4465	0.655583
4466	0.655618
4467	0.655655
4468	0.65569
4469	0.655732
4470	0.655781
4471	0.655832
4472	0.655889
4473	0.655948
4474	0.656001
4475	0.656066
4476	0.656128
4477	0.656181
4478	0.656232
4479	0.656288
4480	0.656337
4481	0.656388
4482	0.656437
4483	0.656488
4484	0.65654
4485	0.656585
4486	0.656641
4487	0.656694
4488	0.656746
4489	0.656782
4490	0.656818
4491	0.656844
4492	0.656855
4493	0.65686
4494	0.656873
4495	0.656881
4496	0.656888
4497	0.656896
4498	0.656904
4499	0.656916
4500	0.656931
4501	0.656943
4502	0.656966
4503	0.656991
4504	0.657017
4505	0.657055
4506	0.657091
4507	0.657125
4508	0.657155
4509	0.657179
4510	0.657204
4511	0.657236
4512	0.657276
4513	0.657314
4514	0.657359
4515	0.6574
4516	0.657449
4517	0.657501
4518	0.657537
4519	0.657561
4520	0.657578
4521	0.657581
4522	0.657572
4523	0.657556
4524	0.657531
4525	0.657502
4526	0.657482
4527	0.657463
4528	0.65744
4529	0.657409
4530	0.657368
4531	0.657341
4532	0.657313
4533	0.65728
4534	0.657259
4535	0.657245
4536	0.657232
4537	0.657219
4538	0.657223
4539	0.657207
4540	0.657188
4541	0.657168
4542	0.657146
4543	0.657136
4544	0.657137
4545	0.657142
4546	0.65715
4547	0.657173
4548	0.657213
4549	0.657249
4550	0.657272
4551	0.657292
4552	0.657304
4553	0.657312
4554	0.657307
4555	0.657298
4556	0.657288
4557	0.657269
4558	0.657232
4559	0.657204
4560	0.657171
4561	0.657143
4562	0.657109
4563	0.657064
4564	0.657025
4565	0.656981
4566	0.656918
4567	0.656832
4568	0.656756
4569	0.656676
4570	0.656608
4571	0.656554
4572	0.656501
4573	0.656438
4574	0.656365
4575	0.656299
4576	0.656231
4577	0.65616
4578	0.656089
4579	0.656019
4580	0.655941
4581	0.65586
4582	0.655779
4583	0.655693
4584	0.655612
4585	0.655538
4586	0.655471
4587	0.655417
4588	0.655367
4589	0.655309
4590	0.655258
4591	0.655207
4592	0.655159
4593	0.655104
4594	0.655063
4595	0.655017
4596	0.654985
4597	0.654962
4598	0.654941
4599	0.654919
4600	0.654911
4601	0.65491
4602	0.654913
4603	0.654914
4604	0.654922
4605	0.654934
4606	0.654951
4607	0.654974
4608	0.654998
4609	0.655018
4610	0.655054
4611	0.655099
4612	0.655152
4613	0.655198
4614	0.655248
4615	0.655304
4616	0.655362
4617	0.655425
4618	0.655507
4619	0.655594
4620	0.655678
4621	0.655767
4622	0.655865
4623	0.655954
4624	0.656054
4625	0.656165
4626	0.656274
4627	0.656378
4628	0.656466
4629	0.656557
4630	0.656649
4631	0.65674
4632	0.65684
4633	0.656929
4634	0.657006
4635	0.657088
4636	0.65716
4637	0.657236
4638	0.657318
4639	0.657396
4640	0.657467
4641	0.657513
4642	0.657561
4643	0.657623
4644	0.657685
4645	0.657732
4646	0.657784
4647	0.657814
4648	0.657838
4649	0.657867
4650	0.657895
4651	0.657925
4652	0.657958
4653	0.657979
4654	0.658011
4655	0.658042
4656	0.658083
4657	0.658121
4658	0.658145
4659	0.658161
4660	0.658177
4661	0.658185
4662	0.658196
4663	0.658195
4664	0.658198
4665	0.658209
4666	0.658228
4667	0.658225
4668	0.658212
4669	0.658196
4670	0.658192
4671	0.658194
4672	0.658195
4673	0.658196
4674	0.658192
4675	0.658185
4676	0.658186
4677	0.658193
4678	0.658213
4679	0.65824
4680	0.658255
4681	0.658264
4682	0.65827
4683	0.658268
4684	0.658258
4685	0.658232
4686	0.658223
4687	0.658215
4688	0.65821
4689	0.658203
4690	0.658194
4691	0.658168
4692	0.658138
4693	0.658092
4694	0.658049
4695	0.658011
4696	0.657955
4697	0.657899
4698	0.657854
4699	0.657799
4700	0.657742
4701	0.657685
4702	0.657631
4703	0.657585
4704	0.657543
4705	0.65749
4706	0.657433
4707	0.657362
4708	0.657283
4709	0.657214
4710	0.65715
4711	0.657086
4712	0.657035
4713	0.657
4714	0.656982
4715	0.65697
4716	0.656939
4717	0.656882
4718	0.656824
4719	0.656772
4720	0.656726
4721	0.656675
4722	0.656626
4723	0.65658
4724	0.656524
4725	0.65646
4726	0.656397
4727	0.656335
4728	0.656263
4729	0.656189
4730	0.656122
4731	0.656061
4732	0.656008
4733	0.655958
4734	0.655906
4735	0.65584
4736	0.655767
4737	0.655697
4738	0.655632
4739	0.655577
4740	0.655517
4741	0.655469
4742	0.655417
4743	0.655361
4744	0.655305
4745	0.655249
4746	0.655192
4747	0.655155
4748	0.655137
4749	0.655146
4750	0.655162
4751	0.655181
4752	0.655217
4753	0.655257
4754	0.65532
4755	0.655394
4756	0.655467
4757	0.655537
4758	0.655596
4759	0.655646
4760	0.655684
4761	0.655716
4762	0.655747
4763	0.655775
4764	0.655828
4765	0.655895
4766	0.655969
4767	0.656042
4768	0.656117
4769	0.656194
4770	0.65627
4771	0.656353
4772	0.656437
4773	0.656526
4774	0.656624
4775	0.656705
4776	0.656782
4777	0.656855
4778	0.65692
4779	0.656976
4780	0.657045
4781	0.657102
4782	0.657167
4783	0.657219
4784	0.657261
4785	0.657294
4786	0.657339
4787	0.657388
4788	0.657439
4789	0.657496
4790	0.657554
4791	0.657592
4792	0.657611
4793	0.657634
4794	0.657663
4795	0.657705
4796	0.657754
4797	0.657792
4798	0.657825
4799	0.657857
4800	0.657869
4801	0.657866
4802	0.657874
4803	0.657879
4804	0.657873
4805	0.657877
4806	0.65787
4807	0.65784
4808	0.657803
4809	0.657776
4810	0.657761
4811	0.657752
4812	0.65775
4813	0.65775
4814	0.657745
4815	0.65774
4816	0.65773
4817	0.657709
4818	0.657678
4819	0.657639
4820	0.657601
4821	0.657577
4822	0.65756
4823	0.657535
4824	0.657499
4825	0.657455
4826	0.657409
4827	0.657372
4828	0.657336
4829	0.657301
4830	0.657268
4831	0.657239
4832	0.657206
4833	0.657173
4834	0.657159
4835	0.657164
4836	0.657178
4837	0.65719
4838	0.6572
4839	0.657217
4840	0.657222
4841	0.657235
4842	0.657246
4843	0.657249
4844	0.657255
4845	0.657276
4846	0.657293
4847	0.65731
4848	0.657334
4849	0.657351
4850	0.657367
4851	0.657376
4852	0.657365
4853	0.657339
4854	0.657307
4855	0.657285
4856	0.657255
4857	0.657225
4858	0.657203
4859	0.657191
4860	0.657194
4861	0.657209
4862	0.657223
4863	0.65723
4864	0.657231
4865	0.657219
4866	0.65721
4867	0.657198
4868	0.657187
4869	0.657183
4870	0.657172
4871	0.657173
4872	0.657184
4873	0.657207
4874	0.65723
4875	0.657258
4876	0.657296
4877	0.657335
4878	0.657379
4879	0.65742
4880	0.657454
4881	0.657496
4882	0.657535
4883	0.657568
4884	0.657604
4885	0.657632
4886	0.657651
4887	0.657661
4888	0.657669
4889	0.657664
4890	0.657656
4891	0.657638
4892	0.657617
4893	0.657597
4894	0.657577
4895	0.657543
4896	0.657494
4897	0.657436
4898	0.657359
4899	0.657266
4900	0.657162
4901	0.657061
4902	0.656968
4903	0.656878
4904	0.656794
4905	0.656712
4906	0.656643
4907	0.65658
4908	0.656517
4909	0.656468
4910	0.656419
4911	0.656372
4912	0.656312
4913	0.65624
4914	0.656175
4915	0.656108
4916	0.656039
4917	0.655973
4918	0.655902
4919	0.65583
4920	0.655754
4921	0.655678
4922	0.655595
4923	0.655515
4924	0.655436
4925	0.655354
4926	0.655278
4927	0.655207
4928	0.655147
4929	0.655099
4930	0.655046
4931	0.654991
4932	0.654941
4933	0.6549
4934	0.654878
4935	0.654873
4936	0.654874
4937	0.654895
4938	0.65492
4939	0.654953
4940	0.65499
4941	0.655019
4942	0.655044
4943	0.65506
4944	0.655081
4945	0.655111
4946	0.655144
4947	0.655181
4948	0.655212
4949	0.655248
4950	0.655291
4951	0.655336
4952	0.655396
4953	0.655474
4954	0.655566
4955	0.655656
4956	0.655749
4957	0.655838
4958	0.655934
4959	0.656044
4960	0.656163
4961	0.656274
4962	0.65638
4963	0.656478
4964	0.656584
4965	0.656686
4966	0.656779
4967	0.656871
4968	0.656953
4969	0.657044
4970	0.657137
4971	0.657238
4972	0.657327
4973	0.65739
4974	0.657446
4975	0.657502
4976	0.657564
4977	0.657624
4978	0.657686
4979	0.657754
4980	0.65782
4981	0.65788
4982	0.657939
4983	0.657986
4984	0.658028
4985	0.658077
4986	0.658119
4987	0.658167
4988	0.658219
4989	0.658274
4990	0.658338
4991	0.658398
4992	0.658461
4993	0.658508
4994	0.658542
4995	0.658568
4996	0.658585
4997	0.658598
4998	0.658607
4999	0.658601
5000	0.658593
