0	0.99
1	0.983807
2	0.971095
3	0.942119
4	0.897587
5	0.857928
6	0.802375
7	0.684116
8	0.598053
9	0.492565
10	0.41021
11	0.321337
12	0.262342
13	0.208977
14	0.179273
15	0.151879
16	0.133249
17	0.122455
18	0.114739
19	0.105747
20	0.101398
21	0.0990314
22	0.0981484
23	0.0983765
24	0.098643
25	0.0998292
26	0.100641
27	0.102689
28	0.1046
29	0.107516
30	0.110529
31	0.113363
32	0.116583
33	0.119904
34	0.123442
35	0.127018
36	0.130534
37	0.134251
38	0.137873
39	0.141606
40	0.145503
41	0.149438
42	0.153185
43	0.157099
44	0.161077
45	0.165003
46	0.168938
47	0.17283
48	0.176776
49	0.18073
50	0.18469
51	0.188597
52	0.19255
53	0.196499
54	0.200401
55	0.2043
56	0.208191
57	0.212049
58	0.215911
59	0.219714
60	0.223548
61	0.227361
62	0.23114
63	0.234936
64	0.238701
65	0.242446
66	0.246186
67	0.249905
68	0.253601
69	0.25727
70	0.260949
71	0.264594
72	0.268223
73	0.271826
74	0.275414
75	0.278981
76	0.282521
77	0.28607
78	0.289593
79	0.293099
80	0.296588
81	0.30006
82	0.303516
83	0.306955
84	0.310363
85	0.31376
86	0.31713
87	0.320488
88	0.323832
89	0.327161
90	0.330473
91	0.33375
92	0.337019
93	0.340272
94	0.343513
95	0.346724
96	0.349936
97	0.353093
98	0.356268
99	0.359429
100	0.362575
101	0.365677
102	0.36879
103	0.371878
104	0.374953
105	0.378017
106	0.381068
107	0.384084
108	0.38709
109	0.390068
110	0.393035
111	0.395991
112	0.398932
113	0.401868
114	0.404779
115	0.407606
116	0.410459
117	0.413271
118	0.416085
119	0.418858
120	0.421664
121	0.424372
122	0.427007
123	0.429681
124	0.432334
125	0.434994
126	0.437601
127	0.440221
128	0.442757
129	0.445271
130	0.447673
131	0.450023
132	0.452395
133	0.454665
134	0.456826
135	0.459033
136	0.461239
137	0.46301
138	0.464821
139	0.46651
140	0.468571
141	0.47006
142	0.471552
143	0.473135
144	0.47466
145	0.476095
146	0.476978
147	0.476829
148	0.477554
149	0.478053
150	0.478876
151	0.479133
152	0.47885
153	0.478786
154	0.478585
155	0.476318
156	0.475319
157	0.473563
158	0.469593
159	0.46557
160	0.461418
161	0.453995
162	0.447958
163	0.44429
164	0.435084
165	0.426898
166	0.41351
167	0.401261
168	0.387523
169	0.37321
170	0.36097
171	0.350031
172	0.337225
173	0.325866
174	0.317617
175	0.309081
176	0.300119
177	0.290392
178	0.287217
179	0.282305
180	0.276716
181	0.270632
182	0.264961
183	0.261736
184	0.255967
185	0.250904
186	0.246878
187	0.243278
188	0.240677
189	0.238382
190	0.23429
191	0.232831
192	0.230492
193	0.229606
194	0.229259
195	0.228461
196	0.228539
197	0.228986
198	0.230516
199	0.232207
200	0.232837
201	0.233941
202	0.234897
203	0.236613
204	0.238362
205	0.240516
206	0.242727
207	0.245353
208	0.24729
209	0.249779
210	0.252017
211	0.254062
212	0.256631
213	0.258689
214	0.261451
215	0.264112
216	0.266388
217	0.268727
218	0.270756
219	0.27308
220	0.275437
221	0.27801
222	0.280365
223	0.282898
224	0.284826
225	0.28716
226	0.289823
227	0.292074
228	0.294453
229	0.297018
230	0.299639
231	0.302184
232	0.304874
233	0.307299
234	0.309731
235	0.312271
236	0.314477
237	0.316872
238	0.319486
239	0.322082
240	0.324592
241	0.326967
242	0.329525
243	0.331801
244	0.334083
245	0.336341
246	0.338254
247	0.340461
248	0.342677
249	0.345008
250	0.347284
251	0.349486
252	0.351641
253	0.353835
254	0.355789
255	0.357458
256	0.359343
257	0.361161
258	0.363141
259	0.364856
260	0.366654
261	0.368658
262	0.370183
263	0.372231
264	0.373699
265	0.375019
266	0.376553
267	0.377665
268	0.378338
269	0.379667
270	0.379999
271	0.381619
272	0.382372
273	0.382463
274	0.382812
275	0.383879
276	0.384757
277	0.38444
278	0.3846
279	0.385234
280	0.385901
281	0.386177
282	0.386313
283	0.385106
284	0.384692
285	0.385437
286	0.38557
287	0.38408
288	0.382527
289	0.380417
290	0.379841
291	0.379225
292	0.378356
293	0.374323
294	0.372315
295	0.369253
296	0.366466
297	0.361654
298	0.357205
299	0.354434
300	0.350562
301	0.347769
302	0.344757
303	0.341354
304	0.33811
305	0.336833
306	0.332
307	0.323553
308	0.319347
309	0.315801
310	0.31321
311	0.311772
312	0.308438
313	0.306906
314	0.30489
315	0.302009
316	0.299048
317	0.2978
318	0.296473
319	0.29426
320	0.292644
321	0.288451
322	0.288153
323	0.286614
324	0.285336
325	0.285106
326	0.285629
327	0.286879
328	0.28719
329	0.287073
330	0.287095
331	0.288376
332	0.288734
333	0.288453
334	0.289006
335	0.289079
336	0.290051
337	0.291302
338	0.292947
339	0.294246
340	0.295694
341	0.297257
342	0.29854
343	0.299579
344	0.301414
345	0.303003
346	0.305085
347	0.306602
348	0.308148
349	0.31023
350	0.31209
351	0.313552
352	0.314848
353	0.315794
354	0.317746
355	0.319476
356	0.321058
357	0.322106
358	0.323371
359	0.324814
360	0.326813
361	0.327803
362	0.329525
363	0.330712
364	0.331778
365	0.333532
366	0.334681
367	0.336304
368	0.337651
369	0.338753
370	0.340116
371	0.341589
372	0.342348
373	0.34409
374	0.345871
375	0.347869
376	0.348396
377	0.349662
378	0.350624
379	0.351546
380	0.35344
381	0.354145
382	0.354991
383	0.355556
384	0.356785
385	0.357439
386	0.35841
387	0.359263
388	0.359923
389	0.360791
390	0.361731
391	0.362424
392	0.36261
393	0.362453
394	0.361999
395	0.359689
396	0.358516
397	0.357921
398	0.357676
399	0.356544
400	0.355319
401	0.353534
402	0.352254
403	0.350068
404	0.349315
405	0.349132
406	0.34907
407	0.347936
408	0.346854
409	0.345613
410	0.344629
411	0.342849
412	0.341745
413	0.340472
414	0.338281
415	0.337216
416	0.33571
417	0.334547
418	0.334653
419	0.331932
420	0.331234
421	0.329796
422	0.327965
423	0.32637
424	0.323824
425	0.324304
426	0.321701
427	0.320161
428	0.318852
429	0.319353
430	0.319056
431	0.318483
432	0.318521
433	0.318172
434	0.318149
435	0.31874
436	0.318517
437	0.318334
438	0.318636
439	0.318259
440	0.319358
441	0.319836
442	0.319869
443	0.320175
444	0.320268
445	0.321193
446	0.32102
447	0.320743
448	0.320508
449	0.320998
450	0.320124
451	0.319571
452	0.320093
453	0.320548
454	0.320962
455	0.321742
456	0.321973
457	0.321485
458	0.322162
459	0.322722
460	0.321994
461	0.322511
462	0.32289
463	0.322389
464	0.323629
465	0.323792
466	0.323363
467	0.32376
468	0.323924
469	0.323866
470	0.324455
471	0.325324
472	0.325823
473	0.326349
474	0.326303
475	0.326723
476	0.326846
477	0.326672
478	0.32631
479	0.326809
480	0.327645
481	0.326792
482	0.32658
483	0.3262
484	0.325616
485	0.325389
486	0.324778
487	0.325187
488	0.325476
489	0.325148
490	0.324268
491	0.323263
492	0.323514
493	0.322897
494	0.32202
495	0.321924
496	0.323113
497	0.322311
498	0.323057
499	0.323874
500	0.324179
501	0.32501
502	0.325212
503	0.326332
504	0.326523
505	0.327471
506	0.327837
507	0.328109
508	0.328159
509	0.328812
510	0.329272
511	0.329863
512	0.331121
513	0.332371
514	0.333376
515	0.334833
516	0.336417
517	0.337041
518	0.338182
519	0.339175
520	0.340329
521	0.341465
522	0.342512
523	0.343957
524	0.344785
525	0.345653
526	0.346423
527	0.34697
528	0.347201
529	0.348366
530	0.349907
531	0.350938
532	0.35173
533	0.352965
534	0.35449
535	0.355013
536	0.355893
537	0.356835
538	0.357941
539	0.359031
540	0.359713
541	0.358901
542	0.359983
543	0.360677
544	0.361058
545	0.361175
546	0.361071
547	0.36125
548	0.362465
549	0.362709
550	0.362784
551	0.362936
552	0.363628
553	0.362324
554	0.362711
555	0.361751
556	0.362069
557	0.361546
558	0.360037
559	0.360058
560	0.360822
561	0.36021
562	0.359984
563	0.359172
564	0.358789
565	0.357441
566	0.356765
567	0.356852
568	0.357505
569	0.357191
570	0.356149
571	0.35556
572	0.35471
573	0.354451
574	0.353097
575	0.350618
576	0.349888
577	0.349062
578	0.347926
579	0.347134
580	0.345462
581	0.344412
582	0.344112
583	0.342854
584	0.340892
585	0.340807
586	0.341036
587	0.341343
588	0.342012
589	0.341789
590	0.341473
591	0.342095
592	0.341598
593	0.341456
594	0.341243
595	0.342289
596	0.341903
597	0.340801
598	0.341254
599	0.341944
600	0.341978
601	0.341453
602	0.341713
603	0.341846
604	0.341221
605	0.341221
606	0.340301
607	0.339567
608	0.339323
609	0.339502
610	0.338326
611	0.337777
612	0.336607
613	0.33563
614	0.33529
615	0.333679
616	0.331986
617	0.330701
618	0.327481
619	0.328188
620	0.32762
621	0.327953
622	0.328393
623	0.327068
624	0.326653
625	0.324777
626	0.323917
627	0.324494
628	0.322982
629	0.322781
630	0.322319
631	0.321426
632	0.32179
633	0.321256
634	0.320238
635	0.319579
636	0.318354
637	0.317862
638	0.316993
639	0.316611
640	0.316551
641	0.316035
642	0.315396
643	0.315534
644	0.314872
645	0.313723
646	0.314772
647	0.315017
648	0.314738
649	0.314287
650	0.314801
651	0.314601
652	0.315359
653	0.314968
654	0.314138
655	0.31281
656	0.313205
657	0.31328
658	0.313481
659	0.314178
660	0.314822
661	0.314688
662	0.315014
663	0.315098
664	0.31513
665	0.314865
666	0.314901
667	0.315101
668	0.314318
669	0.313707
670	0.312415
671	0.312937
672	0.311338
673	0.311843
674	0.312985
675	0.313092
676	0.313869
677	0.313984
678	0.314442
679	0.314932
680	0.31668
681	0.317068
682	0.318196
683	0.318371
684	0.319548
685	0.319876
686	0.320736
687	0.32185
688	0.322137
689	0.322886
690	0.323418
691	0.324421
692	0.325407
693	0.325925
694	0.326423
695	0.327014
696	0.327899
697	0.328385
698	0.329978
699	0.331139
700	0.331162
701	0.331277
702	0.332068
703	0.333233
704	0.333937
705	0.335058
706	0.335421
707	0.336296
708	0.336833
709	0.337392
710	0.338122
711	0.338617
712	0.339161
713	0.338057
714	0.337258
715	0.336922
716	0.337046
717	0.337307
718	0.337432
719	0.336249
720	0.334544
721	0.333869
722	0.334035
723	0.332084
724	0.3306
725	0.330378
726	0.329444
727	0.329552
728	0.329289
729	0.329247
730	0.328364
731	0.328439
732	0.328065
733	0.328021
734	0.328735
735	0.329758
736	0.32982
737	0.329337
738	0.330187
739	0.330173
740	0.329796
741	0.329539
742	0.329406
743	0.329066
744	0.329249
745	0.327842
746	0.327623
747	0.327028
748	0.3263
749	0.325404
750	0.32498
751	0.326041
752	0.325817
753	0.325369
754	0.326165
755	0.325286
756	0.326406
757	0.326068
758	0.326875
759	0.32678
760	0.326999
761	0.326601
762	0.326928
763	0.325782
764	0.325202
765	0.324614
766	0.324117
767	0.324399
768	0.324932
769	0.324928
770	0.324422
771	0.324146
772	0.323725
773	0.323568
774	0.3242
775	0.324467
776	0.324468
777	0.324719
778	0.324882
779	0.325462
780	0.324993
781	0.325578
782	0.326932
783	0.327072
784	0.327839
785	0.328245
786	0.328681
787	0.329172
788	0.32975
789	0.328396
790	0.328231
791	0.32826
792	0.327599
793	0.327716
794	0.328335
795	0.328502
796	0.329394
797	0.329333
798	0.329619
799	0.330418
800	0.331206
801	0.332092
802	0.332695
803	0.333156
804	0.333658
805	0.334466
806	0.334981
807	0.335657
808	0.336622
809	0.336673
810	0.337394
811	0.33832
812	0.339304
813	0.339726
814	0.339943
815	0.340115
816	0.341044
817	0.341499
818	0.34179
819	0.341419
820	0.339801
821	0.338084
822	0.337828
823	0.337027
824	0.335709
825	0.335517
826	0.334378
827	0.334391
828	0.334016
829	0.332249
830	0.33155
831	0.330906
832	0.32905
833	0.328041
834	0.325843
835	0.324312
836	0.321882
837	0.319754
838	0.318311
839	0.316271
840	0.315557
841	0.315581
842	0.314212
843	0.313012
844	0.312782
845	0.312008
846	0.312284
847	0.312215
848	0.312167
849	0.312317
850	0.312756
851	0.312647
852	0.312082
853	0.312903
854	0.313391
855	0.314106
856	0.313219
857	0.313837
858	0.315649
859	0.316397
860	0.316869
861	0.317898
862	0.318698
863	0.319808
864	0.320081
865	0.321365
866	0.322234
867	0.323165
868	0.323218
869	0.322164
870	0.321665
871	0.321504
872	0.322891
873	0.322792
874	0.323583
875	0.323773
876	0.324469
877	0.325378
878	0.326144
879	0.32561
880	0.326354
881	0.32617
882	0.326379
883	0.326536
884	0.326961
885	0.327748
886	0.327391
887	0.327353
888	0.32737
889	0.328265
890	0.329277
891	0.329923
892	0.329792
893	0.330921
894	0.331706
895	0.331651
896	0.333006
897	0.333737
898	0.334202
899	0.334903
900	0.335068
901	0.336596
902	0.336788
903	0.337506
904	0.337876
905	0.339353
906	0.339434
907	0.340257
908	0.341702
909	0.342688
910	0.343622
911	0.344816
912	0.346145
913	0.346487
914	0.346317
915	0.346676
916	0.346511
917	0.346772
918	0.347308
919	0.347173
920	0.347178
921	0.34651
922	0.346907
923	0.347121
924	0.347127
925	0.346958
926	0.347006
927	0.346933
928	0.347441
929	0.347135
930	0.346983
931	0.347739
932	0.347736
933	0.347763
934	0.348187
935	0.34768
936	0.347263
937	0.346467
938	0.345875
939	0.345893
940	0.344646
941	0.344751
942	0.344917
943	0.343113
944	0.342443
945	0.342132
946	0.341303
947	0.340889
948	0.337541
949	0.337601
950	0.337063
951	0.336033
952	0.335429
953	0.334371
954	0.332603
955	0.331413
956	0.330431
957	0.32866
958	0.327529
959	0.32649
960	0.325441
961	0.324842
962	0.323802
963	0.323722
964	0.3243
965	0.323769
966	0.323151
967	0.322307
968	0.320968
969	0.319558
970	0.318945
971	0.317877
972	0.317175
973	0.316347
974	0.316813
975	0.315881
976	0.31555
977	0.315959
978	0.316424
979	0.315975
980	0.316472
981	0.316672
982	0.317302
983	0.317004
984	0.317665
985	0.318225
986	0.318669
987	0.319098
988	0.319665
989	0.320509
990	0.320884
991	0.322463
992	0.323752
993	0.324426
994	0.325361
995	0.326423
996	0.326994
997	0.327064
998	0.32675
999	0.326196
1000	0.326516
1001	0.326607
1002	0.327271
1003	0.32737
1004	0.327365
1005	0.328671
1006	0.329205
1007	0.328991
1008	0.329484
1009	0.329234
1010	0.329325
1011	0.329971
1012	0.33002
1013	0.329718
1014	0.330556
1015	0.331031
1016	0.331122
1017	0.331325
1018	0.331254
1019	0.331745
1020	0.33199
1021	0.330984
1022	0.331184
1023	0.331759
1024	0.332646
1025	0.332464
1026	0.331472
1027	0.33187
1028	0.332577
1029	0.333267
1030	0.333634
1031	0.334745
1032	0.335021
1033	0.335004
1034	0.334858
1035	0.334727
1036	0.334805
1037	0.334707
1038	0.334487
1039	0.334467
1040	0.334033
1041	0.332935
1042	0.331506
1043	0.329852
1044	0.328774
1045	0.328482
1046	0.328237
1047	0.327671
1048	0.325505
1049	0.323749
1050	0.323302
1051	0.321675
1052	0.320541
1053	0.319516
1054	0.318805
1055	0.318839
1056	0.318039
1057	0.317345
1058	0.316884
1059	0.315477
1060	0.314884
1061	0.314506
1062	0.314742
1063	0.314545
1064	0.314855
1065	0.315824
1066	0.316817
1067	0.316929
1068	0.317923
1069	0.318757
1070	0.319522
1071	0.319949
1072	0.32074
1073	0.321534
1074	0.322138
1075	0.322744
1076	0.324166
1077	0.325307
1078	0.326427
1079	0.327761
1080	0.327729
1081	0.328644
1082	0.329939
1083	0.330689
1084	0.331942
1085	0.333679
1086	0.334591
1087	0.336229
1088	0.337479
1089	0.338156
1090	0.339109
1091	0.340336
1092	0.340912
1093	0.341768
1094	0.342964
1095	0.343957
1096	0.345058
1097	0.34589
1098	0.347044
1099	0.346908
1100	0.347706
1101	0.34803
1102	0.347146
1103	0.347257
1104	0.348656
1105	0.349206
1106	0.34985
1107	0.350041
1108	0.350636
1109	0.35068
1110	0.350379
1111	0.350561
1112	0.349838
1113	0.349192
1114	0.349462
1115	0.349569
1116	0.3502
1117	0.349972
1118	0.350005
1119	0.350826
1120	0.350118
1121	0.348279
1122	0.347136
1123	0.345118
1124	0.344366
1125	0.342911
1126	0.340861
1127	0.338664
1128	0.336274
1129	0.33463
1130	0.332343
1131	0.329888
1132	0.328261
1133	0.325939
1134	0.322288
1135	0.32011
1136	0.318196
1137	0.318138
1138	0.314924
1139	0.315102
1140	0.313221
1141	0.312495
1142	0.312265
1143	0.310631
1144	0.310469
1145	0.309565
1146	0.308264
1147	0.308036
1148	0.307099
1149	0.307371
1150	0.307846
1151	0.30765
1152	0.307128
1153	0.307936
1154	0.308118
1155	0.308235
1156	0.307983
1157	0.308479
1158	0.307535
1159	0.306669
1160	0.306868
1161	0.307404
1162	0.308349
1163	0.308989
1164	0.309126
1165	0.310041
1166	0.309915
1167	0.311085
1168	0.311903
1169	0.313542
1170	0.314864
1171	0.316348
1172	0.316962
1173	0.318255
1174	0.319726
1175	0.320728
1176	0.321345
1177	0.323145
1178	0.324609
1179	0.326155
1180	0.327464
1181	0.328383
1182	0.330085
1183	0.331214
1184	0.332587
1185	0.334118
1186	0.335384
1187	0.337029
1188	0.338535
1189	0.339722
1190	0.340313
1191	0.340401
1192	0.341886
1193	0.342458
1194	0.343046
1195	0.343396
1196	0.344271
1197	0.344443
1198	0.345842
1199	0.346992
1200	0.347715
1201	0.347741
1202	0.347866
1203	0.348401
1204	0.349333
1205	0.349975
1206	0.35066
1207	0.351945
1208	0.352556
1209	0.354324
1210	0.35562
1211	0.35689
1212	0.357394
1213	0.35806
1214	0.359166
1215	0.359985
1216	0.360896
1217	0.361791
1218	0.362182
1219	0.362001
1220	0.362266
1221	0.3621
1222	0.361418
1223	0.361286
1224	0.361668
1225	0.362009
1226	0.362255
1227	0.363047
1228	0.364308
1229	0.364226
1230	0.363396
1231	0.362649
1232	0.360701
1233	0.358914
1234	0.358474
1235	0.358331
1236	0.356842
1237	0.355957
1238	0.355277
1239	0.354101
1240	0.354045
1241	0.353505
1242	0.351891
1243	0.351271
1244	0.350473
1245	0.349478
1246	0.347345
1247	0.346622
1248	0.346264
1249	0.345013
1250	0.344187
1251	0.341585
1252	0.341091
1253	0.338941
1254	0.336554
1255	0.33561
1256	0.333912
1257	0.33213
1258	0.330593
1259	0.327948
1260	0.325701
1261	0.323797
1262	0.322021
1263	0.3215
1264	0.319284
1265	0.317723
1266	0.315086
1267	0.312797
1268	0.310856
1269	0.310609
1270	0.307685
1271	0.306603
1272	0.305519
1273	0.30347
1274	0.302056
1275	0.300926
1276	0.299696
1277	0.29783
1278	0.297331
1279	0.296492
1280	0.297515
1281	0.295845
1282	0.294965
1283	0.293919
1284	0.293077
1285	0.292878
1286	0.292817
1287	0.291898
1288	0.291814
1289	0.291914
1290	0.292907
1291	0.293435
1292	0.293866
1293	0.293874
1294	0.295137
1295	0.296139
1296	0.297827
1297	0.298933
1298	0.300733
1299	0.302141
1300	0.302795
1301	0.30452
1302	0.306002
1303	0.307371
1304	0.309106
1305	0.310389
1306	0.311509
1307	0.312776
1308	0.314045
1309	0.315008
1310	0.31624
1311	0.317228
1312	0.318578
1313	0.319573
1314	0.320629
1315	0.321274
1316	0.322224
1317	0.323515
1318	0.324665
1319	0.324918
1320	0.325967
1321	0.327774
1322	0.32877
1323	0.32835
1324	0.329646
1325	0.33015
1326	0.330631
1327	0.330264
1328	0.3309
1329	0.331752
1330	0.332522
1331	0.332233
1332	0.332632
1333	0.332452
1334	0.332975
1335	0.333421
1336	0.332281
1337	0.332001
1338	0.332393
1339	0.332916
1340	0.33158
1341	0.330982
1342	0.329815
1343	0.32897
1344	0.32806
1345	0.327065
1346	0.325731
1347	0.32641
1348	0.325379
1349	0.323686
1350	0.324555
1351	0.324777
1352	0.325365
1353	0.32522
1354	0.324429
1355	0.325263
1356	0.325024
1357	0.325493
1358	0.326243
1359	0.326207
1360	0.325652
1361	0.325544
1362	0.325648
1363	0.326049
1364	0.32738
1365	0.327302
1366	0.328219
1367	0.328547
1368	0.328575
1369	0.328678
1370	0.32936
1371	0.328947
1372	0.329552
1373	0.330407
1374	0.330376
1375	0.331108
1376	0.331425
1377	0.33176
1378	0.332369
1379	0.33264
1380	0.332994
1381	0.333924
1382	0.334648
1383	0.335883
1384	0.33634
1385	0.336772
1386	0.338085
1387	0.339268
1388	0.340479
1389	0.340797
1390	0.342549
1391	0.343247
1392	0.344941
1393	0.345732
1394	0.34692
1395	0.347646
1396	0.349236
1397	0.350541
1398	0.351965
1399	0.353012
1400	0.354516
1401	0.356197
1402	0.357047
1403	0.358061
1404	0.359066
1405	0.35915
1406	0.360339
1407	0.360899
1408	0.361729
1409	0.362541
1410	0.363597
1411	0.364638
1412	0.365241
1413	0.36623
1414	0.366957
1415	0.367662
1416	0.368052
1417	0.368289
1418	0.368869
1419	0.369908
1420	0.370351
1421	0.370429
1422	0.369952
1423	0.368172
1424	0.367167
1425	0.366898
1426	0.366272
1427	0.365805
1428	0.366177
1429	0.366929
1430	0.364525
1431	0.362912
1432	0.361512
1433	0.360325
1434	0.359004
1435	0.356129
1436	0.352229
1437	0.35022
1438	0.348383
1439	0.347031
1440	0.344804
1441	0.340802
1442	0.337187
1443	0.334557
1444	0.331432
1445	0.328265
1446	0.325459
1447	0.3233
1448	0.320543
1449	0.317372
1450	0.315511
1451	0.31417
1452	0.310328
1453	0.30995
1454	0.309744
1455	0.30873
1456	0.307627
1457	0.306919
1458	0.30648
1459	0.307286
1460	0.306996
1461	0.30606
1462	0.306522
1463	0.30678
1464	0.305357
1465	0.305353
1466	0.304414
1467	0.303653
1468	0.303642
1469	0.304859
1470	0.3043
1471	0.304934
1472	0.304722
1473	0.305354
1474	0.306226
1475	0.307606
1476	0.308396
1477	0.309428
1478	0.309555
1479	0.310324
1480	0.310825
1481	0.312108
1482	0.313601
1483	0.314656
1484	0.316283
1485	0.317966
1486	0.318652
1487	0.319954
1488	0.32135
1489	0.322798
1490	0.324436
1491	0.325287
1492	0.326555
1493	0.32782
1494	0.328914
1495	0.329342
1496	0.329967
1497	0.331097
1498	0.332507
1499	0.333522
1500	0.335167
1501	0.336714
1502	0.338404
1503	0.33954
1504	0.34085
1505	0.342008
1506	0.342934
1507	0.343876
1508	0.344446
1509	0.345021
1510	0.346764
1511	0.348312
1512	0.349439
1513	0.350461
1514	0.35171
1515	0.352062
1516	0.352973
1517	0.353848
1518	0.354375
1519	0.354718
1520	0.354366
1521	0.354968
1522	0.355712
1523	0.356616
1524	0.356627
1525	0.357476
1526	0.356801
1527	0.356181
1528	0.355789
1529	0.355207
1530	0.355793
1531	0.355194
1532	0.355524
1533	0.355571
1534	0.355827
1535	0.354717
1536	0.355568
1537	0.355771
1538	0.354904
1539	0.354369
1540	0.351996
1541	0.350523
1542	0.350661
1543	0.348406
1544	0.345905
1545	0.345368
1546	0.344201
1547	0.3424
1548	0.340358
1549	0.338654
1550	0.337807
1551	0.336279
1552	0.334649
1553	0.33409
1554	0.332233
1555	0.332092
1556	0.330527
1557	0.329571
1558	0.328745
1559	0.32822
1560	0.327066
1561	0.326422
1562	0.325191
1563	0.324068
1564	0.322332
1565	0.32199
1566	0.321572
1567	0.320343
1568	0.319657
1569	0.319241
1570	0.318052
1571	0.317191
1572	0.316388
1573	0.314922
1574	0.314731
1575	0.314182
1576	0.312731
1577	0.311931
1578	0.31077
1579	0.31026
1580	0.309413
1581	0.310319
1582	0.310498
1583	0.309655
1584	0.309058
1585	0.30893
1586	0.307079
1587	0.308439
1588	0.308691
1589	0.309548
1590	0.308851
1591	0.310495
1592	0.311306
1593	0.310744
1594	0.311122
1595	0.312366
1596	0.313524
1597	0.314722
1598	0.316104
1599	0.3173
1600	0.318682
1601	0.320154
1602	0.321356
1603	0.322821
1604	0.323562
1605	0.324562
1606	0.325909
1607	0.326178
1608	0.327389
1609	0.328235
1610	0.328647
1611	0.330195
1612	0.331318
1613	0.332553
1614	0.333028
1615	0.334493
1616	0.334594
1617	0.335416
1618	0.336303
1619	0.336308
1620	0.336783
1621	0.338141
1622	0.33937
1623	0.340468
1624	0.340097
1625	0.340886
1626	0.341607
1627	0.341128
1628	0.340399
1629	0.34097
1630	0.341791
1631	0.342977
1632	0.34335
1633	0.344479
1634	0.344975
1635	0.345281
1636	0.346216
1637	0.346328
1638	0.346972
1639	0.347588
1640	0.348642
1641	0.349259
1642	0.349288
1643	0.349006
1644	0.348958
1645	0.349099
1646	0.349075
1647	0.348504
1648	0.348303
1649	0.347591
1650	0.34599
1651	0.34551
1652	0.345822
1653	0.344642
1654	0.344278
1655	0.343938
1656	0.342021
1657	0.340028
1658	0.340547
1659	0.339666
1660	0.339623
1661	0.338897
1662	0.338047
1663	0.338296
1664	0.338582
1665	0.338275
1666	0.337942
1667	0.338901
1668	0.338893
1669	0.338283
1670	0.337694
1671	0.336719
1672	0.336168
1673	0.333728
1674	0.334374
1675	0.333529
1676	0.333063
1677	0.330159
1678	0.328426
1679	0.328197
1680	0.326768
1681	0.326098
1682	0.32393
1683	0.321987
1684	0.320345
1685	0.320342
1686	0.319446
1687	0.318856
1688	0.318524
1689	0.317128
1690	0.317312
1691	0.318076
1692	0.31874
1693	0.319472
1694	0.319097
1695	0.318874
1696	0.320336
1697	0.320261
1698	0.32028
1699	0.319614
1700	0.320137
1701	0.320273
1702	0.320606
1703	0.32064
1704	0.320528
1705	0.319935
1706	0.320058
1707	0.320559
1708	0.32164
1709	0.320648
1710	0.321706
1711	0.321159
1712	0.321015
1713	0.321669
1714	0.320789
1715	0.321089
1716	0.320291
1717	0.319731
1718	0.317977
1719	0.31699
1720	0.317116
1721	0.315559
1722	0.314832
1723	0.314033
1724	0.314787
1725	0.31348
1726	0.313266
1727	0.313059
1728	0.313802
1729	0.313389
1730	0.312796
1731	0.3129
1732	0.312127
1733	0.312828
1734	0.313409
1735	0.314313
1736	0.314851
1737	0.315322
1738	0.315985
1739	0.317139
1740	0.315971
1741	0.316291
1742	0.3171
1743	0.316553
1744	0.31566
1745	0.315624
1746	0.315952
1747	0.316033
1748	0.316023
1749	0.31614
1750	0.316361
1751	0.315163
1752	0.315529
1753	0.315482
1754	0.315432
1755	0.316363
1756	0.317532
1757	0.318384
1758	0.319131
1759	0.319528
1760	0.318828
1761	0.319115
1762	0.319337
1763	0.319225
1764	0.319598
1765	0.319803
1766	0.319782
1767	0.319753
1768	0.3189
1769	0.318942
1770	0.318427
1771	0.318583
1772	0.317433
1773	0.3151
1774	0.31502
1775	0.314924
1776	0.314412
1777	0.313886
1778	0.313678
1779	0.312586
1780	0.313308
1781	0.313542
1782	0.313383
1783	0.313832
1784	0.314807
1785	0.314422
1786	0.31509
1787	0.3153
1788	0.315966
1789	0.316294
1790	0.31706
1791	0.318372
1792	0.319329
1793	0.319709
1794	0.319218
1795	0.319799
1796	0.320019
1797	0.320528
1798	0.320653
1799	0.320267
1800	0.32025
1801	0.321128
1802	0.321922
1803	0.321915
1804	0.32239
1805	0.323573
1806	0.324072
1807	0.325399
1808	0.325514
1809	0.326271
1810	0.327816
1811	0.327691
1812	0.328664
1813	0.329895
1814	0.330115
1815	0.330383
1816	0.33214
1817	0.333353
1818	0.33458
1819	0.335687
1820	0.336152
1821	0.336546
1822	0.337771
1823	0.338448
1824	0.3397
1825	0.341132
1826	0.342278
1827	0.343137
1828	0.343238
1829	0.343978
1830	0.344944
1831	0.345804
1832	0.347156
1833	0.347831
1834	0.349074
1835	0.350013
1836	0.350687
1837	0.351012
1838	0.352106
1839	0.353078
1840	0.354217
1841	0.354444
1842	0.354957
1843	0.355541
1844	0.355672
1845	0.356315
1846	0.35627
1847	0.356369
1848	0.357228
1849	0.357657
1850	0.359018
1851	0.359227
1852	0.359948
1853	0.360495
1854	0.36073
1855	0.360221
1856	0.361177
1857	0.362332
1858	0.362365
1859	0.3622
1860	0.362741
1861	0.363391
1862	0.363545
1863	0.363211
1864	0.363047
1865	0.361207
1866	0.359196
1867	0.357705
1868	0.358214
1869	0.35804
1870	0.358
1871	0.356374
1872	0.354527
1873	0.352744
1874	0.350985
1875	0.34906
1876	0.347625
1877	0.345211
1878	0.341338
1879	0.338191
1880	0.33571
1881	0.333279
1882	0.331736
1883	0.330816
1884	0.329723
1885	0.329104
1886	0.328394
1887	0.327305
1888	0.326879
1889	0.325772
1890	0.325025
1891	0.323243
1892	0.322954
1893	0.322646
1894	0.322386
1895	0.321232
1896	0.320361
1897	0.318188
1898	0.315564
1899	0.313507
1900	0.312894
1901	0.312594
1902	0.311788
1903	0.31014
1904	0.309111
1905	0.308211
1906	0.307289
1907	0.305304
1908	0.304054
1909	0.302598
1910	0.303014
1911	0.30305
1912	0.303278
1913	0.303816
1914	0.303455
1915	0.303191
1916	0.302733
1917	0.302549
1918	0.304006
1919	0.305469
1920	0.306216
1921	0.306548
1922	0.307425
1923	0.308234
1924	0.308738
1925	0.309868
1926	0.310552
1927	0.310271
1928	0.311422
1929	0.312258
1930	0.313136
1931	0.313601
1932	0.314166
1933	0.314523
1934	0.31527
1935	0.316145
1936	0.317502
1937	0.317777
1938	0.318312
1939	0.319943
1940	0.321827
1941	0.323173
1942	0.32447
1943	0.325036
1944	0.327284
1945	0.32845
1946	0.329732
1947	0.33141
1948	0.33308
1949	0.33435
1950	0.335795
1951	0.337404
1952	0.338673
1953	0.340612
1954	0.342306
1955	0.344143
1956	0.345349
1957	0.347206
1958	0.348771
1959	0.350544
1960	0.351757
1961	0.352468
1962	0.353709
1963	0.35492
1964	0.356084
1965	0.357196
1966	0.358232
1967	0.358617
1968	0.358633
1969	0.358927
1970	0.358805
1971	0.359835
1972	0.359651
1973	0.359388
1974	0.359247
1975	0.359483
1976	0.359934
1977	0.359903
1978	0.359037
1979	0.357771
1980	0.357254
1981	0.356925
1982	0.356368
1983	0.354663
1984	0.35257
1985	0.350457
1986	0.349944
1987	0.349185
1988	0.34584
1989	0.34379
1990	0.341525
1991	0.34011
1992	0.338633
1993	0.336976
1994	0.334788
1995	0.331877
1996	0.330067
1997	0.328984
1998	0.32914
1999	0.32869
2000	0.326612
2001	0.324434
2002	0.325126
2003	0.323822
2004	0.324082
2005	0.323321
2006	0.3239
2007	0.323353
2008	0.322159
2009	0.32158
2010	0.321462
2011	0.321701
2012	0.320899
2013	0.319671
2014	0.320711
2015	0.320526
2016	0.321335
2017	0.321886
2018	0.322403
2019	0.323498
2020	0.324218
2021	0.32572
2022	0.327047
2023	0.328098
2024	0.329387
2025	0.330682
2026	0.332166
2027	0.332719
2028	0.333921
2029	0.335417
2030	0.336626
2031	0.337907
2032	0.339923
2033	0.341274
2034	0.342243
2035	0.343761
2036	0.345523
2037	0.347202
2038	0.348015
2039	0.349352
2040	0.350699
2041	0.35175
2042	0.352787
2043	0.353723
2044	0.354639
2045	0.355342
2046	0.356315
2047	0.357309
2048	0.358642
2049	0.359271
2050	0.359696
2051	0.360501
2052	0.361653
2053	0.362888
2054	0.363789
2055	0.364352
2056	0.365146
2057	0.366297
2058	0.367544
2059	0.368414
2060	0.367969
2061	0.368385
2062	0.368701
2063	0.369049
2064	0.369182
2065	0.369496
2066	0.369447
2067	0.368784
2068	0.3676
2069	0.367045
2070	0.365162
2071	0.364725
2072	0.362963
2073	0.363141
2074	0.363121
2075	0.362043
2076	0.361836
2077	0.359763
2078	0.3585
2079	0.358101
2080	0.35739
2081	0.355684
2082	0.355677
2083	0.354726
2084	0.353109
2085	0.351591
2086	0.34937
2087	0.346974
2088	0.344484
2089	0.34366
2090	0.342332
2091	0.341992
2092	0.341351
2093	0.338923
2094	0.336981
2095	0.334963
2096	0.334296
2097	0.331844
2098	0.332351
2099	0.330951
2100	0.32977
2101	0.330155
2102	0.3294
2103	0.329206
2104	0.329094
2105	0.32869
2106	0.328555
2107	0.326628
2108	0.326781
2109	0.325964
2110	0.326536
2111	0.326107
2112	0.326134
2113	0.325304
2114	0.325419
2115	0.32353
2116	0.321467
2117	0.320623
2118	0.318682
2119	0.316574
2120	0.314289
2121	0.313594
2122	0.313795
2123	0.312042
2124	0.310285
2125	0.309155
2126	0.307535
2127	0.304037
2128	0.304614
2129	0.303736
2130	0.304068
2131	0.302912
2132	0.301811
2133	0.301861
2134	0.301165
2135	0.301631
2136	0.30069
2137	0.300229
2138	0.29952
2139	0.298522
2140	0.298735
2141	0.299371
2142	0.299648
2143	0.299526
2144	0.299329
2145	0.299515
2146	0.29951
2147	0.300992
2148	0.301969
2149	0.303078
2150	0.303605
2151	0.304553
2152	0.305144
2153	0.306897
2154	0.308487
2155	0.309629
2156	0.311209
2157	0.312469
2158	0.314265
2159	0.315203
2160	0.316432
2161	0.31751
2162	0.319075
2163	0.321312
2164	0.323045
2165	0.324631
2166	0.325589
2167	0.326914
2168	0.328618
2169	0.330224
2170	0.332042
2171	0.333337
2172	0.335125
2173	0.336437
2174	0.337122
2175	0.338284
2176	0.339522
2177	0.341455
2178	0.342198
2179	0.343611
2180	0.34502
2181	0.346047
2182	0.34724
2183	0.348547
2184	0.349532
2185	0.350556
2186	0.351151
2187	0.352012
2188	0.351779
2189	0.351256
2190	0.352162
2191	0.352848
2192	0.352121
2193	0.353491
2194	0.354338
2195	0.355353
2196	0.35636
2197	0.356518
2198	0.357138
2199	0.357681
2200	0.358438
2201	0.358987
2202	0.359963
2203	0.359868
2204	0.360013
2205	0.3605
2206	0.36053
2207	0.360453
2208	0.359873
2209	0.358216
2210	0.356709
2211	0.356363
2212	0.355562
2213	0.353874
2214	0.352704
2215	0.351429
2216	0.35061
2217	0.350129
2218	0.349336
2219	0.3483
2220	0.347784
2221	0.347362
2222	0.346404
2223	0.34471
2224	0.344105
2225	0.343157
2226	0.34265
2227	0.342296
2228	0.340802
2229	0.339568
2230	0.33804
2231	0.335631
2232	0.333479
2233	0.332449
2234	0.329885
2235	0.328262
2236	0.324284
2237	0.322868
2238	0.321629
2239	0.318174
2240	0.316039
2241	0.313548
2242	0.312421
2243	0.313259
2244	0.311153
2245	0.310442
2246	0.309887
2247	0.309358
2248	0.308947
2249	0.308897
2250	0.309036
2251	0.309417
2252	0.309783
2253	0.309872
2254	0.310011
2255	0.311428
2256	0.311073
2257	0.312042
2258	0.312831
2259	0.313498
2260	0.313974
2261	0.313494
2262	0.314223
2263	0.315332
2264	0.315064
2265	0.316104
2266	0.316813
2267	0.317931
2268	0.318469
2269	0.317951
2270	0.319251
2271	0.32089
2272	0.322304
2273	0.322716
2274	0.323252
2275	0.323812
2276	0.324845
2277	0.326087
2278	0.326835
2279	0.327957
2280	0.328784
2281	0.32986
2282	0.33064
2283	0.331793
2284	0.332921
2285	0.334654
2286	0.336214
2287	0.33773
2288	0.339058
2289	0.340461
2290	0.342043
2291	0.343206
2292	0.344278
2293	0.344892
2294	0.346415
2295	0.34678
2296	0.347782
2297	0.348355
2298	0.349169
2299	0.349525
2300	0.349781
2301	0.350942
2302	0.350839
2303	0.351821
2304	0.351597
2305	0.352032
2306	0.351734
2307	0.351868
2308	0.351964
2309	0.352442
2310	0.352388
2311	0.353083
2312	0.353
2313	0.352665
2314	0.353151
2315	0.353727
2316	0.353088
2317	0.352659
2318	0.352852
2319	0.352709
2320	0.352599
2321	0.353191
2322	0.352797
2323	0.353268
2324	0.353569
2325	0.352987
2326	0.352426
2327	0.352351
2328	0.351633
2329	0.352026
2330	0.352263
2331	0.351743
2332	0.351745
2333	0.350677
2334	0.349292
2335	0.348843
2336	0.348975
2337	0.349852
2338	0.348864
2339	0.348319
2340	0.348661
2341	0.349048
2342	0.349191
2343	0.349014
2344	0.348703
2345	0.347368
2346	0.347049
2347	0.346997
2348	0.345469
2349	0.343468
2350	0.342942
2351	0.341417
2352	0.340329
2353	0.339826
2354	0.338617
2355	0.336665
2356	0.33536
2357	0.335266
2358	0.334438
2359	0.332242
2360	0.330767
2361	0.32844
2362	0.327895
2363	0.325361
2364	0.325763
2365	0.325798
2366	0.325879
2367	0.324553
2368	0.324679
2369	0.324479
2370	0.324166
2371	0.322896
2372	0.321757
2373	0.321338
2374	0.321565
2375	0.321114
2376	0.318828
2377	0.315979
2378	0.315689
2379	0.314804
2380	0.314602
2381	0.312938
2382	0.311507
2383	0.311294
2384	0.309692
2385	0.308807
2386	0.308322
2387	0.307357
2388	0.304493
2389	0.303915
2390	0.301722
2391	0.301344
2392	0.300906
2393	0.299785
2394	0.298322
2395	0.297973
2396	0.296766
2397	0.296886
2398	0.297413
2399	0.296223
2400	0.29599
2401	0.296408
2402	0.297601
2403	0.297571
2404	0.296826
2405	0.297704
2406	0.297727
2407	0.298763
2408	0.298433
2409	0.299419
2410	0.300507
2411	0.30109
2412	0.301541
2413	0.301702
2414	0.303062
2415	0.304118
2416	0.304925
2417	0.305934
2418	0.30639
2419	0.307141
2420	0.308641
2421	0.30904
2422	0.310198
2423	0.311532
2424	0.312154
2425	0.312575
2426	0.312904
2427	0.314241
2428	0.315653
2429	0.317056
2430	0.318327
2431	0.319771
2432	0.320955
2433	0.322363
2434	0.323892
2435	0.32522
2436	0.326272
2437	0.327783
2438	0.327745
2439	0.327837
2440	0.328258
2441	0.32925
2442	0.330203
2443	0.331602
2444	0.332352
2445	0.333732
2446	0.334442
2447	0.334832
2448	0.335873
2449	0.336266
2450	0.336655
2451	0.337174
2452	0.336538
2453	0.336727
2454	0.337168
2455	0.338256
2456	0.337872
2457	0.338697
2458	0.338473
2459	0.338771
2460	0.338321
2461	0.337728
2462	0.336924
2463	0.336472
2464	0.336229
2465	0.335755
2466	0.336055
2467	0.33552
2468	0.334607
2469	0.333876
2470	0.333041
2471	0.333447
2472	0.33258
2473	0.331801
2474	0.330307
2475	0.329232
2476	0.328777
2477	0.32804
2478	0.327382
2479	0.327053
2480	0.326928
2481	0.32661
2482	0.325605
2483	0.326048
2484	0.326185
2485	0.32619
2486	0.325794
2487	0.325148
2488	0.325274
2489	0.324587
2490	0.323964
2491	0.322964
2492	0.321289
2493	0.321012
2494	0.320387
2495	0.320343
2496	0.319785
2497	0.318629
2498	0.318923
2499	0.318333
2500	0.317674
2501	0.317546
2502	0.31727
2503	0.316906
2504	0.315037
2505	0.31445
2506	0.313916
2507	0.313261
2508	0.312938
2509	0.312773
2510	0.3135
2511	0.314193
2512	0.314676
2513	0.315067
2514	0.316363
2515	0.31661
2516	0.317192
2517	0.315982
2518	0.316639
2519	0.316979
2520	0.317775
2521	0.318243
2522	0.31848
2523	0.3192
2524	0.31936
2525	0.319697
2526	0.320277
2527	0.320969
2528	0.321151
2529	0.32126
2530	0.321835
2531	0.322288
2532	0.322097
2533	0.321714
2534	0.322622
2535	0.322857
2536	0.322496
2537	0.323712
2538	0.32451
2539	0.325319
2540	0.325793
2541	0.327177
2542	0.328822
2543	0.330092
2544	0.331757
2545	0.332557
2546	0.333521
2547	0.33506
2548	0.336548
2549	0.337584
2550	0.338794
2551	0.339656
2552	0.340358
2553	0.340714
2554	0.340741
2555	0.341438
2556	0.341306
2557	0.340499
2558	0.340713
2559	0.339778
2560	0.339267
2561	0.337958
2562	0.338171
2563	0.337225
2564	0.337412
2565	0.336829
2566	0.336026
2567	0.335013
2568	0.334638
2569	0.334182
2570	0.333038
2571	0.331693
2572	0.330019
2573	0.329601
2574	0.328861
2575	0.327338
2576	0.327337
2577	0.326325
2578	0.32654
2579	0.326033
2580	0.326149
2581	0.325955
2582	0.325435
2583	0.325522
2584	0.326578
2585	0.326836
2586	0.326638
2587	0.326829
2588	0.327061
2589	0.32633
2590	0.325849
2591	0.325173
2592	0.325223
2593	0.325288
2594	0.324919
2595	0.325025
2596	0.325838
2597	0.326285
2598	0.326409
2599	0.327467
2600	0.327536
2601	0.327295
2602	0.327067
2603	0.327455
2604	0.327323
2605	0.326576
2606	0.325841
2607	0.326147
2608	0.326962
2609	0.326933
2610	0.327306
2611	0.32691
2612	0.327233
2613	0.32765
2614	0.328604
2615	0.32935
2616	0.329031
2617	0.329303
2618	0.33008
2619	0.328728
2620	0.329711
2621	0.330669
2622	0.331462
2623	0.331197
2624	0.331222
2625	0.331196
2626	0.331404
2627	0.331141
2628	0.331694
2629	0.330971
2630	0.331643
2631	0.331759
2632	0.33066
2633	0.330519
2634	0.329025
2635	0.327782
2636	0.327979
2637	0.32779
2638	0.326738
2639	0.32626
2640	0.325747
2641	0.325108
2642	0.324201
2643	0.324076
2644	0.324005
2645	0.323065
2646	0.321957
2647	0.320765
2648	0.320855
2649	0.321024
2650	0.320415
2651	0.319914
2652	0.319547
2653	0.319622
2654	0.3182
2655	0.318453
2656	0.317849
2657	0.318576
2658	0.31754
2659	0.317746
2660	0.316872
2661	0.3163
2662	0.315341
2663	0.313922
2664	0.313179
2665	0.31333
2666	0.312713
2667	0.31254
2668	0.312686
2669	0.313103
2670	0.313148
2671	0.313016
2672	0.312805
2673	0.313405
2674	0.313546
2675	0.314986
2676	0.315966
2677	0.317053
2678	0.317891
2679	0.317763
2680	0.31858
2681	0.318806
2682	0.319807
2683	0.32045
2684	0.321417
2685	0.322149
2686	0.323532
2687	0.324451
2688	0.326058
2689	0.327566
2690	0.328693
2691	0.329614
2692	0.330863
2693	0.331957
2694	0.333366
2695	0.334241
2696	0.335688
2697	0.336662
2698	0.338122
2699	0.339845
2700	0.341156
2701	0.341901
2702	0.342892
2703	0.343867
2704	0.344603
2705	0.346038
2706	0.346635
2707	0.347505
2708	0.348322
2709	0.349764
2710	0.350365
2711	0.350976
2712	0.352087
2713	0.352669
2714	0.353517
2715	0.354544
2716	0.354841
2717	0.355693
2718	0.356207
2719	0.357524
2720	0.357478
2721	0.357481
2722	0.357033
2723	0.356774
2724	0.355995
2725	0.354978
2726	0.354626
2727	0.353999
2728	0.353091
2729	0.353604
2730	0.352978
2731	0.3525
2732	0.352443
2733	0.350172
2734	0.348344
2735	0.346783
2736	0.344967
2737	0.342878
2738	0.340573
2739	0.3392
2740	0.336333
2741	0.335862
2742	0.336127
2743	0.335021
2744	0.33233
2745	0.331025
2746	0.329576
2747	0.329185
2748	0.328771
2749	0.329092
2750	0.32869
2751	0.328904
2752	0.329151
2753	0.329125
2754	0.328734
2755	0.32843
2756	0.328579
2757	0.328386
2758	0.327692
2759	0.327572
2760	0.326977
2761	0.327162
2762	0.326761
2763	0.32442
2764	0.322881
2765	0.32237
2766	0.321863
2767	0.322129
2768	0.323305
2769	0.322523
2770	0.323485
2771	0.323984
2772	0.324061
2773	0.324289
2774	0.325099
2775	0.32509
2776	0.325101
2777	0.325009
2778	0.323714
2779	0.324094
2780	0.324154
2781	0.324528
2782	0.325525
2783	0.325764
2784	0.325402
2785	0.324716
2786	0.324576
2787	0.324308
2788	0.323963
2789	0.324132
2790	0.324089
2791	0.32474
2792	0.324738
2793	0.325653
2794	0.325551
2795	0.325891
2796	0.326509
2797	0.325787
2798	0.325893
2799	0.326614
2800	0.326615
2801	0.325833
2802	0.324214
2803	0.324522
2804	0.324445
2805	0.323136
2806	0.323468
2807	0.324349
2808	0.324343
2809	0.324664
2810	0.325008
2811	0.324473
2812	0.32546
2813	0.325859
2814	0.325563
2815	0.325173
2816	0.325108
2817	0.325508
2818	0.32502
2819	0.326033
2820	0.326168
2821	0.327078
2822	0.327953
2823	0.329132
2824	0.329358
2825	0.330593
2826	0.331305
2827	0.332405
2828	0.333122
2829	0.334451
2830	0.335256
2831	0.335791
2832	0.336262
2833	0.33561
2834	0.335388
2835	0.33515
2836	0.334844
2837	0.334179
2838	0.334419
2839	0.334556
2840	0.334506
2841	0.33377
2842	0.333125
2843	0.334197
2844	0.333445
2845	0.334172
2846	0.334498
2847	0.334178
2848	0.333723
2849	0.333915
2850	0.334609
2851	0.334994
2852	0.334762
2853	0.33466
2854	0.334911
2855	0.335324
2856	0.334784
2857	0.335444
2858	0.335762
2859	0.33613
2860	0.335948
2861	0.337376
2862	0.337876
2863	0.337763
2864	0.338381
2865	0.339415
2866	0.340348
2867	0.341437
2868	0.341722
2869	0.34196
2870	0.341885
2871	0.343105
2872	0.344208
2873	0.345329
2874	0.345935
2875	0.345832
2876	0.347265
2877	0.347384
2878	0.348378
2879	0.349143
2880	0.349852
2881	0.350591
2882	0.35178
2883	0.353606
2884	0.353718
2885	0.353932
2886	0.354508
2887	0.354395
2888	0.354009
2889	0.354226
2890	0.35471
2891	0.354249
2892	0.353329
2893	0.353454
2894	0.353248
2895	0.353524
2896	0.350639
2897	0.349737
2898	0.348692
2899	0.347257
2900	0.345188
2901	0.343028
2902	0.342317
2903	0.342597
2904	0.341583
2905	0.340913
2906	0.339717
2907	0.340033
2908	0.339437
2909	0.338935
2910	0.339119
2911	0.338795
2912	0.33806
2913	0.337713
2914	0.337888
2915	0.336611
2916	0.337146
2917	0.337349
2918	0.336419
2919	0.337219
2920	0.336707
2921	0.336682
2922	0.33732
2923	0.337117
2924	0.337097
2925	0.336909
2926	0.337274
2927	0.33802
2928	0.337643
2929	0.33748
2930	0.33588
2931	0.335654
2932	0.335704
2933	0.33644
2934	0.33633
2935	0.336295
2936	0.335969
2937	0.335203
2938	0.335562
2939	0.335425
2940	0.334568
2941	0.334095
2942	0.33414
2943	0.333816
2944	0.333985
2945	0.334069
2946	0.334509
2947	0.333547
2948	0.333582
2949	0.334698
2950	0.334497
2951	0.334782
2952	0.334472
2953	0.334279
2954	0.332682
2955	0.33241
2956	0.332222
2957	0.331302
2958	0.331133
2959	0.33156
2960	0.330373
2961	0.331085
2962	0.330645
2963	0.330409
2964	0.330668
2965	0.330447
2966	0.328987
2967	0.328618
2968	0.326798
2969	0.326137
2970	0.325158
2971	0.323925
2972	0.322264
2973	0.321665
2974	0.320121
2975	0.320007
2976	0.317707
2977	0.316587
2978	0.31589
2979	0.313813
2980	0.313182
2981	0.313074
2982	0.313609
2983	0.312941
2984	0.314067
2985	0.31365
2986	0.314438
2987	0.314334
2988	0.314965
2989	0.314691
2990	0.314929
2991	0.315533
2992	0.31625
2993	0.316739
2994	0.317616
2995	0.318263
2996	0.319358
2997	0.319305
2998	0.319205
2999	0.319932
3000	0.320458
3001	0.321006
3002	0.321268
3003	0.321608
3004	0.322575
3005	0.323113
3006	0.32353
3007	0.323705
3008	0.324563
3009	0.324646
3010	0.325808
3011	0.326861
3012	0.327419
3013	0.327843
3014	0.328545
3015	0.32913
3016	0.328917
3017	0.330228
3018	0.331795
3019	0.332755
3020	0.334132
3021	0.335314
3022	0.335602
3023	0.337124
3024	0.337575
3025	0.338827
3026	0.3396
3027	0.340691
3028	0.340926
3029	0.341897
3030	0.343392
3031	0.344566
3032	0.346122
3033	0.347051
3034	0.348013
3035	0.348663
3036	0.348813
3037	0.349963
3038	0.350174
3039	0.350746
3040	0.35101
3041	0.351424
3042	0.351599
3043	0.352146
3044	0.352364
3045	0.351649
3046	0.351656
3047	0.352565
3048	0.352897
3049	0.352508
3050	0.352153
3051	0.353635
3052	0.353448
3053	0.353766
3054	0.354061
3055	0.353962
3056	0.353992
3057	0.353127
3058	0.353422
3059	0.353298
3060	0.353845
3061	0.353258
3062	0.353823
3063	0.353935
3064	0.352976
3065	0.351664
3066	0.351882
3067	0.350935
3068	0.351381
3069	0.351073
3070	0.350973
3071	0.351441
3072	0.350546
3073	0.350439
3074	0.350234
3075	0.349326
3076	0.348459
3077	0.347554
3078	0.348088
3079	0.346899
3080	0.346221
3081	0.345913
3082	0.344863
3083	0.343731
3084	0.34327
3085	0.34356
3086	0.343121
3087	0.341602
3088	0.34051
3089	0.340269
3090	0.340072
3091	0.339646
3092	0.339049
3093	0.338336
3094	0.337931
3095	0.337174
3096	0.336807
3097	0.335338
3098	0.334922
3099	0.334264
3100	0.333957
3101	0.334173
3102	0.332712
3103	0.331876
3104	0.330509
3105	0.329936
3106	0.328219
3107	0.327611
3108	0.327649
3109	0.326196
3110	0.325309
3111	0.325138
3112	0.324971
3113	0.32388
3114	0.322543
3115	0.321704
3116	0.321541
3117	0.32083
3118	0.320705
3119	0.320134
3120	0.320171
3121	0.321461
3122	0.321929
3123	0.321596
3124	0.321799
3125	0.322362
3126	0.323274
3127	0.323916
3128	0.324008
3129	0.324121
3130	0.324276
3131	0.324237
3132	0.324204
3133	0.323962
3134	0.324617
3135	0.324386
3136	0.324117
3137	0.324238
3138	0.324394
3139	0.325042
3140	0.325541
3141	0.32642
3142	0.327344
3143	0.32791
3144	0.328991
3145	0.330162
3146	0.330314
3147	0.331081
3148	0.331837
3149	0.332638
3150	0.333257
3151	0.334009
3152	0.334586
3153	0.335142
3154	0.335863
3155	0.33683
3156	0.336748
3157	0.33737
3158	0.33797
3159	0.338135
3160	0.339418
3161	0.339956
3162	0.339682
3163	0.339839
3164	0.339379
3165	0.339676
3166	0.339177
3167	0.339593
3168	0.339868
3169	0.340241
3170	0.340313
3171	0.340056
3172	0.339021
3173	0.339
3174	0.338594
3175	0.338609
3176	0.338518
3177	0.338175
3178	0.337123
3179	0.336569
3180	0.336164
3181	0.335858
3182	0.336157
3183	0.335693
3184	0.334681
3185	0.334224
3186	0.334571
3187	0.334906
3188	0.335069
3189	0.3338
3190	0.332518
3191	0.33204
3192	0.33196
3193	0.331862
3194	0.333167
3195	0.332652
3196	0.33218
3197	0.331236
3198	0.330735
3199	0.33155
3200	0.330904
3201	0.330747
3202	0.330125
3203	0.329906
3204	0.330327
3205	0.329844
3206	0.32934
3207	0.328819
3208	0.329593
3209	0.329941
3210	0.329154
3211	0.3292
3212	0.328215
3213	0.328021
3214	0.326578
3215	0.326746
3216	0.325467
3217	0.323744
3218	0.323223
3219	0.323509
3220	0.323179
3221	0.322989
3222	0.321236
3223	0.320845
3224	0.319295
3225	0.318299
3226	0.318332
3227	0.318489
3228	0.318335
3229	0.317961
3230	0.317674
3231	0.318487
3232	0.318181
3233	0.317949
3234	0.318178
3235	0.317877
3236	0.317903
3237	0.318262
3238	0.317881
3239	0.318553
3240	0.317661
3241	0.318269
3242	0.318557
3243	0.318795
3244	0.319595
3245	0.320043
3246	0.319539
3247	0.319981
3248	0.320112
3249	0.320129
3250	0.320305
3251	0.320041
3252	0.319924
3253	0.319933
3254	0.320502
3255	0.320261
3256	0.320022
3257	0.318389
3258	0.317404
3259	0.316192
3260	0.315907
3261	0.315239
3262	0.31447
3263	0.315222
3264	0.313996
3265	0.313897
3266	0.312888
3267	0.312907
3268	0.312651
3269	0.31308
3270	0.313136
3271	0.314551
3272	0.315891
3273	0.315308
3274	0.315593
3275	0.315699
3276	0.315521
3277	0.31624
3278	0.316318
3279	0.317344
3280	0.318552
3281	0.319536
3282	0.320239
3283	0.320994
3284	0.322013
3285	0.322931
3286	0.324773
3287	0.326168
3288	0.327728
3289	0.328663
3290	0.329739
3291	0.331066
3292	0.332722
3293	0.333865
3294	0.335282
3295	0.3368
3296	0.338083
3297	0.339529
3298	0.340637
3299	0.341911
3300	0.342792
3301	0.344041
3302	0.34424
3303	0.345827
3304	0.347103
3305	0.348013
3306	0.34941
3307	0.35038
3308	0.351763
3309	0.352358
3310	0.35245
3311	0.352944
3312	0.353811
3313	0.355006
3314	0.355461
3315	0.35652
3316	0.357552
3317	0.358638
3318	0.359487
3319	0.360438
3320	0.361499
3321	0.362335
3322	0.363157
3323	0.363546
3324	0.364766
3325	0.365225
3326	0.366252
3327	0.367304
3328	0.368436
3329	0.368953
3330	0.369992
3331	0.369292
3332	0.369297
3333	0.36982
3334	0.370313
3335	0.369653
3336	0.369675
3337	0.36962
3338	0.36932
3339	0.368098
3340	0.368047
3341	0.365987
3342	0.364427
3343	0.363646
3344	0.362988
3345	0.362076
3346	0.361541
3347	0.360561
3348	0.358657
3349	0.357904
3350	0.356649
3351	0.35391
3352	0.351884
3353	0.349382
3354	0.347602
3355	0.345145
3356	0.342031
3357	0.341242
3358	0.340255
3359	0.337138
3360	0.335701
3361	0.335418
3362	0.333853
3363	0.332776
3364	0.331367
3365	0.330871
3366	0.328884
3367	0.328031
3368	0.326819
3369	0.32557
3370	0.325175
3371	0.323802
3372	0.323702
3373	0.323536
3374	0.323508
3375	0.323678
3376	0.323659
3377	0.323009
3378	0.321378
3379	0.320544
3380	0.319481
3381	0.319324
3382	0.317961
3383	0.31775
3384	0.31708
3385	0.316434
3386	0.316213
3387	0.31543
3388	0.3149
3389	0.314259
3390	0.314179
3391	0.313692
3392	0.312653
3393	0.313053
3394	0.313682
3395	0.312443
3396	0.311698
3397	0.31179
3398	0.311558
3399	0.310944
3400	0.310496
3401	0.310778
3402	0.310744
3403	0.310311
3404	0.309689
3405	0.309057
3406	0.308871
3407	0.308415
3408	0.308664
3409	0.308593
3410	0.308648
3411	0.30813
3412	0.3073
3413	0.306546
3414	0.306327
3415	0.304818
3416	0.305722
3417	0.304944
3418	0.306908
3419	0.306691
3420	0.306504
3421	0.307008
3422	0.30758
3423	0.307785
3424	0.30808
3425	0.30888
3426	0.310007
3427	0.310133
3428	0.310596
3429	0.311589
3430	0.313152
3431	0.313936
3432	0.314856
3433	0.314919
3434	0.315606
3435	0.316464
3436	0.316967
3437	0.317963
3438	0.318875
3439	0.319239
3440	0.320107
3441	0.321058
3442	0.322106
3443	0.323272
3444	0.323912
3445	0.324591
3446	0.324221
3447	0.323826
3448	0.323156
3449	0.32393
3450	0.324266
3451	0.325057
3452	0.32582
3453	0.324932
3454	0.326134
3455	0.325837
3456	0.325544
3457	0.325471
3458	0.325179
3459	0.325464
3460	0.324498
3461	0.324819
3462	0.324906
3463	0.324869
3464	0.325078
3465	0.322845
3466	0.322129
3467	0.322402
3468	0.322914
3469	0.323625
3470	0.322293
3471	0.322332
3472	0.322714
3473	0.322656
3474	0.323728
3475	0.324613
3476	0.325177
3477	0.325474
3478	0.326291
3479	0.326887
3480	0.327552
3481	0.327466
3482	0.327179
3483	0.327208
3484	0.327594
3485	0.329031
3486	0.329019
3487	0.329353
3488	0.329071
3489	0.330418
3490	0.330377
3491	0.330004
3492	0.329308
3493	0.328814
3494	0.32884
3495	0.327529
3496	0.328278
3497	0.327652
3498	0.328034
3499	0.328767
3500	0.327476
3501	0.327674
3502	0.327834
3503	0.32823
3504	0.328593
3505	0.329442
3506	0.328807
3507	0.329123
3508	0.328682
3509	0.329346
3510	0.329526
3511	0.328956
3512	0.328362
3513	0.32816
3514	0.327962
3515	0.327045
3516	0.326607
3517	0.325908
3518	0.324035
3519	0.321942
3520	0.319196
3521	0.318171
3522	0.318185
3523	0.318172
3524	0.317211
3525	0.317428
3526	0.316812
3527	0.314965
3528	0.313878
3529	0.312353
3530	0.312209
3531	0.310559
3532	0.30754
3533	0.306198
3534	0.30549
3535	0.305674
3536	0.304737
3537	0.304987
3538	0.304168
3539	0.304022
3540	0.303547
3541	0.302675
3542	0.302028
3543	0.302129
3544	0.302489
3545	0.301474
3546	0.301958
3547	0.301794
3548	0.302359
3549	0.303789
3550	0.303698
3551	0.304858
3552	0.305467
3553	0.306427
3554	0.307264
3555	0.307681
3556	0.307568
3557	0.306328
3558	0.306484
3559	0.307166
3560	0.30811
3561	0.308217
3562	0.308245
3563	0.309048
3564	0.309629
3565	0.310215
3566	0.31159
3567	0.311909
3568	0.312768
3569	0.313161
3570	0.313968
3571	0.313716
3572	0.314243
3573	0.3155
3574	0.316067
3575	0.316658
3576	0.316722
3577	0.31776
3578	0.318444
3579	0.319324
3580	0.320021
3581	0.321225
3582	0.322753
3583	0.323312
3584	0.324454
3585	0.325659
3586	0.326798
3587	0.328347
3588	0.32923
3589	0.330288
3590	0.330922
3591	0.331696
3592	0.333049
3593	0.333933
3594	0.335051
3595	0.3358
3596	0.336388
3597	0.337085
3598	0.337429
3599	0.338558
3600	0.339618
3601	0.339562
3602	0.340008
3603	0.340301
3604	0.339431
3605	0.339649
3606	0.340431
3607	0.340939
3608	0.341535
3609	0.341509
3610	0.342343
3611	0.343723
3612	0.344513
3613	0.345349
3614	0.346392
3615	0.34732
3616	0.347724
3617	0.348929
3618	0.34873
3619	0.348558
3620	0.348328
3621	0.349021
3622	0.348379
3623	0.348799
3624	0.34927
3625	0.350004
3626	0.349959
3627	0.349193
3628	0.348986
3629	0.346682
3630	0.345174
3631	0.344085
3632	0.343024
3633	0.343214
3634	0.340296
3635	0.339762
3636	0.336983
3637	0.336278
3638	0.334528
3639	0.333396
3640	0.332929
3641	0.331627
3642	0.331325
3643	0.328305
3644	0.326984
3645	0.326777
3646	0.3269
3647	0.326898
3648	0.326341
3649	0.325709
3650	0.325488
3651	0.325354
3652	0.323952
3653	0.321542
3654	0.321411
3655	0.321723
3656	0.320961
3657	0.320011
3658	0.319035
3659	0.31877
3660	0.318091
3661	0.317118
3662	0.316786
3663	0.317249
3664	0.316629
3665	0.316648
3666	0.317066
3667	0.316667
3668	0.316783
3669	0.316717
3670	0.316541
3671	0.316558
3672	0.316415
3673	0.315418
3674	0.314733
3675	0.314013
3676	0.314893
3677	0.314978
3678	0.315795
3679	0.315965
3680	0.316289
3681	0.316649
3682	0.316894
3683	0.317543
3684	0.318056
3685	0.318829
3686	0.319259
3687	0.320506
3688	0.321663
3689	0.323162
3690	0.324465
3691	0.324116
3692	0.324538
3693	0.324629
3694	0.325901
3695	0.327592
3696	0.327988
3697	0.327966
3698	0.329131
3699	0.330825
3700	0.332332
3701	0.332522
3702	0.332626
3703	0.333512
3704	0.334423
3705	0.335908
3706	0.336096
3707	0.337461
3708	0.338003
3709	0.338696
3710	0.339684
3711	0.339867
3712	0.340387
3713	0.340594
3714	0.340891
3715	0.34138
3716	0.341268
3717	0.341176
3718	0.340645
3719	0.340479
3720	0.341322
3721	0.340305
3722	0.340762
3723	0.340594
3724	0.340561
3725	0.338656
3726	0.337315
3727	0.337681
3728	0.337147
3729	0.337977
3730	0.338616
3731	0.338693
3732	0.339011
3733	0.338802
3734	0.33899
3735	0.338353
3736	0.338297
3737	0.338126
3738	0.336463
3739	0.335864
3740	0.335882
3741	0.335896
3742	0.335887
3743	0.33645
3744	0.336136
3745	0.335762
3746	0.335575
3747	0.335252
3748	0.335748
3749	0.335329
3750	0.334581
3751	0.334199
3752	0.333744
3753	0.332925
3754	0.332413
3755	0.333506
3756	0.333113
3757	0.334443
3758	0.334513
3759	0.33552
3760	0.335211
3761	0.334925
3762	0.335869
3763	0.335757
3764	0.33543
3765	0.335336
3766	0.334578
3767	0.334656
3768	0.333151
3769	0.331661
3770	0.329254
3771	0.328081
3772	0.327353
3773	0.327586
3774	0.327249
3775	0.326495
3776	0.327005
3777	0.326228
3778	0.325225
3779	0.325922
3780	0.326866
3781	0.326916
3782	0.326715
3783	0.326377
3784	0.327208
3785	0.327792
3786	0.328283
3787	0.329372
3788	0.330858
3789	0.331545
3790	0.331834
3791	0.332964
3792	0.333957
3793	0.334734
3794	0.335619
3795	0.336372
3796	0.337016
3797	0.338176
3798	0.338524
3799	0.338031
3800	0.337939
3801	0.338285
3802	0.337793
3803	0.336741
3804	0.337227
3805	0.337069
3806	0.336453
3807	0.336146
3808	0.335195
3809	0.336127
3810	0.336016
3811	0.336844
3812	0.336305
3813	0.33496
3814	0.33478
3815	0.333455
3816	0.333246
3817	0.333823
3818	0.334088
3819	0.334532
3820	0.333537
3821	0.332424
3822	0.329757
3823	0.327829
3824	0.324302
3825	0.323688
3826	0.323967
3827	0.323058
3828	0.322283
3829	0.321222
3830	0.32024
3831	0.318262
3832	0.318044
3833	0.316739
3834	0.3169
3835	0.315327
3836	0.314663
3837	0.314475
3838	0.314176
3839	0.31311
3840	0.311902
3841	0.310584
3842	0.309409
3843	0.309404
3844	0.308551
3845	0.309145
3846	0.309299
3847	0.308779
3848	0.308149
3849	0.307688
3850	0.306616
3851	0.306879
3852	0.306593
3853	0.306653
3854	0.306593
3855	0.306686
3856	0.307151
3857	0.307343
3858	0.30891
3859	0.310095
3860	0.308787
3861	0.309559
3862	0.310266
3863	0.310083
3864	0.310603
3865	0.311396
3866	0.311276
3867	0.312055
3868	0.312804
3869	0.312837
3870	0.313672
3871	0.314217
3872	0.31455
3873	0.316051
3874	0.316291
3875	0.317876
3876	0.318188
3877	0.318498
3878	0.318476
3879	0.319162
3880	0.319339
3881	0.320035
3882	0.320243
3883	0.320221
3884	0.321234
3885	0.321785
3886	0.322695
3887	0.323299
3888	0.324353
3889	0.324683
3890	0.32579
3891	0.327406
3892	0.329168
3893	0.3305
3894	0.331557
3895	0.332783
3896	0.333604
3897	0.334381
3898	0.334718
3899	0.335571
3900	0.336089
3901	0.336451
3902	0.338249
3903	0.338576
3904	0.338989
3905	0.338193
3906	0.339146
3907	0.338808
3908	0.338902
3909	0.339116
3910	0.339169
3911	0.339835
3912	0.339883
3913	0.338965
3914	0.339059
3915	0.338686
3916	0.338404
3917	0.338586
3918	0.339761
3919	0.339885
3920	0.339331
3921	0.338421
3922	0.338257
3923	0.336922
3924	0.337077
3925	0.336664
3926	0.334361
3927	0.332262
3928	0.331593
3929	0.330782
3930	0.330069
3931	0.330289
3932	0.330518
3933	0.330229
3934	0.330487
3935	0.329258
3936	0.329954
3937	0.329969
3938	0.329328
3939	0.329288
3940	0.329278
3941	0.329022
3942	0.326875
3943	0.327315
3944	0.327604
3945	0.32695
3946	0.326943
3947	0.326253
3948	0.325703
3949	0.325616
3950	0.325431
3951	0.32299
3952	0.322846
3953	0.322779
3954	0.322325
3955	0.321443
3956	0.319491
3957	0.3194
3958	0.318689
3959	0.316425
3960	0.31712
3961	0.316706
3962	0.316778
3963	0.316077
3964	0.316025
3965	0.314884
3966	0.314712
3967	0.313642
3968	0.313803
3969	0.313889
3970	0.31463
3971	0.314351
3972	0.314426
3973	0.314564
3974	0.315382
3975	0.315212
3976	0.315402
3977	0.314744
3978	0.314643
3979	0.314676
3980	0.315091
3981	0.315229
3982	0.315755
3983	0.316251
3984	0.317016
3985	0.316743
3986	0.316525
3987	0.316779
3988	0.317194
3989	0.31798
3990	0.318538
3991	0.318731
3992	0.318919
3993	0.319642
3994	0.319612
3995	0.319703
3996	0.320754
3997	0.321521
3998	0.321807
3999	0.322006
4000	0.321871
4001	0.322198
4002	0.322669
4003	0.32307
4004	0.323381
4005	0.323784
4006	0.32311
4007	0.323127
4008	0.32337
4009	0.322678
4010	0.322946
4011	0.323845
4012	0.32484
4013	0.325905
4014	0.326309
4015	0.327351
4016	0.32752
4017	0.328541
4018	0.329693
4019	0.330912
4020	0.331842
4021	0.332371
4022	0.33424
4023	0.335276
4024	0.336227
4025	0.337154
4026	0.338358
4027	0.339178
4028	0.340509
4029	0.341693
4030	0.343235
4031	0.344272
4032	0.3451
4033	0.345948
4034	0.346572
4035	0.346869
4036	0.346517
4037	0.347438
4038	0.348706
4039	0.34985
4040	0.35099
4041	0.351406
4042	0.351311
4043	0.351641
4044	0.352353
4045	0.351676
4046	0.352982
4047	0.352939
4048	0.353306
4049	0.353498
4050	0.352796
4051	0.352141
4052	0.351331
4053	0.349591
4054	0.348894
4055	0.348458
4056	0.347679
4057	0.347036
4058	0.345926
4059	0.345443
4060	0.345732
4061	0.344906
4062	0.344431
4063	0.344463
4064	0.343594
4065	0.343491
4066	0.343324
4067	0.342328
4068	0.340762
4069	0.340617
4070	0.340536
4071	0.339307
4072	0.338533
4073	0.338775
4074	0.338423
4075	0.337365
4076	0.336491
4077	0.335045
4078	0.333001
4079	0.331701
4080	0.329785
4081	0.328326
4082	0.325604
4083	0.323915
4084	0.32312
4085	0.320517
4086	0.319101
4087	0.317363
4088	0.315866
4089	0.313685
4090	0.310714
4091	0.310924
4092	0.309453
4093	0.308993
4094	0.308364
4095	0.307083
4096	0.306164
4097	0.306097
4098	0.304689
4099	0.303688
4100	0.303863
4101	0.303993
4102	0.304667
4103	0.30427
4104	0.303606
4105	0.304729
4106	0.305997
4107	0.306827
4108	0.307195
4109	0.30732
4110	0.307467
4111	0.307937
4112	0.308778
4113	0.308587
4114	0.308866
4115	0.308939
4116	0.309875
4117	0.31112
4118	0.312441
4119	0.313976
4120	0.315595
4121	0.316813
4122	0.318185
4123	0.319896
4124	0.321105
4125	0.322277
4126	0.323637
4127	0.325082
4128	0.326358
4129	0.327874
4130	0.329432
4131	0.330931
4132	0.331493
4133	0.33228
4134	0.333292
4135	0.334285
4136	0.335373
4137	0.336452
4138	0.337738
4139	0.338208
4140	0.339812
4141	0.34068
4142	0.341414
4143	0.342656
4144	0.343796
4145	0.344786
4146	0.346017
4147	0.346404
4148	0.347447
4149	0.348254
4150	0.348909
4151	0.349321
4152	0.349825
4153	0.350388
4154	0.350155
4155	0.350332
4156	0.350914
4157	0.350482
4158	0.350569
4159	0.349712
4160	0.348448
4161	0.345773
4162	0.342145
4163	0.339493
4164	0.337334
4165	0.33544
4166	0.334748
4167	0.334486
4168	0.333095
4169	0.332707
4170	0.331593
4171	0.330142
4172	0.327277
4173	0.327548
4174	0.326557
4175	0.325611
4176	0.325018
4177	0.323626
4178	0.322992
4179	0.322182
4180	0.321394
4181	0.320651
4182	0.320213
4183	0.321133
4184	0.320999
4185	0.321848
4186	0.322621
4187	0.322656
4188	0.323718
4189	0.323583
4190	0.323441
4191	0.324554
4192	0.324896
4193	0.324962
4194	0.324884
4195	0.325504
4196	0.32564
4197	0.325631
4198	0.32634
4199	0.325817
4200	0.326815
4201	0.327105
4202	0.327991
4203	0.328296
4204	0.326953
4205	0.326495
4206	0.32527
4207	0.326292
4208	0.325503
4209	0.324389
4210	0.325002
4211	0.32462
4212	0.324907
4213	0.324903
4214	0.324731
4215	0.324171
4216	0.323937
4217	0.323181
4218	0.322252
4219	0.321819
4220	0.321266
4221	0.32069
4222	0.320227
4223	0.319692
4224	0.31964
4225	0.319564
4226	0.320385
4227	0.320933
4228	0.320875
4229	0.320307
4230	0.320441
4231	0.320761
4232	0.321368
4233	0.322723
4234	0.32376
4235	0.324582
4236	0.324995
4237	0.326202
4238	0.326327
4239	0.326709
4240	0.327095
4241	0.326984
4242	0.327031
4243	0.327199
4244	0.328052
4245	0.328013
4246	0.328761
4247	0.329038
4248	0.330162
4249	0.330844
4250	0.332058
4251	0.332604
4252	0.333031
4253	0.333487
4254	0.33287
4255	0.332886
4256	0.332456
4257	0.332919
4258	0.332262
4259	0.332592
4260	0.333144
4261	0.332092
4262	0.332375
4263	0.33211
4264	0.330703
4265	0.330021
4266	0.328321
4267	0.328508
4268	0.327736
4269	0.327958
4270	0.328089
4271	0.32725
4272	0.32703
4273	0.327224
4274	0.32667
4275	0.326946
4276	0.327752
4277	0.327456
4278	0.327507
4279	0.327592
4280	0.32799
4281	0.327901
4282	0.327424
4283	0.326963
4284	0.326973
4285	0.327482
4286	0.326158
4287	0.326128
4288	0.325025
4289	0.322741
4290	0.323086
4291	0.32266
4292	0.321678
4293	0.322289
4294	0.322681
4295	0.322647
4296	0.321797
4297	0.320891
4298	0.319777
4299	0.318372
4300	0.318785
4301	0.319629
4302	0.32004
4303	0.319505
4304	0.319533
4305	0.319582
4306	0.319002
4307	0.319698
4308	0.321705
4309	0.320622
4310	0.320908
4311	0.320628
4312	0.320724
4313	0.321082
4314	0.320593
4315	0.32055
4316	0.320247
4317	0.320265
4318	0.319654
4319	0.320098
4320	0.318732
4321	0.31712
4322	0.316044
4323	0.313883
4324	0.314198
4325	0.314382
4326	0.314127
4327	0.313786
4328	0.314154
4329	0.313945
4330	0.314056
4331	0.313905
4332	0.314583
4333	0.314872
4334	0.315651
4335	0.316463
4336	0.316904
4337	0.317413
4338	0.31872
4339	0.319877
4340	0.321051
4341	0.322105
4342	0.32333
4343	0.324224
4344	0.325107
4345	0.325808
4346	0.326713
4347	0.328245
4348	0.329611
4349	0.330334
4350	0.332038
4351	0.333261
4352	0.334459
4353	0.335239
4354	0.335976
4355	0.336185
4356	0.336627
4357	0.33699
4358	0.337041
4359	0.336649
4360	0.33724
4361	0.337091
4362	0.337669
4363	0.337871
4364	0.338762
4365	0.33907
4366	0.338731
4367	0.338906
4368	0.339653
4369	0.340717
4370	0.340359
4371	0.340456
4372	0.341088
4373	0.342028
4374	0.342376
4375	0.342955
4376	0.344033
4377	0.344434
4378	0.343807
4379	0.342704
4380	0.3434
4381	0.343468
4382	0.344023
4383	0.344369
4384	0.345067
4385	0.344808
4386	0.345644
4387	0.346084
4388	0.346424
4389	0.346079
4390	0.347167
4391	0.347545
4392	0.348064
4393	0.348772
4394	0.350134
4395	0.35069
4396	0.351051
4397	0.351993
4398	0.353431
4399	0.353758
4400	0.354326
4401	0.354943
4402	0.355444
4403	0.353872
4404	0.352996
4405	0.351483
4406	0.350994
4407	0.350681
4408	0.349981
4409	0.348266
4410	0.345907
4411	0.342777
4412	0.341625
4413	0.339929
4414	0.339687
4415	0.339374
4416	0.338355
4417	0.336361
4418	0.335479
4419	0.334311
4420	0.334911
4421	0.334217
4422	0.332609
4423	0.332474
4424	0.330801
4425	0.329497
4426	0.328533
4427	0.327207
4428	0.32457
4429	0.322632
4430	0.321809
4431	0.321236
4432	0.321348
4433	0.320817
4434	0.319421
4435	0.319056
4436	0.31848
4437	0.317402
4438	0.317293
4439	0.317394
4440	0.317045
4441	0.317889
4442	0.317324
4443	0.316743
4444	0.317434
4445	0.318313
4446	0.317737
4447	0.316959
4448	0.316909
4449	0.317609
4450	0.316978
4451	0.316943
4452	0.316606
4453	0.316477
4454	0.317185
4455	0.317088
4456	0.317654
4457	0.318212
4458	0.318608
4459	0.318925
4460	0.31906
4461	0.319713
4462	0.320363
4463	0.320287
4464	0.32097
4465	0.321879
4466	0.322799
4467	0.323417
4468	0.323815
4469	0.325003
4470	0.326671
4471	0.327266
4472	0.32829
4473	0.329576
4474	0.330598
4475	0.331966
4476	0.332932
4477	0.334169
4478	0.334857
4479	0.335982
4480	0.336785
4481	0.338215
4482	0.339196
4483	0.340053
4484	0.340669
4485	0.341771
4486	0.342913
4487	0.344235
4488	0.345051
4489	0.345766
4490	0.347011
4491	0.347888
4492	0.34943
4493	0.350624
4494	0.351352
4495	0.3521
4496	0.353201
4497	0.354051
4498	0.353678
4499	0.35471
4500	0.355938
4501	0.356743
4502	0.357143
4503	0.356434
4504	0.356708
4505	0.356085
4506	0.355351
4507	0.355748
4508	0.355911
4509	0.355522
4510	0.355702
4511	0.35503
4512	0.354268
4513	0.354065
4514	0.353523
4515	0.353027
4516	0.353094
4517	0.352803
4518	0.351618
4519	0.350952
4520	0.351325
4521	0.350469
4522	0.34992
4523	0.349849
4524	0.349072
4525	0.34852
4526	0.348029
4527	0.34794
4528	0.346268
4529	0.345207
4530	0.345253
4531	0.343436
4532	0.341314
4533	0.339885
4534	0.336837
4535	0.334941
4536	0.333289
4537	0.332407
4538	0.330539
4539	0.330557
4540	0.329379
4541	0.328261
4542	0.326708
4543	0.324589
4544	0.3222
4545	0.321483
4546	0.320579
4547	0.318056
4548	0.316907
4549	0.31589
4550	0.312952
4551	0.311005
4552	0.310797
4553	0.30931
4554	0.307778
4555	0.306827
4556	0.305968
4557	0.305016
4558	0.304031
4559	0.304485
4560	0.303773
4561	0.302643
4562	0.302966
4563	0.302955
4564	0.302965
4565	0.303315
4566	0.303894
4567	0.304247
4568	0.305223
4569	0.30467
4570	0.305286
4571	0.305938
4572	0.307243
4573	0.308544
4574	0.308927
4575	0.309409
4576	0.310066
4577	0.310623
4578	0.311276
4579	0.311998
4580	0.313585
4581	0.31435
4582	0.314992
4583	0.316541
4584	0.318084
4585	0.319232
4586	0.320435
4587	0.321498
4588	0.322364
4589	0.32328
4590	0.324459
4591	0.325564
4592	0.327093
4593	0.327618
4594	0.32848
4595	0.329693
4596	0.330288
4597	0.331123
4598	0.332355
4599	0.333821
4600	0.334834
4601	0.335888
4602	0.337034
4603	0.3376
4604	0.338585
4605	0.340144
4606	0.340287
4607	0.341348
4608	0.342863
4609	0.342875
4610	0.342557
4611	0.342978
4612	0.344028
4613	0.344463
4614	0.345314
4615	0.346279
4616	0.34598
4617	0.345836
4618	0.346609
4619	0.347287
4620	0.347887
4621	0.347225
4622	0.34747
4623	0.347968
4624	0.348683
4625	0.349503
4626	0.350394
4627	0.350856
4628	0.351404
4629	0.351778
4630	0.351547
4631	0.351516
4632	0.351752
4633	0.351631
4634	0.351643
4635	0.350188
4636	0.34968
4637	0.347908
4638	0.348484
4639	0.346766
4640	0.346491
4641	0.344921
4642	0.343807
4643	0.342773
4644	0.342813
4645	0.342349
4646	0.341281
4647	0.340128
4648	0.3399
4649	0.340148
4650	0.33934
4651	0.337824
4652	0.337808
4653	0.337772
4654	0.336462
4655	0.336653
4656	0.336982
4657	0.336888
4658	0.337452
4659	0.336169
4660	0.335179
4661	0.333906
4662	0.332644
4663	0.331399
4664	0.331102
4665	0.331514
4666	0.331608
4667	0.332339
4668	0.332525
4669	0.332622
4670	0.332208
4671	0.332559
4672	0.333021
4673	0.332734
4674	0.332766
4675	0.332811
4676	0.331562
4677	0.331114
4678	0.331189
4679	0.331768
4680	0.330673
4681	0.331299
4682	0.329809
4683	0.329958
4684	0.329972
4685	0.328442
4686	0.328011
4687	0.328791
4688	0.328915
4689	0.32759
4690	0.327099
4691	0.326532
4692	0.326326
4693	0.325353
4694	0.324567
4695	0.32401
4696	0.323406
4697	0.322796
4698	0.323571
4699	0.322922
4700	0.322546
4701	0.321282
4702	0.321029
4703	0.32098
4704	0.321755
4705	0.321499
4706	0.321117
4707	0.321606
4708	0.320995
4709	0.321492
4710	0.322284
4711	0.321416
4712	0.322559
4713	0.320729
4714	0.320473
4715	0.320074
4716	0.31923
4717	0.318277
4718	0.317723
4719	0.317186
4720	0.316596
4721	0.31587
4722	0.315637
4723	0.315519
4724	0.31466
4725	0.315202
4726	0.314885
4727	0.31422
4728	0.314089
4729	0.312076
4730	0.311174
4731	0.310068
4732	0.309873
4733	0.309418
4734	0.309012
4735	0.309363
4736	0.308945
4737	0.308085
4738	0.308606
4739	0.309167
4740	0.310401
4741	0.311499
4742	0.31217
4743	0.312931
4744	0.31393
4745	0.3143
4746	0.314684
4747	0.315381
4748	0.316671
4749	0.317771
4750	0.318269
4751	0.318747
4752	0.319922
4753	0.321165
4754	0.321869
4755	0.322654
4756	0.323707
4757	0.324336
4758	0.32456
4759	0.325455
4760	0.326506
4761	0.327277
4762	0.327399
4763	0.327396
4764	0.328274
4765	0.329113
4766	0.328732
4767	0.329472
4768	0.329503
4769	0.330558
4770	0.331182
4771	0.330617
4772	0.330687
4773	0.3311
4774	0.332522
4775	0.333281
4776	0.334325
4777	0.334326
4778	0.334272
4779	0.334024
4780	0.335327
4781	0.336619
4782	0.337378
4783	0.338587
4784	0.339288
4785	0.340069
4786	0.339948
4787	0.339546
4788	0.340342
4789	0.340681
4790	0.340938
4791	0.341628
4792	0.342376
4793	0.343106
4794	0.343935
4795	0.344611
4796	0.344031
4797	0.344152
4798	0.344934
4799	0.34508
4800	0.3457
4801	0.346192
4802	0.347175
4803	0.347
4804	0.347363
4805	0.347619
4806	0.347747
4807	0.346881
4808	0.345066
4809	0.344756
4810	0.343475
4811	0.343738
4812	0.344706
4813	0.345141
4814	0.344435
4815	0.344761
4816	0.345047
4817	0.344627
4818	0.343589
4819	0.343241
4820	0.343854
4821	0.343588
4822	0.342637
4823	0.341809
4824	0.340816
4825	0.340618
4826	0.340288
4827	0.34006
4828	0.339685
4829	0.339675
4830	0.33893
4831	0.337078
4832	0.336249
4833	0.335263
4834	0.333577
4835	0.332675
4836	0.33164
4837	0.329503
4838	0.327433
4839	0.325871
4840	0.324039
4841	0.322353
4842	0.320271
4843	0.319112
4844	0.316221
4845	0.315495
4846	0.31433
4847	0.314005
4848	0.31293
4849	0.312479
4850	0.312701
4851	0.312876
4852	0.313814
4853	0.313258
4854	0.313277
4855	0.312766
4856	0.313465
4857	0.31479
4858	0.315437
4859	0.316004
4860	0.316311
4861	0.316118
4862	0.315854
4863	0.315214
4864	0.315731
4865	0.316084
4866	0.316796
4867	0.316908
4868	0.316734
4869	0.316317
4870	0.316137
4871	0.316288
4872	0.315942
4873	0.315756
4874	0.316869
4875	0.317031
4876	0.316863
4877	0.316717
4878	0.316498
4879	0.317578
4880	0.317194
4881	0.317005
4882	0.316868
4883	0.315949
4884	0.315884
4885	0.316229
4886	0.316173
4887	0.316136
4888	0.31592
4889	0.315447
4890	0.315618
4891	0.314893
4892	0.314872
4893	0.313828
4894	0.31415
4895	0.314367
4896	0.314479
4897	0.314805
4898	0.314897
4899	0.315985
4900	0.315339
4901	0.315137
4902	0.315574
4903	0.316309
4904	0.31631
4905	0.315724
4906	0.316459
4907	0.316634
4908	0.316024
4909	0.316882
4910	0.317172
4911	0.317675
4912	0.31691
4913	0.31716
4914	0.317768
4915	0.318072
4916	0.318468
4917	0.319481
4918	0.319675
4919	0.320833
4920	0.3216
4921	0.322358
4922	0.323899
4923	0.324259
4924	0.325022
4925	0.326094
4926	0.325575
4927	0.326556
4928	0.326946
4929	0.326522
4930	0.327243
4931	0.326951
4932	0.327499
4933	0.32702
4934	0.326613
4935	0.327124
4936	0.326841
4937	0.327118
4938	0.327215
4939	0.327993
4940	0.32842
4941	0.328582
4942	0.329314
4943	0.330505
4944	0.33099
4945	0.330679
4946	0.331506
4947	0.332076
4948	0.333162
4949	0.333362
4950	0.335017
4951	0.33538
4952	0.336245
4953	0.337906
4954	0.338177
4955	0.33953
4956	0.340607
4957	0.341661
4958	0.342497
4959	0.344106
4960	0.344651
4961	0.344688
4962	0.346442
4963	0.346688
4964	0.346642
4965	0.346881
4966	0.347836
4967	0.3488
4968	0.350009
4969	0.35053
4970	0.35147
4971	0.352409
4972	0.353578
4973	0.354606
4974	0.355809
4975	0.356543
4976	0.357425
4977	0.358653
4978	0.35943
4979	0.360577
4980	0.360949
4981	0.361614
4982	0.362611
4983	0.363348
4984	0.363158
4985	0.363356
4986	0.363408
4987	0.362587
4988	0.361973
4989	0.361151
4990	0.360468
4991	0.359819
4992	0.357724
4993	0.356547
4994	0.357158
4995	0.354355
4996	0.351824
4997	0.349638
4998	0.348537
4999	0.344999
5000	0.342969
