0.99	0.01
0.983807	0.0133761
0.971095	0.0217383
0.942119	0.0430507
0.897587	0.0728441
0.857928	0.0923355
0.802375	0.122624
0.684116	0.201717
0.598053	0.234119
0.492565	0.277874
0.41021	0.290477
0.321337	0.306124
0.262342	0.291563
0.208977	0.277067
0.179273	0.244232
0.151879	0.216865
0.133249	0.188101
0.122455	0.159035
0.114739	0.133865
0.105747	0.115607
0.101398	0.0973065
0.0990314	0.0814195
0.0981484	0.0677946
0.0983765	0.0563194
0.098643	0.0474198
0.0998292	0.0396988
0.100641	0.0340682
0.102689	0.0285417
0.1046	0.0243863
0.107516	0.0202433
0.110529	0.0169226
0.113363	0.01454
0.116583	0.0123125
0.119904	0.0105019
0.123442	0.0088782
0.127018	0.00758008
0.130534	0.00662835
0.134251	0.00568666
0.137873	0.00501526
0.141606	0.00439904
0.145503	0.00375418
0.149438	0.00320137
0.153185	0.00291574
0.157099	0.00253466
0.161077	0.0021651
0.165003	0.00190616
0.168938	0.00167602
0.17283	0.00152361
0.176776	0.00134005
0.18073	0.00116969
0.18469	0.00101593
0.188597	0.000928216
0.19255	0.000803198
0.196499	0.000690857
0.200401	0.000627842
0.2043	0.000564452
0.208191	0.000506116
0.212049	0.00047358
0.215911	0.00042717
0.219714	0.000425937
0.223548	0.000381349
0.227361	0.000348461
0.23114	0.00033622
0.234936	0.000294883
0.238701	0.000271461
0.242446	0.000257488
0.246186	0.000232957
0.249905	0.000215878
0.253601	0.000206642
0.25727	0.000207834
0.260949	0.000183878
0.264594	0.000177824
0.268223	0.000172255
0.271826	0.000175881
0.275414	0.000175558
0.278981	0.000176638
0.282521	0.000187388
0.28607	0.000171223
0.289593	0.000166002
0.293099	0.000161551
0.296588	0.000157194
0.30006	0.000152984
0.303516	0.000150002
0.306955	0.000147417
0.310363	0.000157596
0.31376	0.000159971
0.31713	0.000171356
0.320488	0.000174061
0.323832	0.000175605
0.327161	0.000174492
0.330473	0.000173593
0.33375	0.00019054
0.337019	0.000196946
0.340272	0.00019896
0.343513	0.000197879
0.346724	0.000209362
0.349936	0.000203654
0.353093	0.000232824
0.356268	0.000226194
0.359429	0.00021913
0.362575	0.000213148
0.365677	0.000233349
0.36879	0.000226291
0.371878	0.00022812
0.374953	0.000226461
0.378017	0.000223293
0.381068	0.000218557
0.384084	0.000231526
0.38709	0.000238335
0.390068	0.000252764
0.393035	0.000263032
0.395991	0.00026677
0.398932	0.000269842
0.401868	0.000265825
0.404779	0.00026899
0.407606	0.000334639
0.410459	0.000350413
0.413271	0.000385612
0.416085	0.000399916
0.418858	0.000436952
0.421664	0.000419187
0.424372	0.000480388
0.427007	0.000582921
0.429681	0.00061585
0.432334	0.000648683
0.434994	0.000656908
0.437601	0.000695666
0.440221	0.000705719
0.442757	0.000779362
0.445271	0.000840336
0.447673	0.000974505
0.450023	0.00111423
0.452395	0.00119178
0.454665	0.00133415
0.456826	0.00152684
0.459033	0.00162059
0.461239	0.00169047
0.46301	0.00211765
0.464821	0.00241786
0.46651	0.00275786
0.468571	0.00266825
0.47006	0.00309785
0.471552	0.00342083
0.473135	0.00360793
0.47466	0.00377272
0.476095	0.00398042
0.476978	0.00459945
0.476829	0.00598268
0.477554	0.00630275
0.478053	0.00673301
0.478876	0.00682144
0.479133	0.00738477
0.47885	0.00829782
0.478786	0.00879149
0.478585	0.0092985
0.476318	0.0115118
0.475319	0.0120941
0.473563	0.013294
0.469593	0.0160959
0.46557	0.0184697
0.461418	0.0204392
0.453995	0.0247254
0.447958	0.0271566
0.44429	0.0266803
0.435084	0.0312969
0.426898	0.0339686
0.41351	0.0408658
0.401261	0.0450985
0.387523	0.0494632
0.37321	0.0539444
0.36097	0.0553654
0.350031	0.0556211
0.337225	0.0571643
0.325866	0.0572598
0.317617	0.0548016
0.309081	0.0528168
0.300119	0.0517813
0.290392	0.0518759
0.287217	0.0460536
0.282305	0.0429238
0.276716	0.0413009
0.270632	0.0403841
0.264961	0.0394158
0.261736	0.0366545
0.255967	0.0367426
0.250904	0.0362861
0.246878	0.0349524
0.243278	0.0335331
0.240677	0.0317272
0.238382	0.0298974
0.23429	0.0301158
0.232831	0.0280439
0.230492	0.0271722
0.229606	0.0252662
0.229259	0.0232587
0.228461	0.0221375
0.228539	0.0205236
0.228986	0.0188967
0.230516	0.0167221
0.232207	0.0148585
0.232837	0.0143255
0.233941	0.0135035
0.234897	0.0129699
0.236613	0.0118799
0.238362	0.0110104
0.240516	0.00999927
0.242727	0.00912586
0.245353	0.00808446
0.24729	0.00788565
0.249779	0.00723242
0.252017	0.00692266
0.254062	0.00683928
0.256631	0.00629231
0.258689	0.00633428
0.261451	0.00574882
0.264112	0.00535374
0.266388	0.00538937
0.268727	0.00533598
0.270756	0.00557637
0.27308	0.00549407
0.275437	0.00537781
0.27801	0.0051013
0.280365	0.00505172
0.282898	0.00482239
0.284826	0.00521066
0.28716	0.00513883
0.289823	0.00477499
0.292074	0.00481991
0.294453	0.00476604
0.297018	0.00454838
0.299639	0.00430403
0.302184	0.00418459
0.304874	0.00395003
0.307299	0.00398957
0.309731	0.00398916
0.312271	0.00388933
0.314477	0.00411272
0.316872	0.00410709
0.319486	0.0038812
0.322082	0.00369607
0.324592	0.00362558
0.326967	0.00367158
0.329525	0.00354891
0.331801	0.00370276
0.334083	0.00379589
0.336341	0.00388228
0.338254	0.00424419
0.340461	0.00425704
0.342677	0.00425094
0.345008	0.00413078
0.347284	0.00407781
0.349486	0.00410584
0.351641	0.00414365
0.353835	0.00412821
0.355789	0.00432174
0.357458	0.0047256
0.359343	0.0048305
0.361161	0.00495112
0.363141	0.00489434
0.364856	0.00506218
0.366654	0.00514202
0.368658	0.00500013
0.370183	0.00529323
0.372231	0.00506681
0.373699	0.00540251
0.375019	0.00577769
0.376553	0.0058949
0.377665	0.00637659
0.378338	0.00710794
0.379667	0.00707106
0.379999	0.00795506
0.381619	0.00747199
0.382372	0.00787194
0.382463	0.00874909
0.382812	0.00920546
0.383879	0.008876
0.384757	0.00885066
0.38444	0.00987125
0.3846	0.0102404
0.385234	0.0101229
0.385901	0.00997952
0.386177	0.010199
0.386313	0.010521
0.385106	0.0118971
0.384692	0.0123213
0.385437	0.0116037
0.38557	0.0115705
0.38408	0.0130146
0.382527	0.0141953
0.380417	0.0155379
0.379841	0.0153258
0.379225	0.0151568
0.378356	0.0152413
0.374323	0.0181332
0.372315	0.0185564
0.369253	0.0199461
0.366466	0.0206289
0.361654	0.0231005
0.357205	0.0247154
0.354434	0.0244626
0.350562	0.0252885
0.347769	0.0249062
0.344757	0.0249025
0.341354	0.0252152
0.33811	0.0251895
0.336833	0.0235229
0.332	0.0254034
0.323553	0.0302835
0.319347	0.0301947
0.315801	0.0296108
0.31321	0.0282686
0.311772	0.0262571
0.308438	0.0262465
0.306906	0.0247932
0.30489	0.0240116
0.302009	0.0244792
0.299048	0.0245988
0.2978	0.0232545
0.296473	0.0223275
0.29426	0.0223215
0.292644	0.0218111
0.288451	0.0237652
0.288153	0.0218621
0.286614	0.0213913
0.285336	0.020833
0.285106	0.0195195
0.285629	0.0178131
0.286879	0.0158285
0.28719	0.0151585
0.287073	0.015015
0.287095	0.0147594
0.288376	0.0134083
0.288734	0.0132145
0.288453	0.0136683
0.289006	0.0132487
0.289079	0.0132796
0.290051	0.0125855
0.291302	0.0117616
0.292947	0.0107947
0.294246	0.0103401
0.295694	0.0098529
0.297257	0.00937062
0.29854	0.00921392
0.299579	0.00929748
0.301414	0.008663
0.303003	0.00835587
0.305085	0.00772734
0.306602	0.00773254
0.308148	0.00770129
0.31023	0.00718296
0.31209	0.006937
0.313552	0.00711094
0.314848	0.00744313
0.315794	0.00794668
0.317746	0.0074605
0.319476	0.00725462
0.321058	0.00722721
0.322106	0.00772875
0.323371	0.00785931
0.324814	0.00783234
0.326813	0.00727219
0.327803	0.00775581
0.329525	0.00745311
0.330712	0.00771665
0.331778	0.00801238
0.333532	0.00760549
0.334681	0.00786002
0.336304	0.00760341
0.337651	0.00763979
0.338753	0.00787898
0.340116	0.00780654
0.341589	0.0076654
0.342348	0.00818383
0.34409	0.00768217
0.345871	0.00727171
0.347869	0.00676187
0.348396	0.00767251
0.349662	0.00768877
0.350624	0.00797987
0.351546	0.00822696
0.35344	0.00756034
0.354145	0.00807616
0.354991	0.00835042
0.355556	0.00886808
0.356785	0.00866151
0.357439	0.00899182
0.35841	0.00891953
0.359263	0.0089928
0.359923	0.00918777
0.360791	0.00918624
0.361731	0.00905939
0.362424	0.00924725
0.36261	0.00980235
0.362453	0.0105763
0.361999	0.0114643
0.359689	0.0136564
0.358516	0.0144809
0.357921	0.0146037
0.357676	0.0143954
0.356544	0.0150453
0.355319	0.0156289
0.353534	0.0164771
0.352254	0.0167583
0.350068	0.0177008
0.349315	0.0172665
0.349132	0.0163749
0.34907	0.0155921
0.347936	0.0158966
0.346854	0.0161797
0.345613	0.0165917
0.344629	0.0166414
0.342849	0.0173097
0.341745	0.0173297
0.340472	0.0175086
0.338281	0.0184095
0.337216	0.0181962
0.33571	0.0183051
0.334547	0.0181113
0.334653	0.0169192
0.331932	0.0184396
0.331234	0.0178683
0.329796	0.0181137
0.327965	0.0185827
0.32637	0.0187516
0.323824	0.0196661
0.324304	0.0177815
0.321701	0.0190952
0.320161	0.0191391
0.318852	0.0188692
0.319353	0.0171398
0.319056	0.0165413
0.318483	0.0164137
0.318521	0.0156735
0.318172	0.015427
0.318149	0.0150162
0.31874	0.0141046
0.318517	0.0141684
0.318334	0.0141718
0.318636	0.0137498
0.318259	0.0140078
0.319358	0.0128956
0.319836	0.0125436
0.319869	0.0126448
0.320175	0.0125507
0.320268	0.0127022
0.321193	0.0120699
0.32102	0.0124562
0.320743	0.0128958
0.320508	0.013166
0.320998	0.0128157
0.320124	0.0137134
0.319571	0.0141414
0.320093	0.0134581
0.320548	0.0130296
0.320962	0.0127245
0.321742	0.0121457
0.321973	0.0121986
0.321485	0.0129057
0.322162	0.01238
0.322722	0.0120579
0.321994	0.0129099
0.322511	0.0125741
0.32289	0.0123411
0.322389	0.013033
0.323629	0.0119957
0.323792	0.0121505
0.323363	0.0127316
0.32376	0.0124481
0.323924	0.0125112
0.323866	0.0127276
0.324455	0.0123226
0.325324	0.011763
0.325823	0.0116522
0.326349	0.0115933
0.326303	0.0119936
0.326723	0.0118618
0.326846	0.0119654
0.326672	0.0123422
0.32631	0.0128502
0.326809	0.0124857
0.327645	0.0119049
0.326792	0.0128821
0.32658	0.0131547
0.3262	0.0134845
0.325616	0.0139822
0.325389	0.0140427
0.324778	0.0144166
0.325187	0.0137777
0.325476	0.0133857
0.325148	0.0136804
0.324268	0.0143388
0.323263	0.014924
0.323514	0.0143463
0.322897	0.0146579
0.32202	0.0151431
0.321924	0.0147135
0.323113	0.0133055
0.322311	0.0140568
0.323057	0.013278
0.323874	0.0125218
0.324179	0.0124394
0.32501	0.0119285
0.325212	0.012037
0.326332	0.0113042
0.326523	0.0115616
0.327471	0.0111175
0.327837	0.0112659
0.328109	0.0115559
0.328159	0.0119456
0.328812	0.0116126
0.329272	0.0115756
0.329863	0.0114586
0.331121	0.0107346
0.332371	0.0101784
0.333376	0.00993178
0.334833	0.00936679
0.336417	0.0087937
0.337041	0.00918414
0.338182	0.00905556
0.339175	0.009026
0.340329	0.00886154
0.341465	0.00879496
0.342512	0.00878273
0.343957	0.00842462
0.344785	0.00869335
0.345653	0.00887538
0.346423	0.0090871
0.34697	0.00944388
0.347201	0.00993068
0.348366	0.00952307
0.349907	0.00891938
0.350938	0.00883687
0.35173	0.00899171
0.352965	0.0087444
0.35449	0.00830134
0.355013	0.00885376
0.355893	0.00894905
0.356835	0.00894942
0.357941	0.00875002
0.359031	0.0086413
0.359713	0.00891696
0.358901	0.0105286
0.359983	0.0100638
0.360677	0.0100002
0.361058	0.0102546
0.361175	0.0106527
0.361071	0.0111794
0.36125	0.0113538
0.362465	0.0105227
0.362709	0.0107636
0.362784	0.0110848
0.362936	0.0112744
0.363628	0.0109492
0.362324	0.0124336
0.362711	0.0121356
0.361751	0.0130613
0.362069	0.0126231
0.361546	0.0131233
0.360037	0.0143023
0.360058	0.0138826
0.360822	0.0128926
0.36021	0.0133675
0.359984	0.0133917
0.359172	0.0139757
0.358789	0.0140065
0.357441	0.0148445
0.356765	0.0149771
0.356852	0.0143649
0.357505	0.0133927
0.357191	0.0135173
0.356149	0.0142269
0.35556	0.0143491
0.35471	0.014665
0.354451	0.014406
0.353097	0.0152626
0.350618	0.0169668
0.349888	0.0166689
0.349062	0.0165055
0.347926	0.0165285
0.347134	0.0164054
0.345462	0.0170101
0.344412	0.0169484
0.344112	0.0163272
0.342854	0.0165867
0.340892	0.0175373
0.340807	0.0165777
0.341036	0.0155288
0.341343	0.0146367
0.342012	0.0136324
0.341789	0.0137403
0.341473	0.0138316
0.342095	0.0131156
0.341598	0.0135201
0.341456	0.0134651
0.341243	0.0134987
0.342289	0.0124364
0.341903	0.0129497
0.340801	0.0138906
0.341254	0.0132694
0.341944	0.0125865
0.341978	0.0126055
0.341453	0.0131623
0.341713	0.0128505
0.341846	0.0127647
0.341221	0.0133399
0.341221	0.0132253
0.340301	0.0139264
0.339567	0.0143675
0.339323	0.0142651
0.339502	0.0137948
0.338326	0.0146468
0.337777	0.0147083
0.336607	0.0153777
0.33563	0.0157635
0.33529	0.0154593
0.333679	0.0163666
0.331986	0.0171945
0.330701	0.0173902
0.327481	0.019147
0.328188	0.0172094
0.32762	0.0167092
0.327953	0.0156311
0.328393	0.0146599
0.327068	0.0155387
0.326653	0.0153371
0.324777	0.0165825
0.323917	0.0166371
0.324494	0.0153886
0.322982	0.0161388
0.322781	0.0156605
0.322319	0.0154973
0.321426	0.0157697
0.32179	0.0148683
0.321256	0.0150456
0.320238	0.0155458
0.319579	0.0155979
0.318354	0.016125
0.317862	0.0159762
0.316993	0.0162458
0.316611	0.0158806
0.316551	0.0153428
0.316035	0.0154125
0.315396	0.0155918
0.315534	0.0149228
0.314872	0.0151361
0.313723	0.0157883
0.314772	0.0143658
0.315017	0.0139053
0.314738	0.0140597
0.314287	0.0142809
0.314801	0.0136092
0.314601	0.0138331
0.315359	0.0130555
0.314968	0.0135056
0.314138	0.0141561
0.31281	0.0151694
0.313205	0.0144299
0.31328	0.0141098
0.313481	0.0137931
0.314178	0.0131328
0.314822	0.0126577
0.314688	0.0129327
0.315014	0.0127469
0.315098	0.0128231
0.31513	0.0130411
0.314865	0.0133584
0.314901	0.0133243
0.315101	0.0131842
0.314318	0.0140094
0.313707	0.0143772
0.312415	0.0152333
0.312937	0.0143445
0.311338	0.0155727
0.311843	0.0146255
0.312985	0.0133306
0.313092	0.0132689
0.313869	0.0126284
0.313984	0.0127143
0.314442	0.0124304
0.314932	0.0121685
0.31668	0.0108991
0.317068	0.0110654
0.318196	0.0105828
0.318371	0.0110421
0.319548	0.0105344
0.319876	0.0108729
0.320736	0.0106454
0.32185	0.0102821
0.322137	0.0106983
0.322886	0.0106355
0.323418	0.0107413
0.324421	0.0104377
0.325407	0.0101978
0.325925	0.0104685
0.326423	0.010631
0.327014	0.0106315
0.327899	0.0103913
0.328385	0.0105928
0.329978	0.00975044
0.331139	0.00953872
0.331162	0.0102805
0.331277	0.010794
0.332068	0.0106194
0.333233	0.0101443
0.333937	0.0101558
0.335058	0.00981451
0.335421	0.0102718
0.336296	0.0100876
0.336833	0.0102631
0.337392	0.0104079
0.338122	0.01032
0.338617	0.0104449
0.339161	0.0105347
0.338057	0.0120025
0.337258	0.0129363
0.336922	0.0131985
0.337046	0.013031
0.337307	0.0128211
0.337432	0.0127224
0.336249	0.0138742
0.334544	0.0152856
0.333869	0.015345
0.334035	0.0147522
0.332084	0.0161187
0.3306	0.0167353
0.330378	0.0160608
0.329444	0.0162059
0.329552	0.015464
0.329289	0.0151698
0.329247	0.0147266
0.328364	0.0151739
0.328439	0.0147323
0.328065	0.0147375
0.328021	0.0144361
0.328735	0.0135279
0.329758	0.0125483
0.32982	0.0125857
0.329337	0.0131196
0.330187	0.0123257
0.330173	0.0125281
0.329796	0.0129414
0.329539	0.0132129
0.329406	0.0133806
0.329066	0.0136074
0.329249	0.0133706
0.327842	0.0145322
0.327623	0.0144265
0.327028	0.0146439
0.3263	0.0149436
0.325404	0.0153851
0.32498	0.0152572
0.326041	0.0138616
0.325817	0.0138691
0.325369	0.0140717
0.326165	0.0131713
0.325286	0.0139011
0.326406	0.0127808
0.326068	0.0132118
0.326875	0.0124711
0.32678	0.0126997
0.326999	0.0126433
0.326601	0.0131218
0.326928	0.0128213
0.325782	0.0138801
0.325202	0.0141778
0.324614	0.0144876
0.324117	0.0147225
0.324399	0.0141566
0.324932	0.0134547
0.324928	0.0133591
0.324422	0.0137931
0.324146	0.0139269
0.323725	0.0141801
0.323568	0.0140948
0.3242	0.0133685
0.324467	0.0131529
0.324468	0.0132398
0.324719	0.0130616
0.324882	0.0129224
0.325462	0.0124652
0.324993	0.013052
0.325578	0.0125741
0.326932	0.0115703
0.327072	0.0118159
0.327839	0.0114293
0.328245	0.0114328
0.328681	0.0114294
0.329172	0.0113133
0.32975	0.0112362
0.328396	0.0128965
0.328231	0.0130997
0.32826	0.0130357
0.327599	0.0136068
0.327716	0.0134118
0.328335	0.012831
0.328502	0.0127835
0.329394	0.0120518
0.329333	0.012379
0.329619	0.0122864
0.330418	0.011772
0.331206	0.0113432
0.332092	0.0109554
0.332695	0.0108945
0.333156	0.0110201
0.333658	0.0110137
0.334466	0.0107399
0.334981	0.0108671
0.335657	0.0107534
0.336622	0.0104014
0.336673	0.0109324
0.337394	0.0107423
0.33832	0.0104976
0.339304	0.0101891
0.339726	0.0104533
0.339943	0.0108348
0.340115	0.0111839
0.341044	0.0107565
0.341499	0.0108566
0.34179	0.0109975
0.341419	0.0117256
0.339801	0.0134905
0.338084	0.0148306
0.337828	0.0146365
0.337027	0.0149739
0.335709	0.015635
0.335517	0.0151912
0.334378	0.0158009
0.334391	0.0151224
0.334016	0.0150619
0.332249	0.016161
0.33155	0.0161219
0.330906	0.0159648
0.32905	0.0170057
0.328041	0.0170395
0.325843	0.0181146
0.324312	0.0183099
0.321882	0.0193658
0.319754	0.0199104
0.318311	0.0197285
0.316271	0.0201061
0.315557	0.019145
0.315581	0.0178562
0.314212	0.0179836
0.313012	0.017979
0.312782	0.0172556
0.312008	0.0171078
0.312284	0.0160641
0.312215	0.015595
0.312167	0.0151206
0.312317	0.0145821
0.312756	0.0139742
0.312647	0.0139524
0.312082	0.0142727
0.312903	0.0133874
0.313391	0.0129962
0.314106	0.0125432
0.313219	0.0135324
0.313837	0.0128835
0.315649	0.0114081
0.316397	0.0111766
0.316869	0.0112341
0.317898	0.0107966
0.318698	0.010658
0.319808	0.0103001
0.320081	0.0106997
0.321365	0.010165
0.322234	0.0101127
0.323165	0.00997934
0.323218	0.0106795
0.322164	0.0121747
0.321665	0.0128672
0.321504	0.0131178
0.322891	0.0119631
0.322792	0.0122602
0.323583	0.0117817
0.323773	0.0119473
0.324469	0.0116133
0.325378	0.0112014
0.326144	0.0109919
0.32561	0.0120088
0.326354	0.0116621
0.32617	0.0121531
0.326379	0.0122001
0.326536	0.0122868
0.326961	0.0121469
0.327748	0.0116473
0.327391	0.0122849
0.327353	0.0125199
0.32737	0.0126286
0.328265	0.0119306
0.329277	0.0113501
0.329923	0.0111595
0.329792	0.0117223
0.330921	0.0110283
0.331706	0.0108221
0.331651	0.011385
0.333006	0.0105191
0.333737	0.0104705
0.334202	0.0106065
0.334903	0.010511
0.335068	0.0109428
0.336596	0.0100549
0.336788	0.0105654
0.337506	0.0104886
0.337876	0.0107404
0.339353	0.00992741
0.339434	0.0105007
0.340257	0.0103099
0.341702	0.0096378
0.342688	0.00953014
0.343622	0.0094445
0.344816	0.00914906
0.346145	0.00880306
0.346487	0.00946232
0.346317	0.0104347
0.346676	0.0106883
0.346511	0.0113457
0.346772	0.0114981
0.347308	0.0113339
0.347173	0.011793
0.347178	0.012082
0.34651	0.0127868
0.346907	0.0123657
0.347121	0.0122716
0.347127	0.0124084
0.346958	0.0126752
0.347006	0.0126729
0.346933	0.0127652
0.347441	0.0122809
0.347135	0.0126428
0.346983	0.0128516
0.347739	0.0121874
0.347736	0.0123102
0.347763	0.012364
0.348187	0.0121336
0.34768	0.0127536
0.347263	0.0130922
0.346467	0.0137184
0.345875	0.0140412
0.345893	0.0138149
0.344646	0.0146134
0.344751	0.0141165
0.344917	0.0137171
0.343113	0.0150378
0.342443	0.0152359
0.342132	0.0149627
0.341303	0.0151925
0.340889	0.0150553
0.337541	0.0175433
0.337601	0.0164602
0.337063	0.0161401
0.336033	0.0163219
0.335429	0.0162001
0.334371	0.0163295
0.332603	0.0170649
0.331413	0.0170977
0.330431	0.0171373
0.32866	0.0178005
0.327529	0.0177855
0.32649	0.0176833
0.325441	0.0176731
0.324842	0.0171922
0.323802	0.0171998
0.323722	0.0163763
0.3243	0.0151665
0.323769	0.0151789
0.323151	0.0152957
0.322307	0.0155717
0.320968	0.0161883
0.319558	0.016807
0.318945	0.0165249
0.317877	0.0168339
0.317175	0.0167118
0.316347	0.0166261
0.316813	0.0154669
0.315881	0.0158517
0.31555	0.0156209
0.315959	0.014773
0.316424	0.0140531
0.315975	0.014262
0.316472	0.0135858
0.316672	0.0133965
0.317302	0.0128316
0.317004	0.0132528
0.317665	0.0126838
0.318225	0.0123739
0.318669	0.0121717
0.319098	0.0120771
0.319665	0.0118019
0.320509	0.011401
0.320884	0.0115236
0.322463	0.0105555
0.323752	0.0100525
0.324426	0.0101578
0.325361	0.0100523
0.326423	0.00983395
0.326994	0.0101199
0.327064	0.0106851
0.32675	0.0115435
0.326196	0.0123434
0.326516	0.012274
0.326607	0.0123391
0.327271	0.0119231
0.32737	0.0121022
0.327365	0.0123535
0.328671	0.0113638
0.329205	0.0112757
0.328991	0.0119171
0.329484	0.0117325
0.329234	0.012249
0.329325	0.0123496
0.329971	0.0119801
0.33002	0.0121506
0.329718	0.0126707
0.330556	0.0119925
0.331031	0.0118365
0.331122	0.0120207
0.331325	0.0121031
0.331254	0.0123548
0.331745	0.0120466
0.33199	0.0120292
0.330984	0.0131488
0.331184	0.0129316
0.331759	0.0124523
0.332646	0.0118177
0.332464	0.0121719
0.331472	0.0132113
0.33187	0.0128752
0.332577	0.0122628
0.333267	0.0118439
0.333634	0.0117467
0.334745	0.0110911
0.335021	0.0112446
0.335004	0.0116915
0.334858	0.0121009
0.334727	0.012496
0.334805	0.0125311
0.334707	0.0127427
0.334487	0.0129889
0.334467	0.0129611
0.334033	0.013424
0.332935	0.0142487
0.331506	0.0152905
0.329852	0.0163113
0.328774	0.0164758
0.328482	0.0160343
0.328237	0.0155382
0.327671	0.0155913
0.325505	0.0170403
0.323749	0.017752
0.323302	0.0171623
0.321675	0.0176652
0.320541	0.0177901
0.319516	0.0176978
0.318805	0.0174364
0.318839	0.0164792
0.318039	0.016378
0.317345	0.0163834
0.316884	0.0160521
0.315477	0.0165957
0.314884	0.016449
0.314506	0.0160875
0.314742	0.0152701
0.314545	0.0150058
0.314855	0.0143669
0.315824	0.0133206
0.316817	0.0124175
0.316929	0.0125814
0.317923	0.0118617
0.318757	0.0115461
0.319522	0.0112907
0.319949	0.0113667
0.32074	0.0111043
0.321534	0.010937
0.322138	0.0109559
0.322744	0.0109219
0.324166	0.0101857
0.325307	0.0098776
0.326427	0.00968469
0.327761	0.00928331
0.327729	0.0101273
0.328644	0.00998777
0.329939	0.00950778
0.330689	0.0096997
0.331942	0.00933126
0.333679	0.0086689
0.334591	0.00883506
0.336229	0.00834728
0.337479	0.00830515
0.338156	0.00870218
0.339109	0.00884749
0.340336	0.00870694
0.340912	0.00912912
0.341768	0.00922022
0.342964	0.00901238
0.343957	0.00902219
0.345058	0.00888389
0.34589	0.00906159
0.347044	0.00891275
0.346908	0.00991866
0.347706	0.00986335
0.34803	0.0102594
0.347146	0.0115966
0.347257	0.0118102
0.348656	0.0108015
0.349206	0.0107481
0.34985	0.0106727
0.350041	0.0109116
0.350636	0.0108551
0.35068	0.0112182
0.350379	0.0118639
0.350561	0.0118963
0.349838	0.0127437
0.349192	0.013301
0.349462	0.0129222
0.349569	0.0127911
0.3502	0.0121812
0.349972	0.0125313
0.350005	0.0125506
0.350826	0.0118348
0.350118	0.0126761
0.348279	0.0142652
0.347136	0.0149425
0.345118	0.0161799
0.344366	0.0160197
0.342911	0.0166536
0.340861	0.0176049
0.338664	0.0185366
0.336274	0.0193547
0.33463	0.0193551
0.332343	0.0199778
0.329888	0.0205441
0.328261	0.020319
0.325939	0.0206374
0.322288	0.0221861
0.32011	0.0221311
0.318196	0.0218676
0.318138	0.0199688
0.314924	0.0213085
0.315102	0.0193406
0.313221	0.0197494
0.312495	0.0190075
0.312265	0.0179861
0.310631	0.0184366
0.310469	0.0174353
0.309565	0.0173799
0.308264	0.0177472
0.308036	0.0170032
0.307099	0.0170957
0.307371	0.0160938
0.307846	0.0151154
0.30765	0.0149095
0.307128	0.0149973
0.307936	0.0140247
0.308118	0.0137252
0.308235	0.0135954
0.307983	0.0137932
0.308479	0.0132511
0.307535	0.0141446
0.306669	0.0147715
0.306868	0.0143669
0.307404	0.0137016
0.308349	0.012823
0.308989	0.0124189
0.309126	0.0125613
0.310041	0.012011
0.309915	0.0124854
0.311085	0.0116951
0.311903	0.0113457
0.313542	0.0103932
0.314864	0.0099149
0.316348	0.00939729
0.316962	0.00973746
0.318255	0.00943167
0.319726	0.00903245
0.320728	0.00911873
0.321345	0.00953441
0.323145	0.00878382
0.324609	0.00847186
0.326155	0.00818082
0.327464	0.00813596
0.328383	0.00844898
0.330085	0.00799241
0.331214	0.00814747
0.332587	0.00808324
0.334118	0.0078276
0.335384	0.00786092
0.337029	0.00756578
0.338535	0.0074476
0.339722	0.0076263
0.340313	0.00829862
0.340401	0.00925361
0.341886	0.00876559
0.342458	0.00920257
0.343046	0.00950747
0.343396	0.00992773
0.344271	0.00980598
0.344443	0.0103613
0.345842	0.00968763
0.346992	0.00939174
0.347715	0.00952848
0.347741	0.0102466
0.347866	0.0106866
0.348401	0.0106948
0.349333	0.0103212
0.349975	0.0103284
0.35066	0.0103046
0.351945	0.00972966
0.352556	0.00984734
0.354324	0.00894633
0.35562	0.00862669
0.35689	0.00839432
0.357394	0.00887309
0.35806	0.00912195
0.359166	0.00897706
0.359985	0.00909971
0.360896	0.00909331
0.361791	0.00904719
0.362182	0.00949129
0.362001	0.0103299
0.362266	0.0105953
0.3621	0.0111286
0.361418	0.0119704
0.361286	0.0122123
0.361668	0.0119669
0.362009	0.0117556
0.362255	0.0117314
0.363047	0.0112299
0.364308	0.0104206
0.364226	0.0109668
0.363396	0.0120158
0.362649	0.0126649
0.360701	0.0142566
0.358914	0.0153635
0.358474	0.0151164
0.358331	0.0146973
0.356842	0.0155616
0.355957	0.0156604
0.355277	0.0155075
0.354101	0.0158707
0.354045	0.0151474
0.353505	0.0150242
0.351891	0.0158329
0.351271	0.0157193
0.350473	0.0158193
0.349478	0.0159915
0.347345	0.0170978
0.346622	0.0166303
0.346264	0.0161122
0.345013	0.0163886
0.344187	0.0163906
0.341585	0.0178561
0.341091	0.0171868
0.338941	0.0180619
0.336554	0.0190237
0.33561	0.0184425
0.333912	0.0188095
0.33213	0.0190434
0.330593	0.0190146
0.327948	0.0200463
0.325701	0.0204794
0.323797	0.0204831
0.322021	0.0204072
0.3215	0.0192542
0.319284	0.0198823
0.317723	0.019794
0.315086	0.0207108
0.312797	0.0211441
0.310856	0.0211442
0.310609	0.0196855
0.307685	0.0209195
0.306603	0.0202347
0.305519	0.019633
0.30347	0.020216
0.302056	0.0200326
0.300926	0.0196227
0.299696	0.0193493
0.29783	0.0196593
0.297331	0.0188322
0.296492	0.0184101
0.297515	0.01646
0.295845	0.0172137
0.294965	0.0172965
0.293919	0.0175152
0.293077	0.0174259
0.292878	0.0167748
0.292817	0.0161974
0.291898	0.0165144
0.291814	0.0159515
0.291914	0.015333
0.292907	0.0141378
0.293435	0.0136697
0.293866	0.0133299
0.293874	0.0134504
0.295137	0.0124355
0.296139	0.0118702
0.297827	0.0108259
0.298933	0.0104954
0.300733	0.00961781
0.302141	0.00930195
0.302795	0.00969131
0.30452	0.00904289
0.306002	0.00878535
0.307371	0.00865387
0.309106	0.00820827
0.310389	0.00828567
0.311509	0.0084777
0.312776	0.00849289
0.314045	0.00850806
0.315008	0.0087586
0.31624	0.00874653
0.317228	0.0088952
0.318578	0.00873362
0.319573	0.00890894
0.320629	0.00898708
0.321274	0.00940687
0.322224	0.00940301
0.323515	0.00916947
0.324665	0.00906487
0.324918	0.00974178
0.325967	0.00957976
0.327774	0.00880964
0.32877	0.00893789
0.32835	0.010294
0.329646	0.00978333
0.33015	0.0101037
0.330631	0.0102909
0.330264	0.011243
0.3309	0.011075
0.331752	0.0108014
0.332522	0.0106244
0.332233	0.011433
0.332632	0.0114345
0.332452	0.0120212
0.332975	0.0117967
0.333421	0.0116964
0.332281	0.0130549
0.332001	0.0133487
0.332393	0.0129381
0.332916	0.0125313
0.33158	0.0138262
0.330982	0.014193
0.329815	0.0149468
0.32897	0.0153313
0.32806	0.0156866
0.327065	0.0160251
0.325731	0.0165416
0.32641	0.0151997
0.325379	0.0156857
0.323686	0.016658
0.324555	0.0151027
0.324777	0.0145203
0.325365	0.0137396
0.32522	0.0136724
0.324429	0.0142298
0.325263	0.0132499
0.325024	0.0134428
0.325493	0.0129955
0.326243	0.0123844
0.326207	0.0125987
0.325652	0.01315
0.325544	0.0133229
0.325648	0.0131991
0.326049	0.0128439
0.32738	0.0117417
0.327302	0.0121704
0.328219	0.0115978
0.328547	0.0116269
0.328575	0.0119163
0.328678	0.0121489
0.32936	0.0117719
0.328947	0.0124397
0.329552	0.0121284
0.330407	0.0116061
0.330376	0.0119993
0.331108	0.0115901
0.331425	0.0116765
0.33176	0.0116977
0.332369	0.0114733
0.33264	0.0115558
0.332994	0.0115908
0.333924	0.0110765
0.334648	0.0108999
0.335883	0.0102522
0.33634	0.0103886
0.336772	0.0106084
0.338085	0.00998874
0.339268	0.00960195
0.340479	0.00926316
0.340797	0.00986448
0.342549	0.00895779
0.343247	0.00925374
0.344941	0.00856701
0.345732	0.00882952
0.34692	0.00864914
0.347646	0.00891757
0.349236	0.00840332
0.350541	0.00817138
0.351965	0.00796265
0.353012	0.00813292
0.354516	0.00783671
0.356197	0.00744022
0.357047	0.00788998
0.358061	0.00811285
0.359066	0.00822407
0.35915	0.0090827
0.360339	0.00881669
0.360899	0.00919181
0.361729	0.0092421
0.362541	0.00928781
0.363597	0.00906229
0.364638	0.00896632
0.365241	0.00919732
0.36623	0.00906089
0.366957	0.0091976
0.367662	0.00928537
0.368052	0.00969399
0.368289	0.0100805
0.368869	0.0100802
0.369908	0.00968341
0.370351	0.00988643
0.370429	0.0103521
0.369952	0.0112296
0.368172	0.0131901
0.367167	0.0139855
0.366898	0.0138789
0.366272	0.0140618
0.365805	0.0140968
0.366177	0.0133747
0.366929	0.0125044
0.364525	0.0146606
0.362912	0.0155561
0.361512	0.016151
0.360325	0.0163763
0.359004	0.0167217
0.356129	0.0183845
0.352229	0.0204605
0.35022	0.0205786
0.348383	0.0205102
0.347031	0.0200478
0.344804	0.0205186
0.340802	0.0223226
0.337187	0.0234755
0.334557	0.0232812
0.331432	0.0236322
0.328265	0.0239815
0.325459	0.0239922
0.3233	0.0234186
0.320543	0.0235392
0.317372	0.0240726
0.315511	0.0232076
0.31417	0.0220944
0.310328	0.0235201
0.30995	0.0215812
0.309744	0.0199294
0.30873	0.0194067
0.307627	0.0190071
0.306919	0.018445
0.30648	0.0177345
0.307286	0.016039
0.306996	0.0157119
0.30606	0.0160825
0.306522	0.0151366
0.30678	0.0146192
0.305357	0.0156317
0.305353	0.0152903
0.304414	0.0156848
0.303653	0.0158669
0.303642	0.0153879
0.304859	0.0138919
0.3043	0.0142207
0.304934	0.0136254
0.304722	0.0137915
0.305354	0.0131735
0.306226	0.0124609
0.307606	0.0114953
0.308396	0.011257
0.309428	0.0108879
0.309555	0.0113863
0.310324	0.0112062
0.310825	0.0112704
0.312108	0.0106547
0.313601	0.0099504
0.314656	0.00979709
0.316283	0.00915649
0.317966	0.00863426
0.318652	0.00911011
0.319954	0.00891913
0.32135	0.00868362
0.322798	0.00847153
0.324436	0.00806888
0.325287	0.00846376
0.326555	0.00840937
0.32782	0.00837073
0.328914	0.00848023
0.329342	0.00913396
0.329967	0.00947552
0.331097	0.00929741
0.332507	0.00895726
0.333522	0.00897159
0.335167	0.00843326
0.336714	0.00814613
0.338404	0.00776896
0.33954	0.0079296
0.34085	0.00789423
0.342008	0.00799136
0.342934	0.00830831
0.343876	0.008508
0.344446	0.00895731
0.345021	0.00931236
0.346764	0.00856772
0.348312	0.00814916
0.349439	0.00819857
0.350461	0.00829258
0.35171	0.00818157
0.352062	0.00890601
0.352973	0.00894216
0.353848	0.00903854
0.354375	0.00941529
0.354718	0.00990062
0.354366	0.0108037
0.354968	0.0106794
0.355712	0.0104675
0.356616	0.0101513
0.356627	0.0107377
0.357476	0.0103977
0.356801	0.0115587
0.356181	0.0122942
0.355789	0.0127424
0.355207	0.0132445
0.355793	0.0126044
0.355194	0.0131192
0.355524	0.012741
0.355571	0.0126378
0.355827	0.0124634
0.354717	0.013503
0.355568	0.012565
0.355771	0.0124352
0.354904	0.0132244
0.354369	0.013573
0.351996	0.0154488
0.350523	0.0160855
0.350661	0.0152176
0.348406	0.0166904
0.345905	0.0180152
0.345368	0.0173594
0.344201	0.0173685
0.3424	0.0179936
0.340358	0.0186094
0.338654	0.0187139
0.337807	0.0181734
0.336279	0.0183091
0.334649	0.0185639
0.33409	0.0178378
0.332233	0.0184442
0.332092	0.0173069
0.330527	0.0177006
0.329571	0.0175581
0.328745	0.0172715
0.32822	0.016816
0.327066	0.0169572
0.326422	0.0167752
0.325191	0.016986
0.324068	0.0171231
0.322332	0.0177634
0.32199	0.0170583
0.321572	0.0165436
0.320343	0.0169127
0.319657	0.0166655
0.319241	0.0162816
0.318052	0.0167092
0.317191	0.0167605
0.316388	0.0167211
0.314922	0.0173576
0.314731	0.0166146
0.314182	0.0163983
0.312731	0.0169353
0.311931	0.0169165
0.31077	0.0172027
0.31026	0.0168644
0.309413	0.0169167
0.310319	0.0153266
0.310498	0.0148204
0.309655	0.0152412
0.309058	0.0152956
0.30893	0.0150541
0.307079	0.0163566
0.308439	0.014582
0.308691	0.0140634
0.309548	0.0132196
0.308851	0.0139785
0.310495	0.0124099
0.311306	0.0119683
0.310744	0.0128293
0.311122	0.012667
0.312366	0.0117637
0.313524	0.0111165
0.314722	0.0106178
0.316104	0.0100601
0.3173	0.00976126
0.318682	0.00938123
0.320154	0.00896769
0.321356	0.008894
0.322821	0.00858379
0.323562	0.00901184
0.324562	0.00906702
0.325909	0.00880591
0.326178	0.00956451
0.327389	0.00928563
0.328235	0.00942463
0.328647	0.00989144
0.330195	0.00928165
0.331318	0.00915151
0.332553	0.00893305
0.333028	0.00943114
0.334493	0.00893671
0.334594	0.00981258
0.335416	0.00981482
0.336303	0.00975789
0.336308	0.0104918
0.336783	0.0106429
0.338141	0.00996188
0.33937	0.00956243
0.340468	0.00936274
0.340097	0.0105067
0.340886	0.0103452
0.341607	0.0102654
0.341128	0.0112638
0.340399	0.0123231
0.34097	0.0119703
0.341791	0.0114665
0.342977	0.0107773
0.34335	0.0108971
0.344479	0.0103447
0.344975	0.0104305
0.345281	0.0107338
0.346216	0.0104126
0.346328	0.0108259
0.346972	0.010727
0.347588	0.0106603
0.348642	0.0101886
0.349259	0.010221
0.349288	0.0107835
0.349006	0.0114971
0.348958	0.0118563
0.349099	0.0119368
0.349075	0.0121187
0.348504	0.0127596
0.348303	0.0129471
0.347591	0.013584
0.34599	0.0147922
0.34551	0.0147715
0.345822	0.0140655
0.344642	0.0148287
0.344278	0.0146881
0.343938	0.0145592
0.342021	0.0159052
0.340028	0.0169342
0.340547	0.0156072
0.339666	0.0157841
0.339623	0.0151707
0.338897	0.0152789
0.338047	0.0154425
0.338296	0.014603
0.338582	0.0139711
0.338275	0.0140495
0.337942	0.0141889
0.338901	0.0130493
0.338893	0.0130069
0.338283	0.0135133
0.337694	0.0139576
0.336719	0.014585
0.336168	0.0146966
0.333728	0.0163723
0.334374	0.0150264
0.333529	0.0153629
0.333063	0.0152784
0.330159	0.0173913
0.328426	0.0179735
0.328197	0.0170851
0.326768	0.0174832
0.326098	0.0171402
0.32393	0.0181608
0.321987	0.0188324
0.320345	0.0189589
0.320342	0.017655
0.319446	0.0174079
0.318856	0.0169537
0.318524	0.0164535
0.317128	0.0169263
0.317312	0.0159398
0.318076	0.014674
0.31874	0.0138482
0.319472	0.013157
0.319097	0.0135051
0.318874	0.0136825
0.320336	0.0122774
0.320261	0.0125533
0.32028	0.0126733
0.319614	0.0134275
0.320137	0.0129203
0.320273	0.0128789
0.320606	0.0127006
0.32064	0.0127528
0.320528	0.0129648
0.319935	0.0135461
0.320058	0.0133345
0.320559	0.0128025
0.32164	0.0119161
0.320648	0.0131465
0.321706	0.012235
0.321159	0.0129394
0.321015	0.0131318
0.321669	0.012607
0.320789	0.0135535
0.321089	0.0132266
0.320291	0.0139389
0.319731	0.0142873
0.317977	0.0155578
0.31699	0.0159313
0.317116	0.0151892
0.315559	0.016131
0.314832	0.016118
0.314033	0.0162175
0.314787	0.0149036
0.31348	0.01577
0.313266	0.0154286
0.313059	0.0151742
0.313802	0.0141879
0.313389	0.014441
0.312796	0.0147655
0.3129	0.0143971
0.312127	0.0147974
0.312828	0.013872
0.313409	0.0132711
0.314313	0.0125646
0.314851	0.0122628
0.315322	0.0121247
0.315985	0.0118262
0.317139	0.0111955
0.315971	0.0127114
0.316291	0.0126169
0.3171	0.0120426
0.316553	0.0127658
0.31566	0.0137379
0.315624	0.0136363
0.315952	0.0133467
0.316033	0.0133275
0.316023	0.0133664
0.31614	0.0132557
0.316361	0.0130851
0.315163	0.0142703
0.315529	0.0137507
0.315482	0.0137305
0.315432	0.0136808
0.316363	0.0128312
0.317532	0.0119133
0.318384	0.0114368
0.319131	0.0112284
0.319528	0.01135
0.318828	0.0124714
0.319115	0.0124006
0.319337	0.0124241
0.319225	0.0127646
0.319598	0.0125566
0.319803	0.012548
0.319782	0.012721
0.319753	0.0128886
0.3189	0.0137788
0.318942	0.0136084
0.318427	0.0139749
0.318583	0.0137272
0.317433	0.0146231
0.3151	0.016482
0.31502	0.0158867
0.314924	0.0153971
0.314412	0.0154224
0.313886	0.0155359
0.313678	0.0152637
0.312586	0.0158393
0.313308	0.0147332
0.313542	0.0142601
0.313383	0.0142234
0.313832	0.0136894
0.314807	0.0127781
0.314422	0.0132397
0.31509	0.0126671
0.3153	0.0126578
0.315966	0.0122153
0.316294	0.0121512
0.31706	0.0117821
0.318372	0.0109912
0.319329	0.0106502
0.319709	0.0109305
0.319218	0.0118909
0.319799	0.0116992
0.320019	0.0118654
0.320528	0.0117679
0.320653	0.0120094
0.320267	0.0126401
0.32025	0.0128666
0.321128	0.0122159
0.321922	0.0117988
0.321915	0.0121903
0.32239	0.0119977
0.323573	0.0112483
0.324072	0.0113095
0.325399	0.0105697
0.325514	0.0110876
0.326271	0.0109038
0.327816	0.0100329
0.327691	0.0108414
0.328664	0.0104689
0.329895	0.00997094
0.330115	0.0105267
0.330383	0.0108681
0.33214	0.00984508
0.333353	0.00957243
0.33458	0.00929698
0.335687	0.00913035
0.336152	0.0095817
0.336546	0.0100371
0.337771	0.00963983
0.338448	0.00981409
0.3397	0.00937407
0.341132	0.00888306
0.342278	0.00877582
0.343137	0.00896571
0.343238	0.00974725
0.343978	0.00979179
0.344944	0.00963816
0.345804	0.00960257
0.347156	0.00912412
0.347831	0.00938597
0.349074	0.00905754
0.350013	0.00911564
0.350687	0.00932804
0.351012	0.00984488
0.352106	0.0095598
0.353078	0.0093582
0.354217	0.00909418
0.354444	0.00969535
0.354957	0.00992007
0.355541	0.0100159
0.355672	0.0104916
0.356315	0.0104131
0.35627	0.0109083
0.356369	0.0112378
0.357228	0.0108059
0.357657	0.0108731
0.359018	0.0100357
0.359227	0.0104005
0.359948	0.0102835
0.360495	0.0102622
0.36073	0.0105266
0.360221	0.0113727
0.361177	0.0107805
0.362332	0.0101755
0.362365	0.0106878
0.3622	0.0112308
0.362741	0.0110368
0.363391	0.0107767
0.363545	0.0109873
0.363211	0.0115844
0.363047	0.0118558
0.361207	0.0137102
0.359196	0.015274
0.357705	0.0159899
0.358214	0.0147345
0.35804	0.0143606
0.358	0.0140172
0.356374	0.0151169
0.354527	0.0160714
0.352744	0.0169311
0.350985	0.017552
0.34906	0.0181666
0.347625	0.0182976
0.345211	0.0192375
0.341338	0.0211253
0.338191	0.022
0.33571	0.0220933
0.333279	0.022299
0.331736	0.021545
0.330816	0.020405
0.329723	0.019678
0.329104	0.0187626
0.328394	0.0181412
0.327305	0.0179507
0.326879	0.0172632
0.325772	0.017276
0.325025	0.0170724
0.323243	0.0178593
0.322954	0.0170913
0.322646	0.0165638
0.322386	0.0159816
0.321232	0.0163375
0.320361	0.0164198
0.318188	0.0177082
0.315564	0.019036
0.313507	0.019551
0.312894	0.0187615
0.312594	0.0178554
0.311788	0.0175362
0.31014	0.0180456
0.309111	0.0179328
0.308211	0.0177597
0.307289	0.0175846
0.305304	0.0184499
0.304054	0.018579
0.302598	0.0187336
0.303014	0.0172679
0.30305	0.0164147
0.303278	0.0155392
0.303816	0.0146489
0.303455	0.0146588
0.303191	0.0146247
0.302733	0.0148483
0.302549	0.0147596
0.304006	0.0132096
0.305469	0.012021
0.306216	0.0117144
0.306548	0.0118546
0.307425	0.0114773
0.308234	0.0112505
0.308738	0.0112507
0.309868	0.0107928
0.310552	0.0107872
0.310271	0.011617
0.311422	0.0110252
0.312258	0.0108506
0.313136	0.0107113
0.313601	0.0108708
0.314166	0.0109461
0.314523	0.0112359
0.31527	0.0111106
0.316145	0.0108657
0.317502	0.0102072
0.317777	0.0106945
0.318312	0.0107839
0.319943	0.00992244
0.321827	0.00901244
0.323173	0.0087729
0.32447	0.00866101
0.325036	0.00921492
0.327284	0.00814842
0.32845	0.00823792
0.329732	0.00819928
0.33141	0.00784484
0.33308	0.00755737
0.33435	0.00763759
0.335795	0.00755684
0.337404	0.00735741
0.338673	0.00753125
0.340612	0.00703685
0.342306	0.0068943
0.344143	0.00659982
0.345349	0.00694863
0.347206	0.00663066
0.348771	0.0066473
0.350544	0.00648634
0.351757	0.00685435
0.352468	0.00754005
0.353709	0.00759761
0.35492	0.00766719
0.356084	0.00777263
0.357196	0.00789817
0.358232	0.00805766
0.358617	0.00870298
0.358633	0.00953158
0.358927	0.00993743
0.358805	0.010658
0.359835	0.0101761
0.359651	0.0108881
0.359388	0.0114912
0.359247	0.0117853
0.359483	0.0117382
0.359934	0.0115002
0.359903	0.0117277
0.359037	0.0126204
0.357771	0.0138096
0.357254	0.0139896
0.356925	0.0140252
0.356368	0.0142101
0.354663	0.0153661
0.35257	0.0167224
0.350457	0.0176066
0.349944	0.0169661
0.349185	0.0167083
0.34584	0.0188373
0.34379	0.01934
0.341525	0.0198516
0.34011	0.0194801
0.338633	0.0193559
0.336976	0.0193517
0.334788	0.0197771
0.331877	0.0207966
0.330067	0.020645
0.328984	0.0199101
0.32914	0.0182665
0.32869	0.0174674
0.326612	0.0182823
0.324434	0.0190986
0.325126	0.0171608
0.323822	0.0174746
0.324082	0.0162969
0.323321	0.016313
0.3239	0.0151052
0.323353	0.0151492
0.322159	0.0157047
0.32158	0.0156072
0.321462	0.015198
0.321701	0.0145612
0.320899	0.0149641
0.319671	0.015633
0.320711	0.0141685
0.320526	0.014141
0.321335	0.0132327
0.321886	0.0127378
0.322403	0.0124434
0.323498	0.0116482
0.324218	0.0113567
0.32572	0.0104482
0.327047	0.00992194
0.328098	0.00972976
0.329387	0.00933698
0.330682	0.00904484
0.332166	0.00866955
0.332719	0.00917989
0.333921	0.00902157
0.335417	0.00857676
0.336626	0.00850056
0.337907	0.00836818
0.339923	0.00761175
0.341274	0.00761625
0.342243	0.00797372
0.343761	0.00774269
0.345523	0.00728893
0.347202	0.00703341
0.348015	0.00760838
0.349352	0.00760937
0.350699	0.00757439
0.35175	0.00778422
0.352787	0.0079872
0.353723	0.00820752
0.354639	0.00839471
0.355342	0.00873992
0.356315	0.00870134
0.357309	0.00868682
0.358642	0.00839871
0.359271	0.00875931
0.359696	0.0092417
0.360501	0.0092563
0.361653	0.00898791
0.362888	0.00867175
0.363789	0.00873352
0.364352	0.00910688
0.365146	0.00917482
0.366297	0.00893452
0.367544	0.00862816
0.368414	0.0087048
0.367969	0.00985996
0.368385	0.0100547
0.368701	0.0102976
0.369049	0.0104207
0.369182	0.0107352
0.369496	0.0108021
0.369447	0.0112344
0.368784	0.0121444
0.3676	0.0131918
0.367045	0.0135799
0.365162	0.0150132
0.364725	0.0147565
0.362963	0.0158197
0.363141	0.0149601
0.363121	0.0143916
0.362043	0.0149091
0.361836	0.0145721
0.359763	0.0158873
0.3585	0.0162208
0.358101	0.0157792
0.35739	0.0156339
0.355684	0.0165613
0.355677	0.0156829
0.354726	0.0158941
0.353109	0.0165691
0.351591	0.0170759
0.34937	0.0181577
0.346974	0.0190379
0.344484	0.0198067
0.34366	0.0189525
0.342332	0.0188055
0.341992	0.0178516
0.341351	0.0173168
0.338923	0.0184611
0.336981	0.018964
0.334963	0.0194937
0.334296	0.0186799
0.331844	0.0196249
0.332351	0.0176863
0.330951	0.0179274
0.32977	0.0179089
0.330155	0.0165446
0.3294	0.0163879
0.329206	0.0159049
0.329094	0.0153944
0.32869	0.01526
0.328555	0.0148812
0.326628	0.0161148
0.326781	0.0153118
0.325964	0.0155156
0.326536	0.0145432
0.326107	0.0146371
0.326134	0.0142433
0.325304	0.0147206
0.325419	0.014207
0.32353	0.0157066
0.321467	0.0169886
0.320623	0.0168784
0.318682	0.0178022
0.316574	0.0187018
0.314289	0.0195993
0.313594	0.0188438
0.313795	0.0174622
0.312042	0.0181324
0.310285	0.0186155
0.309155	0.0184227
0.307535	0.0187307
0.304037	0.0206232
0.304614	0.0185202
0.303736	0.0181885
0.304068	0.0168574
0.302912	0.0171553
0.301811	0.0174049
0.301861	0.0165753
0.301165	0.0165554
0.301631	0.0155021
0.30069	0.0158925
0.300229	0.01582
0.29952	0.0159581
0.298522	0.0163838
0.298735	0.015587
0.299371	0.0146575
0.299648	0.0142309
0.299526	0.0142583
0.299329	0.0142815
0.299515	0.0140161
0.29951	0.0139117
0.300992	0.0125342
0.301969	0.0119114
0.303078	0.0112964
0.303605	0.0114343
0.304553	0.0110646
0.305144	0.0110509
0.306897	0.0100863
0.308487	0.00946289
0.309629	0.00936069
0.311209	0.00888364
0.312469	0.00883099
0.314265	0.00829256
0.315203	0.00861463
0.316432	0.0086313
0.31751	0.00873896
0.319075	0.00840385
0.321312	0.00752006
0.323045	0.00731629
0.324631	0.00723841
0.325589	0.00775444
0.326914	0.0077563
0.328618	0.00748955
0.330224	0.00734964
0.332042	0.00705187
0.333337	0.00730587
0.335125	0.00700614
0.336437	0.00717396
0.337122	0.00789083
0.338284	0.00801573
0.339522	0.00804053
0.341455	0.00740977
0.342198	0.00796276
0.343611	0.00781531
0.34502	0.00772895
0.346047	0.00793914
0.34724	0.00795038
0.348547	0.00787976
0.349532	0.00812027
0.350556	0.00825962
0.351151	0.00871991
0.352012	0.00882385
0.351779	0.0099313
0.351256	0.0110111
0.352162	0.010606
0.352848	0.0105033
0.352121	0.0115816
0.353491	0.0106297
0.354338	0.0103527
0.355353	0.0099566
0.35636	0.00967362
0.356518	0.0101965
0.357138	0.0101559
0.357681	0.0102297
0.358438	0.010093
0.358987	0.0101713
0.359963	0.00989307
0.359868	0.0105785
0.360013	0.0109083
0.3605	0.0108253
0.36053	0.0111707
0.360453	0.0115796
0.359873	0.0123634
0.358216	0.0138117
0.356709	0.0148876
0.356363	0.0146027
0.355562	0.0148396
0.353874	0.015739
0.352704	0.0159838
0.351429	0.0163913
0.35061	0.0163835
0.350129	0.0160209
0.349336	0.015967
0.3483	0.0161542
0.347784	0.0158031
0.347362	0.0154831
0.346404	0.0158029
0.34471	0.0166813
0.344105	0.0163006
0.343157	0.016379
0.34265	0.0160463
0.342296	0.015637
0.340802	0.0164484
0.339568	0.0166523
0.33804	0.0172365
0.335631	0.018382
0.333479	0.0191749
0.332449	0.0187228
0.329885	0.019789
0.328262	0.0197267
0.324284	0.0217564
0.322868	0.0210702
0.321629	0.0203374
0.318174	0.0218581
0.316039	0.021886
0.313548	0.0221861
0.312421	0.0212004
0.313259	0.0186659
0.311153	0.0193703
0.310442	0.0187357
0.309887	0.0180719
0.309358	0.017471
0.308947	0.0169062
0.308897	0.0162529
0.309036	0.0155629
0.309417	0.0147667
0.309783	0.0142076
0.309872	0.01402
0.310011	0.0137699
0.311428	0.0124759
0.311073	0.0130195
0.312042	0.0122909
0.312831	0.0118544
0.313498	0.0116294
0.313974	0.0116358
0.313494	0.0124516
0.314223	0.0119884
0.315332	0.011277
0.315064	0.0120077
0.316104	0.0114001
0.316813	0.0112207
0.317931	0.0107359
0.318469	0.0108305
0.317951	0.0118279
0.319251	0.0110008
0.32089	0.0100422
0.322304	0.00955782
0.322716	0.00999742
0.323252	0.0102642
0.323812	0.0104387
0.324845	0.0101619
0.326087	0.00974673
0.326835	0.00986475
0.327957	0.00961864
0.328784	0.00968985
0.32986	0.00951405
0.33064	0.00964312
0.331793	0.00943007
0.332921	0.00923946
0.334654	0.00857096
0.336214	0.00818016
0.33773	0.00792549
0.339058	0.00790101
0.340461	0.00778584
0.342043	0.00755108
0.343206	0.00771045
0.344278	0.00793046
0.344892	0.00846066
0.346415	0.00806821
0.34678	0.00878356
0.347782	0.00876314
0.348355	0.0091834
0.349169	0.00926802
0.349525	0.00969239
0.349781	0.0101509
0.350942	0.00969579
0.350839	0.0104632
0.351821	0.0101267
0.351597	0.0109152
0.352032	0.0109424
0.351734	0.0116355
0.351868	0.0117379
0.351964	0.011845
0.352442	0.0115729
0.352388	0.0118356
0.353083	0.0114303
0.353	0.0117771
0.352665	0.012337
0.353151	0.0119842
0.353727	0.0115799
0.353088	0.0123888
0.352659	0.0128236
0.352852	0.0126075
0.352709	0.0127844
0.352599	0.0129017
0.353191	0.0123591
0.352797	0.0128108
0.353268	0.0123856
0.353569	0.0121569
0.352987	0.0128498
0.352426	0.0132439
0.352351	0.0132208
0.351633	0.0137107
0.352026	0.0131143
0.352263	0.0127896
0.351743	0.0132401
0.351745	0.0131805
0.350677	0.0140437
0.349292	0.0150494
0.348843	0.0149376
0.348975	0.0143295
0.349852	0.0131989
0.348864	0.0139682
0.348319	0.014171
0.348661	0.0135614
0.349048	0.0130277
0.349191	0.0127935
0.349014	0.0129233
0.348703	0.0131019
0.347368	0.0141852
0.347049	0.0141396
0.346997	0.0139314
0.345469	0.0149987
0.343468	0.016319
0.342942	0.0160055
0.341417	0.016632
0.340329	0.0167017
0.339826	0.0162873
0.338617	0.0166242
0.336665	0.017495
0.33536	0.017631
0.335266	0.0166516
0.334438	0.0166569
0.332242	0.0178778
0.330767	0.0180995
0.32844	0.0190155
0.327895	0.0181775
0.325361	0.0194145
0.325763	0.0176882
0.325798	0.0165773
0.325879	0.0157624
0.324553	0.0163629
0.324679	0.015534
0.324479	0.015197
0.324166	0.0150722
0.322896	0.0157567
0.321757	0.0161488
0.321338	0.0158609
0.321565	0.0151093
0.321114	0.0151314
0.318828	0.0167152
0.315979	0.0184527
0.315689	0.0175063
0.314804	0.0173699
0.314602	0.0165865
0.312938	0.0174627
0.311507	0.0179296
0.311294	0.0171213
0.309692	0.017667
0.308807	0.017517
0.308322	0.0170345
0.307357	0.0171622
0.304493	0.0189714
0.303915	0.0182542
0.301722	0.0190305
0.301344	0.0180775
0.300906	0.0174739
0.299785	0.0175987
0.298322	0.0179549
0.297973	0.017347
0.296766	0.0175987
0.296886	0.0166438
0.297413	0.0155696
0.296223	0.0162059
0.29599	0.015842
0.296408	0.0150216
0.297601	0.0137576
0.297571	0.0137942
0.296826	0.0143927
0.297704	0.0134661
0.297727	0.013588
0.298763	0.0127328
0.298433	0.0132476
0.299419	0.0124495
0.300507	0.0118064
0.30109	0.0116978
0.301541	0.011727
0.301702	0.0120408
0.303062	0.0111809
0.304118	0.0108279
0.304925	0.010749
0.305934	0.0104814
0.30639	0.0107825
0.307141	0.0107293
0.308641	0.0100791
0.30904	0.0104753
0.310198	0.0101151
0.311532	0.00968593
0.312154	0.0100205
0.312575	0.0104047
0.312904	0.0107754
0.314241	0.0101705
0.315653	0.00964087
0.317056	0.00923928
0.318327	0.00905099
0.319771	0.00873911
0.320955	0.00876988
0.322363	0.00856866
0.323892	0.00826748
0.32522	0.00824008
0.326272	0.00846634
0.327783	0.00819914
0.327745	0.00929113
0.327837	0.0100931
0.328258	0.0104058
0.32925	0.0101846
0.330203	0.00998103
0.331602	0.00942799
0.332352	0.00956763
0.333732	0.00913918
0.334442	0.00941074
0.334832	0.00989533
0.335873	0.00967966
0.336266	0.0100666
0.336655	0.0103701
0.337174	0.0105392
0.336538	0.0116893
0.336727	0.0118211
0.337168	0.0116907
0.338256	0.0109918
0.337872	0.0117234
0.338697	0.0112467
0.338473	0.0118369
0.338771	0.0118256
0.338321	0.0124398
0.337728	0.0130577
0.336924	0.0137453
0.336472	0.0140041
0.336229	0.014067
0.335755	0.0142486
0.336055	0.0136732
0.33552	0.0139855
0.334607	0.0146473
0.333876	0.0148833
0.333041	0.0152336
0.333447	0.0143554
0.33258	0.0147479
0.331801	0.0150812
0.330307	0.015921
0.329232	0.0161739
0.328777	0.0159336
0.32804	0.0159544
0.327382	0.0159251
0.327053	0.01564
0.326928	0.015191
0.32661	0.0150213
0.325605	0.0155578
0.326048	0.0146627
0.326185	0.0142153
0.32619	0.0139909
0.325794	0.0141416
0.325148	0.0144619
0.325274	0.0140641
0.324587	0.0145065
0.323964	0.0147761
0.322964	0.0153489
0.321289	0.0162943
0.321012	0.0159164
0.320387	0.01587
0.320343	0.0153434
0.319785	0.0153608
0.318629	0.0159077
0.318923	0.0150526
0.318333	0.0152322
0.317674	0.0154085
0.317546	0.0151096
0.31727	0.0149158
0.316906	0.0148746
0.315037	0.0161529
0.31445	0.016088
0.313916	0.0159708
0.313261	0.0159813
0.312938	0.0157144
0.312773	0.0153346
0.3135	0.0142807
0.314193	0.0135177
0.314676	0.013081
0.315067	0.0127601
0.316363	0.0117492
0.31661	0.0118937
0.317192	0.0117427
0.315982	0.0131643
0.316639	0.0126445
0.316979	0.0125097
0.317775	0.0120135
0.318243	0.0119172
0.31848	0.0120338
0.3192	0.0116826
0.31936	0.0119298
0.319697	0.0119223
0.320277	0.0117614
0.320969	0.011506
0.321151	0.0117621
0.32126	0.0119778
0.321835	0.0117855
0.322288	0.0116553
0.322097	0.0122081
0.321714	0.0128156
0.322622	0.0120976
0.322857	0.0120962
0.322496	0.0126525
0.323712	0.0116754
0.32451	0.0112834
0.325319	0.0110456
0.325793	0.0111894
0.327177	0.0104522
0.328822	0.00962096
0.330092	0.00928487
0.331757	0.00867274
0.332557	0.00894833
0.333521	0.00905948
0.33506	0.00861246
0.336548	0.00831616
0.337584	0.00847494
0.338794	0.00841664
0.339656	0.00867226
0.340358	0.0090907
0.340714	0.0096389
0.340741	0.0103323
0.341438	0.0103306
0.341306	0.0110427
0.340499	0.0121775
0.340713	0.0121576
0.339778	0.0132002
0.339267	0.0136347
0.337958	0.0146796
0.338171	0.0141128
0.337225	0.0147645
0.337412	0.0142401
0.336829	0.0144778
0.336026	0.014954
0.335013	0.0154842
0.334638	0.0152307
0.334182	0.0151481
0.333038	0.0156442
0.331693	0.0162597
0.330019	0.0170106
0.329601	0.0165231
0.328861	0.016375
0.327338	0.0170515
0.327337	0.0161056
0.326325	0.0163179
0.32654	0.0154641
0.326033	0.0154393
0.326149	0.0148376
0.325955	0.0146652
0.325435	0.0146762
0.325522	0.0142392
0.326578	0.013053
0.326836	0.0128978
0.326638	0.0131459
0.326829	0.0129958
0.327061	0.0128181
0.32633	0.013582
0.325849	0.0138701
0.325173	0.0143513
0.325223	0.0140488
0.325288	0.013828
0.324919	0.0140193
0.325025	0.0137095
0.325838	0.0128369
0.326285	0.012581
0.326409	0.0125775
0.327467	0.0117944
0.327536	0.0120853
0.327295	0.0125736
0.327067	0.012886
0.327455	0.0126057
0.327323	0.0128834
0.326576	0.0135938
0.325841	0.0141166
0.326147	0.0136308
0.326962	0.0128631
0.326933	0.0129527
0.327306	0.0126748
0.32691	0.0132002
0.327233	0.0128992
0.32765	0.0125953
0.328604	0.0118974
0.32935	0.0115726
0.329031	0.0122151
0.329303	0.0121718
0.33008	0.0117019
0.328728	0.01328
0.329711	0.0124123
0.330669	0.0117073
0.331462	0.0113076
0.331197	0.0119826
0.331222	0.0122372
0.331196	0.0124757
0.331404	0.0124216
0.331141	0.0127885
0.331694	0.0123821
0.330971	0.0131852
0.331643	0.0125577
0.331759	0.0125995
0.33066	0.0136742
0.330519	0.0137003
0.329025	0.0148563
0.327782	0.0155463
0.327979	0.0149021
0.32779	0.0147067
0.326738	0.0152294
0.32626	0.0151855
0.325747	0.0151224
0.325108	0.0152101
0.324201	0.0155384
0.324076	0.0151587
0.324005	0.0148376
0.323065	0.0153137
0.321957	0.0158142
0.320765	0.01631
0.320855	0.0155301
0.321024	0.0149171
0.320415	0.0151246
0.319914	0.0151688
0.319547	0.0151228
0.319622	0.0147064
0.3182	0.0156716
0.318453	0.0149352
0.317849	0.0150706
0.318576	0.0140928
0.31754	0.0148409
0.317746	0.0142226
0.316872	0.01486
0.3163	0.0149998
0.315341	0.0155046
0.313922	0.0162895
0.313179	0.0163329
0.31333	0.0155155
0.312713	0.0156269
0.31254	0.0152611
0.312686	0.0147724
0.313103	0.0140998
0.313148	0.0138773
0.313016	0.0138496
0.312805	0.0140416
0.313405	0.0133507
0.313546	0.0132103
0.314986	0.011982
0.315966	0.0114391
0.317053	0.0109143
0.317891	0.0107467
0.317763	0.0114952
0.31858	0.0112009
0.318806	0.0114619
0.319807	0.0109883
0.32045	0.0109538
0.321417	0.0106009
0.322149	0.0105722
0.323532	0.00996389
0.324451	0.00987513
0.326058	0.00920204
0.327566	0.00873901
0.328693	0.00872847
0.329614	0.00891433
0.330863	0.00877346
0.331957	0.00874181
0.333366	0.00847341
0.334241	0.00877194
0.335688	0.00843665
0.336662	0.00862308
0.338122	0.00830432
0.339845	0.00783386
0.341156	0.00782788
0.341901	0.00836162
0.342892	0.00850829
0.343867	0.0086239
0.344603	0.00894485
0.346038	0.00856383
0.346635	0.00894899
0.347505	0.00905236
0.348322	0.00916864
0.349764	0.0086605
0.350365	0.00904288
0.350976	0.00930221
0.352087	0.00907396
0.352669	0.00935716
0.353517	0.00938569
0.354544	0.00922773
0.354841	0.00976764
0.355693	0.00965763
0.356207	0.00989979
0.357524	0.00934141
0.357478	0.0100991
0.357481	0.0106185
0.357033	0.0114511
0.356774	0.0118973
0.355995	0.0127375
0.354978	0.0136879
0.354626	0.0138005
0.353999	0.01412
0.353091	0.0145861
0.353604	0.0137201
0.352978	0.0139603
0.3525	0.0140903
0.352443	0.0137952
0.350172	0.0156092
0.348344	0.0165737
0.346783	0.0171502
0.344967	0.0176888
0.342878	0.0184607
0.340573	0.0191734
0.3392	0.0190496
0.336333	0.0201736
0.335862	0.0189335
0.336127	0.0174143
0.335021	0.0174056
0.33233	0.0188091
0.331025	0.0186021
0.329576	0.0186208
0.329185	0.0177342
0.328771	0.0171086
0.329092	0.0159046
0.32869	0.0156364
0.328904	0.0149
0.329151	0.0142582
0.329125	0.0140655
0.328734	0.0142188
0.32843	0.0142514
0.328579	0.0138793
0.328386	0.0138464
0.327692	0.0143253
0.327572	0.0141543
0.326977	0.0144739
0.327162	0.0140332
0.326761	0.014257
0.32442	0.0161364
0.322881	0.0168597
0.32237	0.0164506
0.321863	0.016202
0.322129	0.0153444
0.323305	0.0138458
0.322523	0.0144623
0.323485	0.013344
0.323984	0.0128891
0.324061	0.0129046
0.324289	0.012798
0.325099	0.0122192
0.32509	0.0123674
0.325101	0.0124853
0.325009	0.0127426
0.323714	0.0139537
0.324094	0.0134341
0.324154	0.0133215
0.324528	0.012944
0.325525	0.0121226
0.325764	0.0121865
0.325402	0.0127303
0.324716	0.0135319
0.324576	0.0136044
0.324308	0.0136839
0.323963	0.0137985
0.324132	0.0135319
0.324089	0.0134199
0.32474	0.01278
0.324738	0.0128533
0.325653	0.012141
0.325551	0.0125031
0.325891	0.0123355
0.326509	0.0120363
0.325787	0.0129351
0.325893	0.0128709
0.326614	0.0123266
0.326615	0.0125509
0.325833	0.0134336
0.324214	0.0148455
0.324522	0.0142259
0.324445	0.014037
0.323136	0.0150135
0.323468	0.0143483
0.324349	0.0133207
0.324343	0.013281
0.324664	0.0129837
0.325008	0.0127347
0.324473	0.0133096
0.32546	0.012391
0.325859	0.0122418
0.325563	0.0127344
0.325173	0.0131286
0.325108	0.0132523
0.325508	0.012867
0.32502	0.0133455
0.326033	0.0124863
0.326168	0.012581
0.327078	0.0119108
0.327953	0.0114273
0.329132	0.0107412
0.329358	0.0110946
0.330593	0.0104795
0.331305	0.0104747
0.332405	0.0100916
0.333122	0.0100855
0.334451	0.00961359
0.335256	0.00963593
0.335791	0.00991449
0.336262	0.0101832
0.33561	0.0113399
0.335388	0.0119472
0.33515	0.0124149
0.334844	0.0127637
0.334179	0.0134394
0.334419	0.0131195
0.334556	0.0129617
0.334506	0.0129977
0.33377	0.0136197
0.333125	0.0141098
0.334197	0.0129458
0.333445	0.0136478
0.334172	0.0129218
0.334498	0.0126854
0.334178	0.0130419
0.333723	0.0133873
0.333915	0.0132074
0.334609	0.0125572
0.334994	0.0123618
0.334762	0.0126226
0.33466	0.0128079
0.334911	0.0126186
0.335324	0.0123239
0.334784	0.0130203
0.335444	0.012444
0.335762	0.0123302
0.33613	0.0121621
0.335948	0.0124623
0.337376	0.011317
0.337876	0.0112477
0.337763	0.0117371
0.338381	0.0114768
0.339415	0.0108678
0.340348	0.0104871
0.341437	0.0100483
0.341722	0.0103974
0.34196	0.0107717
0.341885	0.0113391
0.343105	0.0106142
0.344208	0.0101579
0.345329	0.00977165
0.345935	0.00992974
0.345832	0.0106992
0.347265	0.00990268
0.347384	0.0104222
0.348378	0.0100706
0.349143	0.0100051
0.349852	0.010024
0.350591	0.0100332
0.35178	0.00959327
0.353606	0.00867055
0.353718	0.00943675
0.353932	0.00998749
0.354508	0.0101072
0.354395	0.0108188
0.354009	0.011591
0.354226	0.0116442
0.35471	0.0114822
0.354249	0.0121161
0.353329	0.0129885
0.353454	0.0128332
0.353248	0.0129353
0.353524	0.0126533
0.350639	0.0151864
0.349737	0.0154474
0.348692	0.015748
0.347257	0.0163111
0.345188	0.0173318
0.343028	0.0181928
0.342317	0.0176116
0.342597	0.0163273
0.341583	0.0164143
0.340913	0.0162372
0.339717	0.0165019
0.340033	0.0154487
0.339437	0.015353
0.338935	0.0152394
0.339119	0.0145506
0.338795	0.01451
0.33806	0.0148412
0.337713	0.0147214
0.337888	0.0141565
0.336611	0.0150757
0.337146	0.0142006
0.337349	0.0137514
0.336419	0.0143787
0.337219	0.0133708
0.336707	0.0137669
0.336682	0.0135719
0.33732	0.0128969
0.337117	0.0131186
0.337097	0.0130648
0.336909	0.0132607
0.337274	0.0128282
0.33802	0.0122345
0.337643	0.0127045
0.33748	0.0129113
0.33588	0.0143471
0.335654	0.0141872
0.335704	0.0139162
0.33644	0.0130819
0.33633	0.0131523
0.336295	0.0131336
0.335969	0.0133913
0.335203	0.0139311
0.335562	0.0134273
0.335425	0.0134872
0.334568	0.0142051
0.334095	0.0143305
0.33414	0.0140336
0.333816	0.0140839
0.333985	0.0136495
0.334069	0.0134484
0.334509	0.0129618
0.333547	0.0138005
0.333582	0.013584
0.334698	0.0124514
0.334497	0.0127639
0.334782	0.0126158
0.334472	0.0130324
0.334279	0.0131667
0.332682	0.0145269
0.33241	0.0144857
0.332222	0.0143303
0.331302	0.0149282
0.331133	0.0146638
0.33156	0.0139594
0.330373	0.014751
0.331085	0.0137586
0.330645	0.0139888
0.330409	0.014006
0.330668	0.0136087
0.330447	0.0137038
0.328987	0.0148577
0.328618	0.0147653
0.326798	0.0160045
0.326137	0.0158897
0.325158	0.0161821
0.323925	0.0166295
0.322264	0.0173603
0.321665	0.0170895
0.320121	0.0175643
0.320007	0.016724
0.317707	0.0180524
0.316587	0.0179955
0.31589	0.0175202
0.313813	0.0184378
0.313182	0.0178375
0.313074	0.016973
0.313609	0.0157652
0.312941	0.0157838
0.314067	0.0142587
0.31365	0.0143976
0.314438	0.0134986
0.314334	0.0136145
0.314965	0.0130224
0.314691	0.0133769
0.314929	0.0131976
0.315533	0.012703
0.31625	0.0122268
0.316739	0.0120821
0.317616	0.011581
0.318263	0.0114725
0.319358	0.0109145
0.319305	0.0115039
0.319205	0.0119813
0.319932	0.0116587
0.320458	0.0115496
0.321006	0.0115079
0.321268	0.0116395
0.321608	0.011724
0.322575	0.0111958
0.323113	0.0111851
0.32353	0.0112978
0.323705	0.0115582
0.324563	0.0112007
0.324646	0.0116199
0.325808	0.0109584
0.326861	0.0105316
0.327419	0.0106
0.327843	0.0108101
0.328545	0.0106965
0.32913	0.0107015
0.328917	0.0114487
0.330228	0.0106832
0.331795	0.00984611
0.332755	0.00968826
0.334132	0.00921606
0.335314	0.00900162
0.335602	0.00968439
0.337124	0.00906672
0.337575	0.00955261
0.338827	0.00923895
0.3396	0.00937372
0.340691	0.00924959
0.340926	0.00987262
0.341897	0.00969557
0.343392	0.0090934
0.344566	0.00892828
0.346122	0.00844858
0.347051	0.00859789
0.348013	0.00867408
0.348663	0.00908157
0.348813	0.00973044
0.349963	0.00941503
0.350174	0.0099692
0.350746	0.0100496
0.35101	0.0104602
0.351424	0.0105634
0.351599	0.0109447
0.352146	0.0108944
0.352364	0.0111192
0.351649	0.0121679
0.351656	0.0122685
0.352565	0.0115374
0.352897	0.0114937
0.352508	0.0120981
0.352153	0.0125652
0.353635	0.0112851
0.353448	0.011784
0.353766	0.0116962
0.354061	0.0116782
0.353962	0.0119967
0.353992	0.0121249
0.353127	0.0130802
0.353422	0.0127359
0.353298	0.0128939
0.353845	0.0123523
0.353258	0.0129304
0.353823	0.0123479
0.353935	0.012327
0.352976	0.0132293
0.351664	0.0141808
0.351882	0.0136431
0.350935	0.0143477
0.351381	0.0135982
0.351073	0.0137078
0.350973	0.0135698
0.351441	0.0129893
0.350546	0.0137266
0.350439	0.0136167
0.350234	0.013649
0.349326	0.0142166
0.348459	0.0146375
0.347554	0.0149984
0.348088	0.0140738
0.346899	0.0148119
0.346221	0.0149335
0.345913	0.0146759
0.344863	0.015235
0.343731	0.0156145
0.34327	0.015383
0.34356	0.0145402
0.343121	0.0145224
0.341602	0.0155277
0.34051	0.0158461
0.340269	0.0154758
0.340072	0.0150544
0.339646	0.0149454
0.339049	0.0150512
0.338336	0.0152781
0.337931	0.0150145
0.337174	0.0152202
0.336807	0.0150355
0.335338	0.0158894
0.334922	0.015602
0.334264	0.0156526
0.333957	0.0152695
0.334173	0.0145814
0.332712	0.0155137
0.331876	0.0157056
0.330509	0.0163174
0.329936	0.0161153
0.328219	0.0170405
0.327611	0.016716
0.327649	0.0158986
0.326196	0.0165813
0.325309	0.0165624
0.325138	0.0160327
0.324971	0.0155628
0.32388	0.0159532
0.322543	0.016465
0.321704	0.0165228
0.321541	0.0158991
0.32083	0.0158915
0.320705	0.0153324
0.320134	0.0154422
0.320171	0.0148813
0.321461	0.0133504
0.321929	0.0129074
0.321596	0.0132474
0.321799	0.0131281
0.322362	0.012634
0.323274	0.0119711
0.323916	0.0116886
0.324008	0.0119471
0.324121	0.0121662
0.324276	0.0122668
0.324237	0.0125229
0.324204	0.0127341
0.323962	0.0130235
0.324617	0.0124348
0.324386	0.0128111
0.324117	0.0131073
0.324238	0.0130289
0.324394	0.0129775
0.325042	0.0124952
0.325541	0.0122252
0.32642	0.0116939
0.327344	0.011253
0.32791	0.0111863
0.328991	0.0106701
0.330162	0.0101738
0.330314	0.0106915
0.331081	0.0105473
0.331837	0.0103704
0.332638	0.0102638
0.333257	0.0103517
0.334009	0.0102964
0.334586	0.0104443
0.335142	0.0105231
0.335863	0.0104797
0.33683	0.0102283
0.336748	0.0108885
0.33737	0.0107972
0.33797	0.0107724
0.338135	0.0111172
0.339418	0.0103895
0.339956	0.0104958
0.339682	0.0112541
0.339839	0.0115202
0.339379	0.0122829
0.339676	0.0121538
0.339177	0.0127908
0.339593	0.0125324
0.339868	0.0124065
0.340241	0.0122079
0.340313	0.012206
0.340056	0.012544
0.339021	0.0134859
0.339	0.0133928
0.338594	0.0136548
0.338609	0.0134971
0.338518	0.0134847
0.338175	0.0136973
0.337123	0.0144223
0.336569	0.0145604
0.336164	0.0146033
0.335858	0.0144941
0.336157	0.0139428
0.335693	0.0141198
0.334681	0.0147971
0.334224	0.0148652
0.334571	0.0141411
0.334906	0.0135798
0.335069	0.0133113
0.3338	0.0143564
0.332518	0.0151401
0.33204	0.0150823
0.33196	0.0146634
0.331862	0.0143929
0.333167	0.0129533
0.332652	0.0133814
0.33218	0.013773
0.331236	0.0144958
0.330735	0.0145987
0.33155	0.0135513
0.330904	0.0139758
0.330747	0.0139015
0.330125	0.0142691
0.329906	0.0141703
0.330327	0.0135602
0.329844	0.013876
0.32934	0.0142434
0.328819	0.0144122
0.329593	0.0134046
0.329941	0.0130454
0.329154	0.0137976
0.3292	0.0136731
0.328215	0.014406
0.328021	0.0143644
0.326578	0.0153487
0.326746	0.01469
0.325467	0.0154229
0.323744	0.0165207
0.323223	0.0162359
0.323509	0.0153342
0.323179	0.01511
0.322989	0.0148844
0.321236	0.0161216
0.320845	0.0157953
0.319295	0.0165599
0.318299	0.016733
0.318332	0.0158523
0.318489	0.0151197
0.318335	0.0148033
0.317961	0.0148564
0.317674	0.0147936
0.318487	0.0137347
0.318181	0.0139783
0.317949	0.0140047
0.318178	0.0136607
0.317877	0.0138837
0.317903	0.0137652
0.318262	0.0133637
0.317881	0.0137154
0.318553	0.0130432
0.317661	0.0138977
0.318269	0.0133238
0.318557	0.0130569
0.318795	0.0129736
0.319595	0.0122677
0.320043	0.012109
0.319539	0.012895
0.319981	0.0126315
0.320112	0.0126872
0.320129	0.0128143
0.320305	0.0128117
0.320041	0.0131552
0.319924	0.0132667
0.319933	0.0132762
0.320502	0.0127774
0.320261	0.0131732
0.320022	0.0134574
0.318389	0.0148643
0.317404	0.0154681
0.316192	0.0160875
0.315907	0.015716
0.315239	0.0157949
0.31447	0.0159549
0.315222	0.0146939
0.313996	0.0155016
0.313897	0.0151192
0.312888	0.0155771
0.312907	0.0149934
0.312651	0.014833
0.31308	0.0141027
0.313136	0.0139423
0.314551	0.0125759
0.315891	0.0115754
0.315308	0.0124919
0.315593	0.0124587
0.315699	0.0125536
0.315521	0.012922
0.31624	0.0124553
0.316318	0.0125662
0.317344	0.0118085
0.318552	0.0111282
0.319536	0.0107016
0.320239	0.0106763
0.320994	0.0105758
0.322013	0.010289
0.322931	0.0101652
0.324773	0.00921007
0.326168	0.00885201
0.327728	0.00846646
0.328663	0.0087242
0.329739	0.00875794
0.331066	0.00858264
0.332722	0.00813321
0.333865	0.00825064
0.335282	0.00806566
0.3368	0.00781871
0.338083	0.00783248
0.339529	0.00766492
0.340637	0.00787395
0.341911	0.00786273
0.342792	0.00820936
0.344041	0.00814933
0.34424	0.00903956
0.345827	0.00850723
0.347103	0.00836681
0.348013	0.00855117
0.34941	0.00831043
0.35038	0.00844421
0.351763	0.00815393
0.352358	0.00865289
0.35245	0.00950438
0.352944	0.00979768
0.353811	0.00966583
0.355006	0.0092878
0.355461	0.00968505
0.35652	0.00941539
0.357552	0.00920552
0.358638	0.00904767
0.359487	0.00909047
0.360438	0.00902087
0.361499	0.00889607
0.362335	0.00898422
0.363157	0.00898632
0.363546	0.00940857
0.364766	0.00904241
0.365225	0.00936718
0.366252	0.00912075
0.367304	0.00893519
0.368436	0.00870831
0.368953	0.00910169
0.369992	0.00893441
0.369292	0.0103064
0.369297	0.0107729
0.36982	0.0106272
0.370313	0.0105704
0.369653	0.0115644
0.369675	0.0117325
0.36962	0.0119356
0.36932	0.0122666
0.368098	0.0134155
0.368047	0.0132174
0.365987	0.0148247
0.364427	0.0156573
0.363646	0.0156228
0.362988	0.0154894
0.362076	0.0156432
0.361541	0.0154444
0.360561	0.0156363
0.358657	0.0166145
0.357904	0.016417
0.356649	0.0167239
0.35391	0.0182713
0.351884	0.0188421
0.349382	0.0196349
0.347602	0.0196498
0.345145	0.020208
0.342031	0.0212492
0.341242	0.0200444
0.340255	0.0192845
0.337138	0.0205298
0.335701	0.0202145
0.335418	0.018821
0.333853	0.018911
0.332776	0.0186022
0.331367	0.0185451
0.330871	0.0177653
0.328884	0.0184532
0.328031	0.0180288
0.326819	0.0179746
0.32557	0.0179797
0.325175	0.0173534
0.323802	0.0176013
0.323702	0.0167134
0.323536	0.0161034
0.323508	0.0154873
0.323678	0.0148411
0.323659	0.0145177
0.323009	0.0148209
0.321378	0.0158411
0.320544	0.0160523
0.319481	0.0164228
0.319324	0.0158377
0.317961	0.0164769
0.31775	0.0159596
0.31708	0.0159386
0.316434	0.016025
0.316213	0.0156021
0.31543	0.0158005
0.3149	0.0157122
0.314259	0.0158345
0.314179	0.0153585
0.313692	0.0153285
0.312653	0.0158486
0.313053	0.0150184
0.313682	0.0140486
0.312443	0.0150122
0.311698	0.0153316
0.31179	0.0148271
0.311558	0.0147653
0.310944	0.0150519
0.310496	0.0150537
0.310778	0.0144217
0.310744	0.0142116
0.310311	0.0144294
0.309689	0.0147994
0.309057	0.0149913
0.308871	0.0148416
0.308415	0.0149754
0.308664	0.0144032
0.308593	0.0142502
0.308648	0.0140501
0.30813	0.0144674
0.3073	0.0151242
0.306546	0.0154535
0.306327	0.015267
0.304818	0.0162332
0.305722	0.0148428
0.304944	0.0153537
0.306908	0.0132279
0.306691	0.0135101
0.306504	0.0137482
0.307008	0.013248
0.30758	0.0127992
0.307785	0.0128473
0.30808	0.0127475
0.30888	0.0122089
0.310007	0.0115718
0.310133	0.0118748
0.310596	0.0118703
0.311589	0.0113458
0.313152	0.0104269
0.313936	0.010435
0.314856	0.0103099
0.314919	0.0109064
0.315606	0.0108938
0.316464	0.0106855
0.316967	0.010832
0.317963	0.0105383
0.318875	0.0103715
0.319239	0.0107099
0.320107	0.0105403
0.321058	0.0103528
0.322106	0.0101388
0.323272	0.0097974
0.323912	0.0100194
0.324591	0.010207
0.324221	0.0111948
0.323826	0.0120119
0.323156	0.0128331
0.32393	0.012236
0.324266	0.0121415
0.325057	0.011627
0.32582	0.011312
0.324932	0.012516
0.326134	0.0116475
0.325837	0.0122241
0.325544	0.0126896
0.325471	0.0128605
0.325179	0.013247
0.325464	0.0130456
0.324498	0.013885
0.324819	0.0134752
0.324906	0.0133386
0.324869	0.0133414
0.325078	0.0131131
0.322845	0.0151827
0.322129	0.0153984
0.322402	0.0146814
0.322914	0.0139378
0.323625	0.0131647
0.322293	0.0144282
0.322332	0.0141152
0.322714	0.0135754
0.322656	0.0135157
0.323728	0.0125532
0.324613	0.0119439
0.325177	0.0117312
0.325474	0.0118493
0.326291	0.0114311
0.326887	0.0112853
0.327552	0.0111262
0.327466	0.011698
0.327179	0.0122693
0.327208	0.0124787
0.327594	0.0123505
0.329031	0.0112874
0.329019	0.0117109
0.329353	0.0116996
0.329071	0.0122991
0.330418	0.0112949
0.330377	0.0118074
0.330004	0.0123887
0.329308	0.0132324
0.328814	0.013636
0.32884	0.0135731
0.327529	0.0146249
0.328278	0.0136395
0.327652	0.0141251
0.328034	0.0135944
0.328767	0.0128822
0.327476	0.0141471
0.327674	0.0137275
0.327834	0.0134693
0.32823	0.0130003
0.328593	0.0126728
0.329442	0.0120745
0.328807	0.012917
0.329123	0.0126787
0.328682	0.0131984
0.329346	0.0125679
0.329526	0.0125791
0.328956	0.0131738
0.328362	0.0137237
0.32816	0.0138537
0.327962	0.0138472
0.327045	0.0144825
0.326607	0.014617
0.325908	0.0148997
0.324035	0.0161652
0.321942	0.0174241
0.319196	0.0190061
0.318171	0.0186484
0.318185	0.0174583
0.318172	0.0165537
0.317211	0.0166727
0.317428	0.0156844
0.316812	0.0157057
0.314965	0.0168005
0.313878	0.0169579
0.312353	0.0174933
0.312209	0.0166664
0.310559	0.0173633
0.30754	0.0190786
0.306198	0.0191395
0.30549	0.0184922
0.305674	0.0172717
0.304737	0.0172014
0.304987	0.0161475
0.304168	0.0163417
0.304022	0.0158706
0.303547	0.0157518
0.302675	0.0160274
0.302028	0.0160219
0.302129	0.0153579
0.302489	0.0146912
0.301474	0.0153649
0.301958	0.0145171
0.301794	0.0144532
0.302359	0.0137272
0.303789	0.0125053
0.303698	0.0127645
0.304858	0.0119355
0.305467	0.011783
0.306427	0.0113397
0.307264	0.0111063
0.307681	0.0113089
0.307568	0.0119162
0.306328	0.0133762
0.306484	0.0132495
0.307166	0.0126798
0.30811	0.0120717
0.308217	0.0122925
0.308245	0.0125387
0.309048	0.0120457
0.309629	0.0118501
0.310215	0.0117003
0.31159	0.0109532
0.311909	0.0111708
0.312768	0.0108942
0.313161	0.0111451
0.313968	0.0110223
0.313716	0.011749
0.314243	0.0116617
0.3155	0.0109957
0.316067	0.0110559
0.316658	0.0110207
0.316722	0.0114859
0.31776	0.0109969
0.318444	0.0109114
0.319324	0.0106877
0.320021	0.0106651
0.321225	0.0101876
0.322753	0.00951258
0.323312	0.00992655
0.324454	0.00965648
0.325659	0.00940289
0.326798	0.00924593
0.328347	0.0087469
0.32923	0.00888075
0.330288	0.00891712
0.330922	0.0093149
0.331696	0.00954996
0.333049	0.00914371
0.333933	0.00924094
0.335051	0.00913549
0.3358	0.00932521
0.336388	0.00965766
0.337085	0.00977468
0.337429	0.0102445
0.338558	0.00986417
0.339618	0.00962941
0.339562	0.0103986
0.340008	0.0106024
0.340301	0.0109088
0.339431	0.0121576
0.339649	0.0121537
0.340431	0.0115713
0.340939	0.0114504
0.341535	0.0112365
0.341509	0.011675
0.342343	0.0112128
0.343723	0.010345
0.344513	0.0102549
0.345349	0.0100944
0.346392	0.00981259
0.34732	0.00964766
0.347724	0.00999872
0.348929	0.00956355
0.34873	0.0105047
0.348558	0.0111592
0.348328	0.0117365
0.349021	0.0113137
0.348379	0.012189
0.348799	0.0119207
0.34927	0.0116462
0.350004	0.0112562
0.349959	0.0116816
0.349193	0.0125634
0.348986	0.0127886
0.346682	0.0148044
0.345174	0.0156073
0.344085	0.0159171
0.343024	0.0162249
0.343214	0.0152643
0.340296	0.0172747
0.339762	0.0167574
0.336983	0.0183934
0.336278	0.0177594
0.334528	0.018184
0.333396	0.0181043
0.332929	0.0174662
0.331627	0.0176072
0.331325	0.0168186
0.328305	0.0185282
0.326984	0.018508
0.326777	0.0174549
0.3269	0.0163252
0.326898	0.0156301
0.326341	0.0155576
0.325709	0.0156171
0.325488	0.01531
0.325354	0.0149004
0.323952	0.0156923
0.321542	0.0173255
0.321411	0.0165304
0.321723	0.0155387
0.320961	0.0157478
0.320011	0.0159666
0.319035	0.0162833
0.31877	0.0158998
0.318091	0.0158588
0.317118	0.0161113
0.316786	0.0157773
0.317249	0.0148612
0.316629	0.0150557
0.316648	0.0146764
0.317066	0.0139995
0.316667	0.0141939
0.316783	0.0138991
0.316717	0.0139322
0.316541	0.0139424
0.316558	0.0138102
0.316415	0.0139074
0.315418	0.0147359
0.314733	0.0149913
0.314013	0.0152575
0.314893	0.0140937
0.314978	0.0138781
0.315795	0.0130325
0.315965	0.0129732
0.316289	0.012788
0.316649	0.0125974
0.316894	0.0125175
0.317543	0.0121924
0.318056	0.0120353
0.318829	0.0117037
0.319259	0.0116991
0.320506	0.0109884
0.321663	0.0105032
0.323162	0.00979306
0.324465	0.00944051
0.324116	0.0106533
0.324538	0.0109024
0.324629	0.0113349
0.325901	0.0106328
0.327592	0.00969854
0.327988	0.0101094
0.327966	0.0108062
0.329131	0.0102947
0.330825	0.00942766
0.332332	0.00892561
0.332522	0.00968447
0.332626	0.0103834
0.333512	0.0102079
0.334423	0.0100629
0.335908	0.00943314
0.336096	0.0100869
0.337461	0.00953255
0.338003	0.0098914
0.338696	0.00992931
0.339684	0.00976891
0.339867	0.010297
0.340387	0.0104133
0.340594	0.0107957
0.340891	0.0110275
0.34138	0.0110201
0.341268	0.0115265
0.341176	0.0118907
0.340645	0.0125485
0.340479	0.0127889
0.341322	0.0120726
0.340305	0.0131286
0.340762	0.0126724
0.340594	0.0128852
0.340561	0.0129364
0.338656	0.0146564
0.337315	0.0155087
0.337681	0.0146381
0.337147	0.0147193
0.337977	0.0135867
0.338616	0.0128849
0.338693	0.0128447
0.339011	0.0125979
0.338802	0.0129213
0.33899	0.0127825
0.338353	0.0133794
0.338297	0.0133283
0.338126	0.0134478
0.336463	0.0148213
0.335864	0.0149404
0.335882	0.0144702
0.335896	0.014124
0.335887	0.0138562
0.33645	0.0131702
0.336136	0.013452
0.335762	0.0136379
0.335575	0.0136375
0.335252	0.013816
0.335748	0.0131864
0.335329	0.0135139
0.334581	0.0140706
0.334199	0.0142158
0.333744	0.0143784
0.332925	0.0148255
0.332413	0.0148764
0.333506	0.0134512
0.333113	0.0136884
0.334443	0.0123705
0.334513	0.0124282
0.33552	0.0116804
0.335211	0.0122361
0.334925	0.0127075
0.335869	0.0119807
0.335757	0.0122917
0.33543	0.0126749
0.335336	0.0128368
0.334578	0.0135702
0.334656	0.0134371
0.333151	0.0148422
0.331661	0.0157375
0.329254	0.0173336
0.328081	0.0173761
0.327353	0.0171126
0.327586	0.0160409
0.327249	0.0157175
0.326495	0.0157938
0.327005	0.0147271
0.326228	0.0150743
0.325225	0.0156186
0.325922	0.0144433
0.326866	0.0132828
0.326916	0.0131753
0.326715	0.0133958
0.326377	0.013672
0.327208	0.0128472
0.327792	0.0124314
0.328283	0.0121684
0.329372	0.0114106
0.330858	0.0104885
0.331545	0.0105104
0.331834	0.0107949
0.332964	0.0103577
0.333957	0.010108
0.334734	0.0100915
0.335619	0.00996806
0.336372	0.0100028
0.337016	0.0101102
0.338176	0.00971723
0.338524	0.0101562
0.338031	0.0112503
0.337939	0.0117585
0.338285	0.0116908
0.337793	0.0123837
0.336741	0.0134892
0.337227	0.0129692
0.337069	0.01315
0.336453	0.0136852
0.336146	0.0137707
0.335195	0.0143688
0.336127	0.0132158
0.336016	0.0133021
0.336844	0.0125356
0.336305	0.013072
0.33496	0.0141768
0.33478	0.0140582
0.333455	0.0149695
0.333246	0.0146541
0.333823	0.0138291
0.334088	0.0134115
0.334532	0.0129611
0.333537	0.0138514
0.332424	0.0146963
0.329757	0.0166829
0.327829	0.0175901
0.324302	0.0198538
0.323688	0.0189309
0.323967	0.0174067
0.323058	0.0173456
0.322283	0.0171968
0.321222	0.0172437
0.32024	0.0171737
0.318262	0.0180004
0.318044	0.0172125
0.316739	0.0175035
0.3169	0.0164467
0.315327	0.01708
0.314663	0.016869
0.314475	0.0162332
0.314176	0.0158964
0.31311	0.0162933
0.311902	0.0167851
0.310584	0.0172457
0.309409	0.0174572
0.309404	0.0165653
0.308551	0.0166397
0.309145	0.0154783
0.309299	0.0148828
0.308779	0.0149957
0.308149	0.0152048
0.307688	0.0152101
0.306616	0.0158024
0.306879	0.015119
0.306593	0.0150159
0.306653	0.014589
0.306593	0.0144789
0.306686	0.0142134
0.307151	0.0136235
0.307343	0.0134351
0.30891	0.0120767
0.310095	0.0113354
0.308787	0.0129678
0.309559	0.0123789
0.310266	0.0120275
0.310083	0.0124906
0.310603	0.0122619
0.311396	0.0118528
0.311276	0.0123251
0.312055	0.0118606
0.312804	0.0115443
0.312837	0.0120018
0.313672	0.0116161
0.314217	0.0114963
0.31455	0.0116594
0.316051	0.0107283
0.316291	0.0110738
0.317876	0.0102021
0.318188	0.010736
0.318498	0.011098
0.318476	0.0116287
0.319162	0.0114134
0.319339	0.0116739
0.320035	0.0114768
0.320243	0.0117399
0.320221	0.0121312
0.321234	0.0114676
0.321785	0.0113938
0.322695	0.0110514
0.323299	0.0110228
0.324353	0.0105785
0.324683	0.0108462
0.32579	0.0104025
0.327406	0.00962576
0.329168	0.0088774
0.3305	0.00865106
0.331557	0.00869657
0.332783	0.00865113
0.333604	0.00888455
0.334381	0.00916842
0.334718	0.00973076
0.335571	0.00972356
0.336089	0.0100492
0.336451	0.010383
0.338249	0.00937229
0.338576	0.00982193
0.338989	0.0102041
0.338193	0.0116735
0.339146	0.0111116
0.338808	0.011777
0.338902	0.0120159
0.339116	0.0120436
0.339169	0.0122385
0.339835	0.0118012
0.339883	0.0119995
0.338965	0.0130184
0.339059	0.0128936
0.338686	0.0132555
0.338404	0.0134773
0.338586	0.0131451
0.339761	0.0120932
0.339885	0.0121582
0.339331	0.0128559
0.338421	0.0136732
0.338257	0.0137128
0.336922	0.0147614
0.337077	0.0142603
0.336664	0.0143615
0.334361	0.016158
0.332262	0.017252
0.331593	0.0169538
0.330782	0.0167948
0.330069	0.0165354
0.330289	0.0155961
0.330518	0.0148531
0.330229	0.0147287
0.330487	0.0141372
0.329258	0.0149847
0.329954	0.0139882
0.329969	0.0137653
0.329328	0.0141361
0.329288	0.0139539
0.329278	0.0137881
0.329022	0.0139146
0.326875	0.0156654
0.327315	0.0146831
0.327604	0.0141402
0.32695	0.014435
0.326943	0.0141769
0.326253	0.014537
0.325703	0.0146303
0.325616	0.014428
0.325431	0.0144523
0.32299	0.0164296
0.322846	0.0159317
0.322779	0.0153808
0.322325	0.0153666
0.321443	0.0156226
0.319491	0.0168245
0.3194	0.0161203
0.318689	0.0161125
0.316425	0.0174475
0.31712	0.0159343
0.316706	0.0156926
0.316778	0.0151491
0.316077	0.0153641
0.316025	0.0149697
0.314884	0.0156615
0.314712	0.0152723
0.313642	0.0157376
0.313803	0.0151182
0.313889	0.0146964
0.31463	0.0137332
0.314351	0.013921
0.314426	0.0137105
0.314564	0.0135415
0.315382	0.0127879
0.315212	0.0130819
0.315402	0.0129681
0.314744	0.0136439
0.314643	0.0136827
0.314676	0.0135024
0.315091	0.0131694
0.315229	0.0131326
0.315755	0.0127654
0.316251	0.0124713
0.317016	0.0120416
0.316743	0.0126406
0.316525	0.0130176
0.316779	0.0128772
0.317194	0.012579
0.31798	0.0120481
0.318538	0.0118559
0.318731	0.012054
0.318919	0.0122599
0.319642	0.0117823
0.319612	0.0121619
0.319703	0.0124072
0.320754	0.0117022
0.321521	0.0114688
0.321807	0.0115953
0.322006	0.0117698
0.321871	0.0122706
0.322198	0.0121948
0.322669	0.0120257
0.32307	0.0119307
0.323381	0.0119149
0.323784	0.0118607
0.32311	0.0128032
0.323127	0.0128756
0.32337	0.0127513
0.322678	0.013477
0.322946	0.0131657
0.323845	0.0123807
0.32484	0.0116775
0.325905	0.0110916
0.326309	0.0112425
0.327351	0.0107897
0.32752	0.0111873
0.328541	0.0107454
0.329693	0.0103012
0.330912	0.00985846
0.331842	0.0097237
0.332371	0.00999673
0.33424	0.00899669
0.335276	0.0090048
0.336227	0.00905982
0.337154	0.00910784
0.338358	0.00891145
0.339178	0.00910099
0.340509	0.00879739
0.341693	0.00869468
0.343235	0.00830543
0.344272	0.0084189
0.3451	0.00869695
0.345948	0.00883348
0.346572	0.00918906
0.346869	0.00974676
0.346517	0.0107143
0.347438	0.0103209
0.348706	0.00972866
0.34985	0.00942722
0.35099	0.00918008
0.351406	0.009601
0.351311	0.010446
0.351641	0.0106499
0.352353	0.0105042
0.351676	0.0115517
0.352982	0.010663
0.352939	0.0111757
0.353306	0.0111815
0.353498	0.011303
0.352796	0.0122482
0.352141	0.0128725
0.351331	0.0134798
0.349591	0.0147949
0.348894	0.0149565
0.348458	0.0148185
0.347679	0.0150432
0.347036	0.0150897
0.345926	0.0154981
0.345443	0.0153171
0.345732	0.0145043
0.344906	0.0148397
0.344431	0.0148946
0.344463	0.0144237
0.343594	0.014825
0.343491	0.0144339
0.343324	0.0141988
0.342328	0.0147601
0.340762	0.0156674
0.340617	0.0152633
0.340536	0.0147598
0.339307	0.0154563
0.338533	0.0155569
0.338775	0.0147481
0.338423	0.0145981
0.337365	0.0151743
0.336491	0.0154966
0.335045	0.0163027
0.333001	0.0174025
0.331701	0.0176409
0.329785	0.0182578
0.328326	0.0184193
0.325604	0.0196168
0.323915	0.0196491
0.32312	0.0189449
0.320517	0.0200898
0.319101	0.0197947
0.317363	0.0199391
0.315866	0.0197671
0.313685	0.0202308
0.310714	0.021371
0.310924	0.0193995
0.309453	0.0193377
0.308993	0.0184284
0.308364	0.0179493
0.307083	0.0181236
0.306164	0.0178845
0.306097	0.0168951
0.304689	0.0174235
0.303688	0.017449
0.303863	0.0164441
0.303993	0.015755
0.304667	0.0147177
0.30427	0.0148073
0.303606	0.0151259
0.304729	0.0138
0.305997	0.0126553
0.306827	0.0121303
0.307195	0.0121022
0.30732	0.0123275
0.307467	0.0124771
0.307937	0.0122936
0.308778	0.0118855
0.308587	0.0123765
0.308866	0.0124349
0.308939	0.0125902
0.309875	0.011965
0.31112	0.0111575
0.312441	0.0105408
0.313976	0.009847
0.315595	0.00925552
0.316813	0.00918151
0.318185	0.00894312
0.319896	0.0084023
0.321105	0.0084232
0.322277	0.00843429
0.323637	0.00834845
0.325082	0.00820399
0.326358	0.00818397
0.327874	0.00796579
0.329432	0.00775023
0.330931	0.0076496
0.331493	0.00833524
0.33228	0.0086695
0.333292	0.00878556
0.334285	0.00882774
0.335373	0.00877689
0.336452	0.00878299
0.337738	0.00860662
0.338208	0.009194
0.339812	0.00860752
0.34068	0.00880853
0.341414	0.00914353
0.342656	0.00888747
0.343796	0.00877948
0.344786	0.00878994
0.346017	0.00862807
0.346404	0.00926551
0.347447	0.0091206
0.348254	0.00923956
0.348909	0.00945128
0.349321	0.00982711
0.349825	0.0100865
0.350388	0.0101863
0.350155	0.010991
0.350332	0.0112199
0.350914	0.0110499
0.350482	0.0118112
0.350569	0.0119433
0.349712	0.0128382
0.348448	0.0139531
0.345773	0.01612
0.342145	0.0186205
0.339493	0.0196959
0.337334	0.0200187
0.33544	0.020065
0.334748	0.0191312
0.334486	0.017986
0.333095	0.0181244
0.332707	0.017324
0.331593	0.0173085
0.330142	0.0175678
0.327277	0.0190577
0.327548	0.0174814
0.326557	0.017483
0.325611	0.0173645
0.325018	0.0169971
0.323626	0.0173962
0.322992	0.0170253
0.322182	0.0168727
0.321394	0.016776
0.320651	0.0165677
0.320213	0.016235
0.321133	0.0147528
0.320999	0.0145696
0.321848	0.0135451
0.322621	0.0127969
0.322656	0.0128254
0.323718	0.0119692
0.323583	0.0123739
0.323441	0.012694
0.324554	0.011829
0.324896	0.0119015
0.324962	0.0121464
0.324884	0.0125035
0.325504	0.0122044
0.32564	0.0123648
0.325631	0.0125513
0.32634	0.0120454
0.325817	0.0127287
0.326815	0.0119576
0.327105	0.011962
0.327991	0.0114831
0.328296	0.011546
0.326953	0.0130797
0.326495	0.0135182
0.32527	0.014574
0.326292	0.0133584
0.325503	0.0139485
0.324389	0.0148102
0.325002	0.0138993
0.32462	0.0140608
0.324907	0.013611
0.324903	0.0135648
0.324731	0.0136429
0.324171	0.0140381
0.323937	0.0140067
0.323181	0.0145218
0.322252	0.0150705
0.321819	0.0150462
0.321266	0.0151904
0.32069	0.0153669
0.320227	0.0153427
0.319692	0.0154479
0.31964	0.0150035
0.319564	0.0147062
0.320385	0.0136674
0.320933	0.0130476
0.320875	0.0131674
0.320307	0.0136675
0.320441	0.0134442
0.320761	0.013144
0.321368	0.0126363
0.322723	0.0115862
0.32376	0.011087
0.324582	0.0108831
0.324995	0.0111235
0.326202	0.0104986
0.326327	0.0110318
0.326709	0.0111394
0.327095	0.0113059
0.326984	0.011799
0.327031	0.012108
0.327199	0.0121837
0.328052	0.0116868
0.328013	0.0121003
0.328761	0.0117065
0.329038	0.01178
0.330162	0.0110911
0.330844	0.0109631
0.332058	0.010357
0.332604	0.0104988
0.333031	0.0106606
0.333487	0.0107976
0.33287	0.0119036
0.332886	0.0121788
0.332456	0.0127133
0.332919	0.0124231
0.332262	0.013086
0.332592	0.012754
0.333144	0.0123093
0.332092	0.0134358
0.332375	0.0131071
0.33211	0.013274
0.330703	0.014493
0.330021	0.0147583
0.328321	0.0159234
0.328508	0.0151995
0.327736	0.0153521
0.327958	0.0145655
0.328089	0.0141759
0.32725	0.01467
0.32703	0.014568
0.327224	0.014091
0.32667	0.0143638
0.326946	0.0138274
0.327752	0.0128993
0.327456	0.0132357
0.327507	0.0131502
0.327592	0.0130434
0.32799	0.012787
0.327901	0.0129448
0.327424	0.013468
0.326963	0.0138173
0.326973	0.0137273
0.327482	0.0131098
0.326158	0.0143007
0.326128	0.0141179
0.325025	0.0148509
0.322741	0.0164226
0.323086	0.0153777
0.32266	0.0152645
0.321678	0.0157189
0.322289	0.0146953
0.322681	0.0140472
0.322647	0.0139195
0.321797	0.0144766
0.320891	0.0150407
0.319777	0.0156625
0.318372	0.0163886
0.318785	0.015333
0.319629	0.0140933
0.32004	0.0135726
0.319505	0.0140015
0.319533	0.013763
0.319582	0.0136061
0.319002	0.0140877
0.319698	0.0133052
0.321705	0.0115352
0.320622	0.0129141
0.320908	0.0127129
0.320628	0.0131
0.320724	0.0130499
0.321082	0.012754
0.320593	0.0132212
0.32055	0.0133059
0.320247	0.0135471
0.320265	0.0134511
0.319654	0.0139661
0.320098	0.0134809
0.318732	0.0146348
0.31712	0.015845
0.316044	0.0162876
0.313883	0.0174951
0.314198	0.0163495
0.314382	0.0155636
0.314127	0.0153303
0.313786	0.0152503
0.314154	0.0145012
0.313945	0.0144285
0.314056	0.0141486
0.313905	0.0141159
0.314583	0.0133945
0.314872	0.0131088
0.315651	0.0124852
0.316463	0.0119652
0.316904	0.0119272
0.317413	0.0117546
0.31872	0.0110097
0.319877	0.0105682
0.321051	0.0101635
0.322105	0.00994175
0.32333	0.00958809
0.324224	0.00960937
0.325107	0.00961523
0.325808	0.00984313
0.326713	0.00986447
0.328245	0.00927401
0.329611	0.00894952
0.330334	0.00922714
0.332038	0.0086271
0.333261	0.00849886
0.334459	0.00845185
0.335239	0.00882634
0.335976	0.00911984
0.336185	0.00978198
0.336627	0.0101347
0.33699	0.0104483
0.337041	0.0109249
0.336649	0.0117903
0.33724	0.0115268
0.337091	0.012003
0.337669	0.0117056
0.337871	0.0118249
0.338762	0.0112951
0.33907	0.0113842
0.338731	0.0120901
0.338906	0.012137
0.339653	0.0116721
0.340717	0.0109978
0.340359	0.0117185
0.340456	0.011882
0.341088	0.011509
0.342028	0.0109585
0.342376	0.0110842
0.342955	0.0108919
0.344033	0.0103922
0.344434	0.0105635
0.343807	0.0116306
0.342704	0.0128336
0.3434	0.0122438
0.343468	0.0123009
0.344023	0.0119329
0.344369	0.0118735
0.345067	0.0114868
0.344808	0.0120537
0.345644	0.0114979
0.346084	0.0113724
0.346424	0.011395
0.346079	0.012022
0.347167	0.0112105
0.347545	0.0112706
0.348064	0.0111331
0.348772	0.0108905
0.350134	0.0100958
0.35069	0.0101914
0.351051	0.0104074
0.351993	0.010111
0.353431	0.00943099
0.353758	0.00987609
0.354326	0.00998717
0.354943	0.0100177
0.355444	0.0101586
0.353872	0.0120371
0.352996	0.0128547
0.351483	0.0140974
0.350994	0.0142458
0.350681	0.0141952
0.349981	0.01455
0.348266	0.0156325
0.345907	0.0170103
0.342777	0.0188052
0.341625	0.0185253
0.339929	0.0188439
0.339687	0.0177059
0.339374	0.0169791
0.338355	0.0169885
0.336361	0.0177902
0.335479	0.0175187
0.334311	0.0174877
0.334911	0.015973
0.334217	0.015894
0.332609	0.0166422
0.332474	0.0159701
0.330801	0.0168252
0.329497	0.0171082
0.328533	0.0170443
0.327207	0.0174006
0.32457	0.0188209
0.322632	0.0192821
0.321809	0.0186546
0.321236	0.0179066
0.321348	0.01675
0.320817	0.0164455
0.319421	0.0169369
0.319056	0.0164193
0.31848	0.0163125
0.317402	0.0166355
0.317293	0.0159611
0.317394	0.0153111
0.317045	0.0151872
0.317889	0.0140176
0.317324	0.0144357
0.316743	0.0147412
0.317434	0.0138077
0.318313	0.0129264
0.317737	0.01356
0.316959	0.0142409
0.316909	0.0140733
0.317609	0.0132703
0.316978	0.0138723
0.316943	0.0137506
0.316606	0.0139926
0.316477	0.0139719
0.317185	0.0132023
0.317088	0.0133708
0.317654	0.0128804
0.318212	0.0125165
0.318608	0.0123353
0.318925	0.0123157
0.31906	0.0123953
0.319713	0.0120224
0.320363	0.0117766
0.320287	0.012236
0.32097	0.0118385
0.321879	0.0113659
0.322799	0.0110255
0.323417	0.0109064
0.323815	0.0111763
0.325003	0.0105983
0.326671	0.00973178
0.327266	0.0100086
0.32829	0.00982449
0.329576	0.00946048
0.330598	0.00941093
0.331966	0.00902799
0.332932	0.00911167
0.334169	0.0088798
0.334857	0.00926529
0.335982	0.00909666
0.336785	0.00922712
0.338215	0.00882554
0.339196	0.00889518
0.340053	0.00901179
0.340669	0.00935858
0.341771	0.00918711
0.342913	0.00899394
0.344235	0.00872658
0.345051	0.00895923
0.345766	0.00922059
0.347011	0.00892966
0.347888	0.00901744
0.34943	0.00849158
0.350624	0.00839299
0.351352	0.0086619
0.3521	0.00891151
0.353201	0.00877777
0.354051	0.00894844
0.353678	0.0101419
0.35471	0.00979556
0.355938	0.00931289
0.356743	0.00936424
0.357143	0.00976026
0.356434	0.0110223
0.356708	0.0111128
0.356085	0.0119738
0.355351	0.012719
0.355748	0.0122908
0.355911	0.0122543
0.355522	0.0127039
0.355702	0.0125395
0.35503	0.013124
0.354268	0.0136686
0.354065	0.0136099
0.353523	0.0138073
0.353027	0.0140054
0.353094	0.0136588
0.352803	0.0136796
0.351618	0.0144767
0.350952	0.0146603
0.351325	0.0139111
0.350469	0.0144046
0.34992	0.0145471
0.349849	0.0141726
0.349072	0.0145539
0.34852	0.0146152
0.348029	0.0146682
0.34794	0.0142731
0.346268	0.0154575
0.345207	0.0158571
0.345253	0.0151609
0.343436	0.0162119
0.341314	0.0174366
0.339885	0.0177248
0.336837	0.0193207
0.334941	0.019447
0.333289	0.0195267
0.332407	0.0188713
0.330539	0.0192378
0.330557	0.017859
0.329379	0.0177366
0.328261	0.0177418
0.326708	0.0181151
0.324589	0.0189064
0.3222	0.0198544
0.321483	0.0190739
0.320579	0.0186115
0.318056	0.0197246
0.316907	0.0193834
0.31589	0.0188933
0.312952	0.0203466
0.311005	0.0205643
0.310797	0.0192046
0.30931	0.0192199
0.307778	0.0192541
0.306827	0.0188379
0.305968	0.0184267
0.305016	0.0181861
0.304031	0.0180615
0.304485	0.0166841
0.303773	0.0166745
0.302643	0.016928
0.302966	0.0159087
0.302955	0.015359
0.302965	0.0150034
0.303315	0.0144051
0.303894	0.0137451
0.304247	0.013386
0.305223	0.0126081
0.30467	0.0133136
0.305286	0.0128387
0.305938	0.0124344
0.307243	0.011545
0.308544	0.0108938
0.308927	0.0111318
0.309409	0.0112555
0.310066	0.0112149
0.310623	0.0112235
0.311276	0.0111864
0.311998	0.0110845
0.313585	0.0102444
0.31435	0.0102904
0.314992	0.010459
0.316541	0.00974534
0.318084	0.00921885
0.319232	0.00912253
0.320435	0.00899784
0.321498	0.00905579
0.322364	0.0092147
0.32328	0.00934517
0.324459	0.00917302
0.325564	0.00912565
0.327093	0.00870657
0.327618	0.00923222
0.32848	0.00934007
0.329693	0.0091404
0.330288	0.00949252
0.331123	0.00956224
0.332355	0.00926227
0.333821	0.00885682
0.334834	0.00888628
0.335888	0.00887326
0.337034	0.00879492
0.3376	0.00922781
0.338585	0.00919309
0.340144	0.00868011
0.340287	0.00950272
0.341348	0.00935473
0.342863	0.00877181
0.342875	0.0097283
0.342557	0.010622
0.342978	0.0107737
0.344028	0.0103637
0.344463	0.0104854
0.345314	0.0102377
0.346279	0.0099505
0.34598	0.0108373
0.345836	0.0114379
0.346609	0.0110412
0.347287	0.010837
0.347887	0.0107185
0.347225	0.0117952
0.34747	0.0117603
0.347968	0.0116132
0.348683	0.0112366
0.349503	0.0108702
0.350394	0.0105001
0.350856	0.010651
0.351404	0.010642
0.351778	0.0108251
0.351547	0.0115074
0.351516	0.0118256
0.351752	0.0118155
0.351631	0.0121417
0.351643	0.0122461
0.350188	0.0136017
0.34968	0.0138337
0.347908	0.0151266
0.348484	0.014093
0.346766	0.0153228
0.346491	0.0150357
0.344921	0.015968
0.343807	0.0162671
0.342773	0.0163615
0.342813	0.0155355
0.342349	0.0153274
0.341281	0.0156376
0.340128	0.0160525
0.3399	0.0155571
0.340148	0.0147677
0.33934	0.0150893
0.337824	0.0159306
0.337808	0.0153113
0.337772	0.0147739
0.336462	0.0155238
0.336653	0.0147549
0.336982	0.0140097
0.336888	0.0138868
0.337452	0.0131792
0.336169	0.014208
0.335179	0.0148228
0.333906	0.0155468
0.332644	0.016116
0.331399	0.0165619
0.331102	0.0160762
0.331514	0.0150491
0.331608	0.0144855
0.332339	0.0135207
0.332525	0.0133021
0.332622	0.0131941
0.332208	0.013545
0.332559	0.0131061
0.333021	0.0127229
0.332734	0.0130133
0.332766	0.0130418
0.332811	0.0130547
0.331562	0.0141473
0.331114	0.0143216
0.331189	0.0139765
0.331768	0.0132207
0.330673	0.0141688
0.331299	0.0134257
0.329809	0.0146307
0.329958	0.0141664
0.329972	0.0138718
0.328442	0.0151009
0.328011	0.0151099
0.328791	0.013962
0.328915	0.0136555
0.32759	0.0146913
0.327099	0.0147313
0.326532	0.0149079
0.326326	0.0147324
0.325353	0.0152587
0.324567	0.0155036
0.32401	0.0154466
0.323406	0.0154986
0.322796	0.0154917
0.323571	0.0143222
0.322922	0.0146324
0.322546	0.0146309
0.321282	0.0153651
0.321029	0.0151533
0.32098	0.014774
0.321755	0.0138004
0.321499	0.0139356
0.321117	0.0140933
0.321606	0.0134879
0.320995	0.0140171
0.321492	0.013413
0.322284	0.012687
0.321416	0.0135905
0.322559	0.0124919
0.320729	0.0143216
0.320473	0.0143164
0.320074	0.0145125
0.31923	0.0149461
0.318277	0.0154838
0.317723	0.0154905
0.317186	0.0155064
0.316596	0.0155395
0.31587	0.0157476
0.315637	0.015509
0.315519	0.0151984
0.31466	0.0155345
0.315202	0.0145693
0.314885	0.0145369
0.31422	0.0149293
0.314089	0.0147069
0.312076	0.016171
0.311174	0.0164031
0.310068	0.0168026
0.309873	0.0162055
0.309418	0.0160871
0.309012	0.0159484
0.309363	0.0151553
0.308945	0.0151597
0.308085	0.0155312
0.308606	0.0146475
0.309167	0.0139035
0.310401	0.012694
0.311499	0.0119039
0.31217	0.0116455
0.312931	0.0113774
0.31393	0.0109492
0.3143	0.0111963
0.314684	0.0113393
0.315381	0.0111516
0.316671	0.0105516
0.317771	0.0101579
0.318269	0.0104963
0.318747	0.0107159
0.319922	0.0102693
0.321165	0.0098611
0.321869	0.0100272
0.322654	0.0100706
0.323707	0.00988422
0.324336	0.0100588
0.32456	0.0106079
0.325455	0.0104093
0.326506	0.0101283
0.327277	0.0101495
0.327399	0.0107097
0.327396	0.011244
0.328274	0.010869
0.329113	0.0106247
0.328732	0.0114994
0.329472	0.0111979
0.329503	0.0116316
0.330558	0.0110702
0.331182	0.0110023
0.330617	0.0119839
0.330687	0.0122217
0.3311	0.0120912
0.332522	0.0110768
0.333281	0.010836
0.334325	0.0104091
0.334326	0.0109469
0.334272	0.0114899
0.334024	0.0120714
0.335327	0.0111557
0.336619	0.010424
0.337378	0.010394
0.338587	0.00991239
0.339288	0.00995701
0.340069	0.00988021
0.339948	0.0107272
0.339546	0.0115966
0.340342	0.0112027
0.340681	0.0112942
0.340938	0.0114186
0.341628	0.011128
0.342376	0.0109198
0.343106	0.0107052
0.343935	0.0104427
0.344611	0.0103279
0.344031	0.0113832
0.344152	0.0116174
0.344934	0.0111606
0.34508	0.0113801
0.3457	0.0111502
0.346192	0.0111014
0.347175	0.0106351
0.347	0.0113327
0.347363	0.0113449
0.347619	0.0113996
0.347747	0.0116073
0.346881	0.012657
0.345066	0.014354
0.344756	0.0143047
0.343475	0.0151235
0.343738	0.0144013
0.344706	0.0132058
0.345141	0.0127227
0.344435	0.0133387
0.344761	0.0129852
0.345047	0.0126524
0.344627	0.0130902
0.343589	0.0139447
0.343241	0.0140582
0.343854	0.0132584
0.343588	0.0133634
0.342637	0.0140411
0.341809	0.0145118
0.340816	0.0150267
0.340618	0.0147484
0.340288	0.0146354
0.34006	0.0143722
0.339685	0.0143537
0.339675	0.014087
0.33893	0.0144236
0.337078	0.0156696
0.336249	0.0157968
0.335263	0.0160433
0.333577	0.016859
0.332675	0.0168463
0.33164	0.0168837
0.329503	0.0178461
0.327433	0.0185594
0.325871	0.0186825
0.324039	0.019097
0.322353	0.0192918
0.320271	0.0198102
0.319112	0.0193633
0.316221	0.0205365
0.315495	0.0195542
0.31433	0.0192184
0.314005	0.0182057
0.31293	0.0180309
0.312479	0.0174478
0.312701	0.0162994
0.312876	0.0154824
0.313814	0.0142234
0.313258	0.0144791
0.313277	0.0142139
0.312766	0.0144421
0.313465	0.0136102
0.31479	0.0123809
0.315437	0.0120541
0.316004	0.0118506
0.316311	0.0119665
0.316118	0.0124098
0.315854	0.0128504
0.315214	0.0135455
0.315731	0.0130702
0.316084	0.0128684
0.316796	0.0123082
0.316908	0.0124671
0.316734	0.0128818
0.316317	0.0134056
0.316137	0.0135638
0.316288	0.0133537
0.315942	0.0136397
0.315756	0.0137828
0.316869	0.0127509
0.317031	0.012785
0.316863	0.0130549
0.316717	0.0132579
0.316498	0.0135201
0.317578	0.0125517
0.317194	0.0130772
0.317005	0.0132508
0.316868	0.0134019
0.315949	0.014311
0.315884	0.0141478
0.316229	0.0136682
0.316173	0.0136583
0.316136	0.0136177
0.31592	0.0137719
0.315447	0.0140966
0.315618	0.0137955
0.314893	0.0143852
0.314872	0.0141263
0.313828	0.0148902
0.31415	0.0142434
0.314367	0.0138349
0.314479	0.0137175
0.314805	0.0133724
0.314897	0.0133302
0.315985	0.0124226
0.315339	0.0132088
0.315137	0.0134371
0.315574	0.0130663
0.316309	0.0124583
0.31631	0.012719
0.315724	0.0133733
0.316459	0.012686
0.316634	0.0126731
0.316024	0.0133572
0.316882	0.0126052
0.317172	0.0125098
0.317675	0.0122278
0.31691	0.0131266
0.31716	0.012946
0.317768	0.0125498
0.318072	0.0124773
0.318468	0.0123021
0.319481	0.0116519
0.319675	0.011847
0.320833	0.011213
0.3216	0.0109909
0.322358	0.010886
0.323899	0.0100387
0.324259	0.0104728
0.325022	0.0103913
0.326094	0.0100873
0.325575	0.0112767
0.326556	0.0108945
0.326946	0.011061
0.326522	0.0118718
0.327243	0.0115101
0.326951	0.0121465
0.327499	0.0118702
0.32702	0.0125903
0.326613	0.012968
0.327124	0.0125789
0.326841	0.0130162
0.327118	0.0128213
0.327215	0.0128213
0.327993	0.0122526
0.32842	0.012056
0.328582	0.0121893
0.329314	0.011719
0.330505	0.0109947
0.33099	0.0110534
0.330679	0.0117657
0.331506	0.0113926
0.332076	0.0112698
0.333162	0.0107029
0.333362	0.0110508
0.335017	0.0100577
0.33538	0.0104166
0.336245	0.0102269
0.337906	0.00940318
0.338177	0.00999203
0.33953	0.00948952
0.340607	0.0093251
0.341661	0.00923196
0.342497	0.00928457
0.344106	0.00867755
0.344651	0.00913744
0.344688	0.00993992
0.346442	0.00905122
0.346688	0.00964024
0.346642	0.0104043
0.346881	0.010747
0.347836	0.0103852
0.3488	0.0100766
0.350009	0.00962531
0.35053	0.00989392
0.35147	0.00974341
0.352409	0.00953364
0.353578	0.00919028
0.354606	0.009117
0.355809	0.00878751
0.356543	0.00901226
0.357425	0.00904947
0.358653	0.00873996
0.35943	0.00890583
0.360577	0.00870344
0.360949	0.00926049
0.361614	0.00940456
0.362611	0.0092331
0.363348	0.00933392
0.363158	0.0101607
0.363356	0.0105504
0.363408	0.0109425
0.362587	0.0120231
0.361973	0.0125568
0.361151	0.0132626
0.360468	0.0137534
0.359819	0.0140921
0.357724	0.0156345
0.356547	0.0160362
0.357158	0.0147191
0.354355	0.0167038
0.351824	0.0180038
0.349638	0.0187824
0.348537	0.0184115
0.344999	0.0202341
0.342969	0.0204207
