#realizzazioni=200

0	0.99
1	0.979776
2	0.9631
3	0.936298
4	0.896091
5	0.83817
6	0.759075
7	0.663045
8	0.557861
9	0.45805
10	0.369133
11	0.296361
12	0.23941
13	0.197109
14	0.167242
15	0.144403
16	0.128209
17	0.116875
18	0.108862
19	0.103155
20	0.0995893
21	0.0973237
22	0.0962512
23	0.0961896
24	0.096981
25	0.0982212
26	0.0999693
27	0.102112
28	0.104649
29	0.107375
30	0.110348
31	0.11347
32	0.116779
33	0.120201
34	0.123731
35	0.127334
36	0.131009
37	0.134746
38	0.138538
39	0.142366
40	0.146225
41	0.150109
42	0.154022
43	0.157945
44	0.161873
45	0.165813
46	0.169758
47	0.173703
48	0.177641
49	0.18158
50	0.185515
51	0.189439
52	0.193357
53	0.197266
54	0.201164
55	0.205052
56	0.208926
57	0.212789
58	0.216639
59	0.220473
60	0.224293
61	0.228098
62	0.231888
63	0.235665
64	0.239424
65	0.243166
66	0.246893
67	0.250603
68	0.254297
69	0.257975
70	0.261636
71	0.26528
72	0.268908
73	0.272518
74	0.276112
75	0.279689
76	0.283248
77	0.286791
78	0.290317
79	0.293824
80	0.297316
81	0.30079
82	0.304247
83	0.307687
84	0.31111
85	0.314515
86	0.317904
87	0.321276
88	0.32463
89	0.327968
90	0.331288
91	0.334591
92	0.337877
93	0.341147
94	0.344399
95	0.347635
96	0.350854
97	0.354056
98	0.357239
99	0.360406
100	0.363556
101	0.366689
102	0.369805
103	0.372903
104	0.375983
105	0.379046
106	0.382093
107	0.385121
108	0.388132
109	0.391125
110	0.394098
111	0.397053
112	0.399991
113	0.402908
114	0.405807
115	0.408685
116	0.411542
117	0.414377
118	0.417192
119	0.419984
120	0.422756
121	0.425501
122	0.428223
123	0.430917
124	0.433579
125	0.436214
126	0.438816
127	0.441393
128	0.443933
129	0.446442
130	0.448909
131	0.451337
132	0.453717
133	0.456048
134	0.458321
135	0.460525
136	0.462671
137	0.464732
138	0.466715
139	0.468601
140	0.470421
141	0.472079
142	0.473624
143	0.475049
144	0.476317
145	0.477399
146	0.47825
147	0.478919
148	0.47937
149	0.479555
150	0.479508
151	0.479099
152	0.478398
153	0.477288
154	0.475709
155	0.473745
156	0.471401
157	0.468539
158	0.465102
159	0.460987
160	0.456381
161	0.451421
162	0.445825
163	0.439667
164	0.432827
165	0.425603
166	0.417957
167	0.409777
168	0.40128
169	0.392604
170	0.383441
171	0.374219
172	0.364623
173	0.3556
174	0.346472
175	0.337543
176	0.329132
177	0.320721
178	0.312789
179	0.305386
180	0.298164
181	0.291828
182	0.285612
183	0.280282
184	0.275064
185	0.270672
186	0.266729
187	0.263317
188	0.260414
189	0.257778
190	0.255613
191	0.253814
192	0.252345
193	0.251237
194	0.250291
195	0.249771
196	0.249482
197	0.249495
198	0.249679
199	0.250064
200	0.250681
201	0.251468
202	0.252411
203	0.253481
204	0.254694
205	0.256009
206	0.257423
207	0.258919
208	0.260545
209	0.262291
210	0.26409
211	0.265975
212	0.267923
213	0.269928
214	0.271941
215	0.274037
216	0.276184
217	0.278343
218	0.280537
219	0.282757
220	0.285007
221	0.287298
222	0.289608
223	0.291921
224	0.294278
225	0.296632
226	0.298997
227	0.301376
228	0.303766
229	0.306133
230	0.308504
231	0.310854
232	0.313215
233	0.31555
234	0.31789
235	0.320235
236	0.322562
237	0.324849
238	0.327164
239	0.329434
240	0.331715
241	0.333952
242	0.336161
243	0.338362
244	0.340494
245	0.342617
246	0.344708
247	0.346756
248	0.348777
249	0.350743
250	0.352709
251	0.354593
252	0.356469
253	0.358295
254	0.36006
255	0.361781
256	0.363473
257	0.365086
258	0.366631
259	0.368116
260	0.369536
261	0.370892
262	0.372189
263	0.373423
264	0.374583
265	0.375678
266	0.376701
267	0.377601
268	0.378486
269	0.379205
270	0.379864
271	0.380413
272	0.380857
273	0.381273
274	0.381558
275	0.38162
276	0.381658
277	0.381539
278	0.381343
279	0.381065
280	0.380563
281	0.380001
282	0.379309
283	0.378535
284	0.377543
285	0.376499
286	0.37526
287	0.373947
288	0.372452
289	0.370831
290	0.369065
291	0.367313
292	0.365336
293	0.363371
294	0.361234
295	0.359175
296	0.356842
297	0.354576
298	0.352111
299	0.349694
300	0.347238
301	0.344743
302	0.342244
303	0.339762
304	0.337157
305	0.334669
306	0.332257
307	0.329937
308	0.32762
309	0.32536
310	0.323151
311	0.32095
312	0.318887
313	0.316898
314	0.31493
315	0.313118
316	0.311291
317	0.309606
318	0.308101
319	0.306774
320	0.30536
321	0.30425
322	0.303194
323	0.30229
324	0.30152
325	0.30078
326	0.300151
327	0.2996
328	0.299105
329	0.298788
330	0.298496
331	0.298241
332	0.298181
333	0.298225
334	0.298308
335	0.298454
336	0.298756
337	0.299122
338	0.299557
339	0.299986
340	0.300527
341	0.301149
342	0.301839
343	0.30252
344	0.30323
345	0.304023
346	0.304791
347	0.305644
348	0.306471
349	0.307391
350	0.308299
351	0.309281
352	0.31033
353	0.311388
354	0.312449
355	0.313534
356	0.314665
357	0.31576
358	0.316786
359	0.317926
360	0.319035
361	0.320165
362	0.321251
363	0.322351
364	0.323504
365	0.324621
366	0.325754
367	0.326846
368	0.327971
369	0.329095
370	0.3302
371	0.331279
372	0.332387
373	0.333448
374	0.33449
375	0.335476
376	0.336458
377	0.337477
378	0.33843
379	0.339377
380	0.340267
381	0.341138
382	0.34196
383	0.342808
384	0.343605
385	0.34438
386	0.345126
387	0.345781
388	0.346397
389	0.347036
390	0.347561
391	0.348047
392	0.348494
393	0.348905
394	0.349244
395	0.349473
396	0.349765
397	0.349968
398	0.350116
399	0.350222
400	0.350344
401	0.350366
402	0.35033
403	0.350315
404	0.350236
405	0.350119
406	0.349967
407	0.349709
408	0.349426
409	0.349139
410	0.348838
411	0.348433
412	0.348057
413	0.347549
414	0.347051
415	0.346513
416	0.34595
417	0.345278
418	0.344628
419	0.343875
420	0.343088
421	0.342303
422	0.341422
423	0.34066
424	0.339761
425	0.338994
426	0.338135
427	0.337231
428	0.336328
429	0.335556
430	0.334716
431	0.333877
432	0.332983
433	0.332211
434	0.331262
435	0.330384
436	0.32951
437	0.328826
438	0.32795
439	0.327178
440	0.326385
441	0.325592
442	0.324901
443	0.324167
444	0.323473
445	0.322854
446	0.322283
447	0.321684
448	0.321248
449	0.320795
450	0.320357
451	0.31994
452	0.319584
453	0.319281
454	0.319035
455	0.318733
456	0.31849
457	0.318285
458	0.318174
459	0.318153
460	0.318029
461	0.318061
462	0.31808
463	0.318172
464	0.318273
465	0.318407
466	0.318572
467	0.318762
468	0.318952
469	0.319125
470	0.31941
471	0.319717
472	0.319953
473	0.320148
474	0.320498
475	0.320757
476	0.321091
477	0.32141
478	0.321764
479	0.322103
480	0.322546
481	0.322994
482	0.323365
483	0.323778
484	0.324224
485	0.324671
486	0.325068
487	0.325509
488	0.325928
489	0.326382
490	0.326848
491	0.327246
492	0.327657
493	0.328085
494	0.328494
495	0.328911
496	0.329329
497	0.329745
498	0.330193
499	0.330606
500	0.330988
501	0.331425
502	0.331757
503	0.332215
504	0.332606
505	0.332964
506	0.333323
507	0.333605
508	0.333932
509	0.334193
510	0.334445
511	0.334678
512	0.334897
513	0.335138
514	0.335293
515	0.335498
516	0.335645
517	0.335838
518	0.335997
519	0.336074
520	0.336244
521	0.336323
522	0.336416
523	0.336442
524	0.336572
525	0.336666
526	0.33665
527	0.336618
528	0.336629
529	0.336556
530	0.336532
531	0.336538
532	0.336538
533	0.3364
534	0.336381
535	0.33628
536	0.336218
537	0.336101
538	0.335999
539	0.335884
540	0.335737
541	0.335584
542	0.335444
543	0.335294
544	0.335156
545	0.334873
546	0.334619
547	0.334411
548	0.334166
549	0.333897
550	0.333655
551	0.333398
552	0.33319
553	0.332906
554	0.332583
555	0.332342
556	0.332057
557	0.331842
558	0.331645
559	0.33141
560	0.331194
561	0.330853
562	0.330567
563	0.330313
564	0.330069
565	0.329796
566	0.329572
567	0.329355
568	0.329224
569	0.329023
570	0.328865
571	0.32868
572	0.328477
573	0.328409
574	0.328266
575	0.32807
576	0.327963
577	0.327756
578	0.327572
579	0.327474
580	0.327327
581	0.327182
582	0.327061
583	0.326982
584	0.32686
585	0.326705
586	0.326567
587	0.32657
588	0.326535
589	0.326496
590	0.32639
591	0.326362
592	0.326255
593	0.326152
594	0.32608
595	0.325956
596	0.325921
597	0.325938
598	0.325894
599	0.325972
600	0.325982
601	0.326018
602	0.326098
603	0.326049
604	0.326108
605	0.326155
606	0.326205
607	0.326207
608	0.326365
609	0.326479
610	0.326533
611	0.326628
612	0.326755
613	0.326911
614	0.326913
615	0.326956
616	0.327098
617	0.327189
618	0.327336
619	0.327558
620	0.327744
621	0.327826
622	0.327892
623	0.328082
624	0.328236
625	0.3284
626	0.328594
627	0.328744
628	0.32889
629	0.329044
630	0.329225
631	0.329365
632	0.329563
633	0.329721
634	0.329937
635	0.330151
636	0.330358
637	0.330486
638	0.33072
639	0.330952
640	0.331165
641	0.331385
642	0.331568
643	0.331657
644	0.331803
645	0.331989
646	0.332139
647	0.332307
648	0.332405
649	0.332531
650	0.332697
651	0.332784
652	0.332923
653	0.333103
654	0.333246
655	0.333295
656	0.333437
657	0.333525
658	0.333614
659	0.333647
660	0.333726
661	0.333811
662	0.333849
663	0.33395
664	0.333979
665	0.333936
666	0.333861
667	0.333836
668	0.33384
669	0.333752
670	0.333681
671	0.333587
672	0.333446
673	0.333351
674	0.333242
675	0.33309
676	0.332977
677	0.332863
678	0.332728
679	0.332651
680	0.332574
681	0.332474
682	0.332407
683	0.332313
684	0.332189
685	0.331984
686	0.331819
687	0.331712
688	0.331466
689	0.33133
690	0.331169
691	0.33102
692	0.330857
693	0.330749
694	0.330627
695	0.330473
696	0.330343
697	0.330087
698	0.329868
699	0.329698
700	0.329606
701	0.329429
702	0.329315
703	0.329214
704	0.329113
705	0.328925
706	0.328814
707	0.328649
708	0.328537
709	0.328362
710	0.328231
711	0.328158
712	0.328123
713	0.328083
714	0.327992
715	0.327913
716	0.327872
717	0.327769
718	0.327756
719	0.327723
720	0.327645
721	0.327646
722	0.327629
723	0.327651
724	0.327567
725	0.327526
726	0.32746
727	0.327441
728	0.327469
729	0.327507
730	0.327475
731	0.327472
732	0.327447
733	0.327411
734	0.327377
735	0.327419
736	0.327506
737	0.327526
738	0.327574
739	0.327598
740	0.327664
741	0.327802
742	0.327872
743	0.327914
744	0.32802
745	0.328144
746	0.328265
747	0.328379
748	0.328507
749	0.328667
750	0.3288
751	0.328923
752	0.329023
753	0.329145
754	0.32927
755	0.329398
756	0.329548
757	0.329641
758	0.32975
759	0.329852
760	0.329948
761	0.330054
762	0.330176
763	0.330345
764	0.330443
765	0.330553
766	0.330604
767	0.330583
768	0.330675
769	0.330763
770	0.330929
771	0.331056
772	0.331095
773	0.331155
774	0.331299
775	0.331378
776	0.331501
777	0.331475
778	0.331536
779	0.331597
780	0.331722
781	0.331803
782	0.331856
783	0.331903
784	0.331968
785	0.332124
786	0.332133
787	0.332235
788	0.332305
789	0.332332
790	0.332355
791	0.332411
792	0.332339
793	0.332273
794	0.332199
795	0.332099
796	0.332101
797	0.332015
798	0.331959
799	0.331959
800	0.331923
801	0.331924
802	0.331899
803	0.33183
804	0.331759
805	0.331715
806	0.33159
807	0.331529
808	0.33151
809	0.331419
810	0.331331
811	0.331344
812	0.331321
813	0.331176
814	0.33105
815	0.33094
816	0.330792
817	0.330661
818	0.330537
819	0.330375
820	0.330213
821	0.330075
822	0.329918
823	0.329783
824	0.329634
825	0.329447
826	0.329368
827	0.329279
828	0.329032
829	0.328914
830	0.328723
831	0.328623
832	0.32852
833	0.328373
834	0.328252
835	0.328246
836	0.328167
837	0.328021
838	0.32793
839	0.327857
840	0.327826
841	0.32769
842	0.327689
843	0.327658
844	0.327685
845	0.3276
846	0.327612
847	0.327611
848	0.327607
849	0.327631
850	0.327621
851	0.327652
852	0.327706
853	0.327734
854	0.32782
855	0.327825
856	0.32785
857	0.327813
858	0.327937
859	0.32807
860	0.328134
861	0.328196
862	0.328271
863	0.328353
864	0.328443
865	0.328524
866	0.32869
867	0.328762
868	0.32896
869	0.328981
870	0.328932
871	0.329073
872	0.329154
873	0.3292
874	0.329323
875	0.329408
876	0.329559
877	0.329577
878	0.329541
879	0.329593
880	0.329627
881	0.329694
882	0.329766
883	0.329843
884	0.329873
885	0.32991
886	0.330013
887	0.329985
888	0.32995
889	0.329949
890	0.329946
891	0.329975
892	0.330062
893	0.33001
894	0.33004
895	0.330076
896	0.330218
897	0.330254
898	0.330324
899	0.330372
900	0.33033
901	0.330391
902	0.330353
903	0.330329
904	0.330356
905	0.330457
906	0.330513
907	0.330583
908	0.3306
909	0.330761
910	0.330826
911	0.330867
912	0.33087
913	0.330891
914	0.330858
915	0.330789
916	0.330767
917	0.330733
918	0.33076
919	0.33068
920	0.330712
921	0.33075
922	0.330729
923	0.330674
924	0.330553
925	0.330554
926	0.330538
927	0.330496
928	0.330429
929	0.33037
930	0.330361
931	0.330363
932	0.330305
933	0.330231
934	0.330215
935	0.330179
936	0.330118
937	0.330044
938	0.329952
939	0.32993
940	0.329911
941	0.329883
942	0.329791
943	0.32972
944	0.329716
945	0.329651
946	0.329473
947	0.329382
948	0.329247
949	0.329181
950	0.329128
951	0.329079
952	0.32909
953	0.329043
954	0.329034
955	0.329008
956	0.328957
957	0.328991
958	0.328926
959	0.328937
960	0.328956
961	0.328983
962	0.328978
963	0.328968
964	0.328985
965	0.32895
966	0.328992
967	0.329001
968	0.329047
969	0.329038
970	0.329133
971	0.329198
972	0.329168
973	0.32928
974	0.329322
975	0.329308
976	0.329286
977	0.329274
978	0.329228
979	0.329256
980	0.329256
981	0.329228
982	0.329223
983	0.329112
984	0.329131
985	0.329199
986	0.329219
987	0.329292
988	0.329305
989	0.329288
990	0.329313
991	0.329264
992	0.329273
993	0.329274
994	0.3293
995	0.329261
996	0.32922
997	0.329263
998	0.329302
999	0.329412
1000	0.329461
1001	0.329547
1002	0.329611
1003	0.329618
1004	0.329676
1005	0.329719
1006	0.329767
1007	0.329813
1008	0.32985
1009	0.329896
1010	0.32997
1011	0.329955
1012	0.329962
1013	0.329943
1014	0.329937
1015	0.330014
1016	0.330068
1017	0.330104
1018	0.330174
1019	0.330227
1020	0.330164
1021	0.330211
1022	0.330214
1023	0.330278
1024	0.330275
1025	0.330281
1026	0.330217
1027	0.33032
1028	0.330419
1029	0.330418
1030	0.330487
1031	0.330637
1032	0.330732
1033	0.330756
1034	0.330808
1035	0.330928
1036	0.330895
1037	0.330942
1038	0.331039
1039	0.33111
1040	0.331159
1041	0.33119
1042	0.331241
1043	0.331339
1044	0.331341
1045	0.33133
1046	0.33138
1047	0.331416
1048	0.331459
1049	0.331443
1050	0.331465
1051	0.331497
1052	0.33156
1053	0.331511
1054	0.331526
1055	0.331539
1056	0.331538
1057	0.331591
1058	0.331618
1059	0.331598
1060	0.331587
1061	0.331647
1062	0.331577
1063	0.331546
1064	0.331532
1065	0.331537
1066	0.331509
1067	0.331481
1068	0.331393
1069	0.331265
1070	0.331197
1071	0.331148
1072	0.331118
1073	0.331095
1074	0.330964
1075	0.330943
1076	0.330896
1077	0.330746
1078	0.330662
1079	0.330509
1080	0.330406
1081	0.330342
1082	0.330212
1083	0.330083
1084	0.330052
1085	0.330011
1086	0.329911
1087	0.329913
1088	0.329832
1089	0.329815
1090	0.329786
1091	0.329749
1092	0.329672
1093	0.329535
1094	0.329487
1095	0.329378
1096	0.329337
1097	0.329358
1098	0.329327
1099	0.329344
1100	0.329285
1101	0.329198
1102	0.329182
1103	0.329175
1104	0.329091
1105	0.329044
1106	0.329001
1107	0.328964
1108	0.328885
1109	0.328866
1110	0.32881
1111	0.328778
1112	0.328773
1113	0.328829
1114	0.328844
1115	0.328958
1116	0.328948
1117	0.329025
1118	0.329083
1119	0.329132
1120	0.329193
1121	0.329215
1122	0.32927
1123	0.329286
1124	0.3294
1125	0.329452
1126	0.329513
1127	0.329583
1128	0.329644
1129	0.329721
1130	0.32978
1131	0.329719
1132	0.329713
1133	0.329713
1134	0.329723
1135	0.32965
1136	0.329696
1137	0.329715
1138	0.329688
1139	0.329653
1140	0.329677
1141	0.329602
1142	0.329528
1143	0.329562
1144	0.329545
1145	0.329516
1146	0.329484
1147	0.329426
1148	0.329336
1149	0.32918
1150	0.329157
1151	0.329092
1152	0.329093
1153	0.329105
1154	0.329031
1155	0.329065
1156	0.329008
1157	0.328984
1158	0.329029
1159	0.329041
1160	0.329066
1161	0.329111
1162	0.329034
1163	0.329012
1164	0.329061
1165	0.329074
1166	0.329119
1167	0.329115
1168	0.32911
1169	0.329168
1170	0.32916
1171	0.329127
1172	0.32913
1173	0.329046
1174	0.329088
1175	0.329097
1176	0.329096
1177	0.329073
1178	0.329003
1179	0.32902
1180	0.329046
1181	0.329107
1182	0.329006
1183	0.329046
1184	0.329118
1185	0.329085
1186	0.329161
1187	0.329137
1188	0.329176
1189	0.329308
1190	0.329392
1191	0.329377
1192	0.329432
1193	0.329391
1194	0.329372
1195	0.329324
1196	0.329317
1197	0.329376
1198	0.329365
1199	0.32933
1200	0.329249
1201	0.32922
1202	0.32925
1203	0.329332
1204	0.329295
1205	0.329342
1206	0.329288
1207	0.32929
1208	0.329354
1209	0.329407
1210	0.329405
1211	0.329367
1212	0.329385
1213	0.329357
1214	0.329395
1215	0.329437
1216	0.329453
1217	0.329424
1218	0.329458
1219	0.329461
1220	0.329493
1221	0.32956
1222	0.329612
1223	0.329705
1224	0.329675
1225	0.329728
1226	0.329728
1227	0.329741
1228	0.329783
1229	0.329793
1230	0.329711
1231	0.329661
1232	0.329606
1233	0.329556
1234	0.329578
1235	0.329537
1236	0.329533
1237	0.329524
1238	0.329467
1239	0.329376
1240	0.329387
1241	0.32933
1242	0.329258
1243	0.329315
1244	0.329167
1245	0.329084
1246	0.328955
1247	0.328903
1248	0.328774
1249	0.328776
1250	0.32865
1251	0.328503
1252	0.328444
1253	0.328396
1254	0.32829
1255	0.328174
1256	0.328055
1257	0.32789
1258	0.327767
1259	0.327751
1260	0.327682
1261	0.327587
1262	0.327585
1263	0.327544
1264	0.327483
1265	0.327361
1266	0.32729
1267	0.327258
1268	0.327273
1269	0.327262
1270	0.327264
1271	0.327151
1272	0.327123
1273	0.327072
1274	0.327071
1275	0.327004
1276	0.326941
1277	0.326861
1278	0.326794
1279	0.326706
1280	0.326703
1281	0.326639
1282	0.326667
1283	0.326759
1284	0.326772
1285	0.326827
1286	0.326855
1287	0.326909
1288	0.326985
1289	0.327039
1290	0.32707
1291	0.327162
1292	0.327216
1293	0.327269
1294	0.327399
1295	0.327492
1296	0.327594
1297	0.327593
1298	0.327642
1299	0.32772
1300	0.327865
1301	0.327975
1302	0.328132
1303	0.328308
1304	0.328372
1305	0.328444
1306	0.328598
1307	0.328677
1308	0.328759
1309	0.328888
1310	0.328965
1311	0.329033
1312	0.329162
1313	0.32931
1314	0.329425
1315	0.32952
1316	0.329571
1317	0.329667
1318	0.329742
1319	0.329803
1320	0.329849
1321	0.329876
1322	0.329886
1323	0.329879
1324	0.329926
1325	0.33
1326	0.330065
1327	0.330116
1328	0.330169
1329	0.330191
1330	0.330272
1331	0.330345
1332	0.330463
1333	0.330561
1334	0.330616
1335	0.330583
1336	0.330613
1337	0.330669
1338	0.330732
1339	0.330752
1340	0.330765
1341	0.330766
1342	0.330822
1343	0.33077
1344	0.330726
1345	0.330762
1346	0.330693
1347	0.330696
1348	0.330669
1349	0.330655
1350	0.330699
1351	0.330733
1352	0.330759
1353	0.330804
1354	0.330757
1355	0.330714
1356	0.33064
1357	0.330622
1358	0.330529
1359	0.330525
1360	0.330384
1361	0.330309
1362	0.330188
1363	0.330184
1364	0.330105
1365	0.33003
1366	0.329918
1367	0.329895
1368	0.329745
1369	0.329777
1370	0.329716
1371	0.329713
1372	0.329603
1373	0.329608
1374	0.329539
1375	0.329491
1376	0.329493
1377	0.329406
1378	0.329332
1379	0.329292
1380	0.32938
1381	0.329361
1382	0.32937
1383	0.329392
1384	0.32933
1385	0.32934
1386	0.329374
1387	0.329347
1388	0.329314
1389	0.329316
1390	0.329345
1391	0.329316
1392	0.329303
1393	0.329248
1394	0.329181
1395	0.329165
1396	0.329125
1397	0.329094
1398	0.329107
1399	0.329093
1400	0.329022
1401	0.329057
1402	0.329024
1403	0.328972
1404	0.32897
1405	0.328992
1406	0.328984
1407	0.329059
1408	0.329154
1409	0.329149
1410	0.329182
1411	0.329258
1412	0.32927
1413	0.329303
1414	0.329333
1415	0.329405
1416	0.329516
1417	0.329615
1418	0.329686
1419	0.329799
1420	0.329839
1421	0.329941
1422	0.330068
1423	0.330079
1424	0.330074
1425	0.330125
1426	0.330127
1427	0.330292
1428	0.330406
1429	0.330469
1430	0.330584
1431	0.330663
1432	0.330801
1433	0.330997
1434	0.331138
1435	0.331206
1436	0.331365
1437	0.331474
1438	0.331583
1439	0.33166
1440	0.331732
1441	0.331783
1442	0.331871
1443	0.331935
1444	0.331989
1445	0.331958
1446	0.331974
1447	0.332051
1448	0.332023
1449	0.332045
1450	0.332032
1451	0.332045
1452	0.331998
1453	0.332011
1454	0.331939
1455	0.331865
1456	0.331809
1457	0.331764
1458	0.331702
1459	0.331619
1460	0.331528
1461	0.331486
1462	0.331393
1463	0.331324
1464	0.331264
1465	0.331289
1466	0.331273
1467	0.331255
1468	0.331162
1469	0.331111
1470	0.331058
1471	0.331075
1472	0.331078
1473	0.331062
1474	0.331125
1475	0.331094
1476	0.331033
1477	0.330985
1478	0.330934
1479	0.330861
1480	0.330834
1481	0.330863
1482	0.330787
1483	0.330703
1484	0.330668
1485	0.33065
1486	0.330603
1487	0.330505
1488	0.3305
1489	0.330534
1490	0.330547
1491	0.330637
1492	0.330637
1493	0.330655
1494	0.330583
1495	0.330599
1496	0.33052
1497	0.330414
1498	0.330339
1499	0.330328
1500	0.3303
1501	0.330253
1502	0.330165
1503	0.330154
1504	0.330093
1505	0.330105
1506	0.330106
1507	0.33007
1508	0.329961
1509	0.329892
1510	0.329836
1511	0.329812
1512	0.329659
1513	0.329619
1514	0.329569
1515	0.329459
1516	0.329378
1517	0.329262
1518	0.329256
1519	0.329247
1520	0.329139
1521	0.329029
1522	0.329015
1523	0.329008
1524	0.328957
1525	0.328864
1526	0.32885
1527	0.328772
1528	0.328805
1529	0.328775
1530	0.328678
1531	0.328612
1532	0.328608
1533	0.328579
1534	0.328579
1535	0.328548
1536	0.328559
1537	0.328611
1538	0.328588
1539	0.328651
1540	0.328667
1541	0.328674
1542	0.328676
1543	0.32856
1544	0.328623
1545	0.328652
1546	0.328738
1547	0.328751
1548	0.328892
1549	0.32898
1550	0.328996
1551	0.329063
1552	0.329118
1553	0.329151
1554	0.329255
1555	0.329294
1556	0.329313
1557	0.329371
1558	0.329487
1559	0.329589
1560	0.3297
1561	0.329731
1562	0.329827
1563	0.329832
1564	0.329853
1565	0.329836
1566	0.329777
1567	0.329747
1568	0.329754
1569	0.329836
1570	0.329921
1571	0.329968
1572	0.330026
1573	0.32997
1574	0.330072
1575	0.330062
1576	0.330033
1577	0.330039
1578	0.330102
1579	0.330165
1580	0.330209
1581	0.330216
1582	0.330229
1583	0.330192
1584	0.330196
1585	0.330218
1586	0.330255
1587	0.330166
1588	0.330187
1589	0.330158
1590	0.330122
1591	0.330172
1592	0.330129
1593	0.330097
1594	0.330086
1595	0.330168
1596	0.330184
1597	0.330181
1598	0.33018
1599	0.330203
1600	0.330261
1601	0.330195
1602	0.330205
1603	0.330207
1604	0.330166
1605	0.330157
1606	0.330169
1607	0.330205
1608	0.330232
1609	0.33026
1610	0.330211
1611	0.330196
1612	0.330206
1613	0.330178
1614	0.330195
1615	0.330169
1616	0.330152
1617	0.330111
1618	0.330084
1619	0.330188
1620	0.330261
1621	0.330258
1622	0.330317
1623	0.330317
1624	0.33039
1625	0.330424
1626	0.330488
1627	0.330565
1628	0.330602
1629	0.330703
1630	0.330715
1631	0.33082
1632	0.330885
1633	0.331048
1634	0.33114
1635	0.331249
1636	0.331276
1637	0.331304
1638	0.331326
1639	0.331482
1640	0.331536
1641	0.331643
1642	0.331757
1643	0.331888
1644	0.331942
1645	0.331995
1646	0.332093
1647	0.332194
1648	0.332181
1649	0.33225
1650	0.332283
1651	0.332357
1652	0.332356
1653	0.332364
1654	0.332349
1655	0.332388
1656	0.332457
1657	0.332415
1658	0.332394
1659	0.332403
1660	0.332458
1661	0.332356
1662	0.332282
1663	0.332234
1664	0.332163
1665	0.332125
1666	0.332031
1667	0.331984
1668	0.331868
1669	0.331737
1670	0.331668
1671	0.331647
1672	0.331638
1673	0.331494
1674	0.33144
1675	0.331409
1676	0.331349
1677	0.331342
1678	0.331342
1679	0.331328
1680	0.331307
1681	0.331337
1682	0.331262
1683	0.331114
1684	0.331138
1685	0.331068
1686	0.331054
1687	0.331039
1688	0.330969
1689	0.330954
1690	0.330964
1691	0.331036
1692	0.331069
1693	0.331088
1694	0.331069
1695	0.331036
1696	0.331036
1697	0.331045
1698	0.331042
1699	0.330987
1700	0.330977
1701	0.330968
1702	0.33099
1703	0.330967
1704	0.330917
1705	0.330894
1706	0.330915
1707	0.330908
1708	0.330905
1709	0.330813
1710	0.330745
1711	0.330648
1712	0.330567
1713	0.330595
1714	0.330472
1715	0.330413
1716	0.33041
1717	0.330286
1718	0.330161
1719	0.33007
1720	0.33
1721	0.32995
1722	0.329882
1723	0.329759
1724	0.329656
1725	0.329515
1726	0.329465
1727	0.329385
1728	0.329349
1729	0.329258
1730	0.329186
1731	0.329075
1732	0.329008
1733	0.328959
1734	0.328832
1735	0.32882
1736	0.328809
1737	0.328722
1738	0.328742
1739	0.328728
1740	0.328677
1741	0.328665
1742	0.328577
1743	0.328561
1744	0.328512
1745	0.328464
1746	0.328442
1747	0.328443
1748	0.32841
1749	0.328428
1750	0.328324
1751	0.328255
1752	0.328205
1753	0.328197
1754	0.328248
1755	0.328227
1756	0.328175
1757	0.32821
1758	0.328248
1759	0.328294
1760	0.328337
1761	0.328418
1762	0.328463
1763	0.328508
1764	0.328598
1765	0.328655
1766	0.32865
1767	0.328699
1768	0.328756
1769	0.328831
1770	0.328902
1771	0.32897
1772	0.329023
1773	0.329103
1774	0.329098
1775	0.329125
1776	0.329185
1777	0.329217
1778	0.329221
1779	0.329322
1780	0.329375
1781	0.329408
1782	0.329486
1783	0.329511
1784	0.329581
1785	0.329605
1786	0.329633
1787	0.329613
1788	0.329621
1789	0.329577
1790	0.32963
1791	0.329608
1792	0.329639
1793	0.32964
1794	0.329694
1795	0.329781
1796	0.329813
1797	0.329873
1798	0.329862
1799	0.32994
1800	0.329985
1801	0.329953
1802	0.330008
1803	0.330046
1804	0.330039
1805	0.330026
1806	0.330026
1807	0.330049
1808	0.330094
1809	0.330125
1810	0.330093
1811	0.33009
1812	0.330067
1813	0.330102
1814	0.330111
1815	0.33012
1816	0.330128
1817	0.330208
1818	0.330283
1819	0.330383
1820	0.330389
1821	0.330404
1822	0.330428
1823	0.330421
1824	0.330539
1825	0.330572
1826	0.330616
1827	0.330581
1828	0.330563
1829	0.330509
1830	0.330425
1831	0.330436
1832	0.330436
1833	0.33042
1834	0.330368
1835	0.330395
1836	0.330356
1837	0.330362
1838	0.330373
1839	0.330353
1840	0.33035
1841	0.330302
1842	0.330292
1843	0.330212
1844	0.330232
1845	0.330285
1846	0.330352
1847	0.330303
1848	0.330254
1849	0.330221
1850	0.330221
1851	0.330326
1852	0.330408
1853	0.330435
1854	0.330372
1855	0.330423
1856	0.33045
1857	0.330477
1858	0.330511
1859	0.330586
1860	0.330617
1861	0.330596
1862	0.330549
1863	0.330538
1864	0.330443
1865	0.330404
1866	0.330385
1867	0.330343
1868	0.33032
1869	0.330283
1870	0.330246
1871	0.33026
1872	0.330194
1873	0.33018
1874	0.330158
1875	0.330206
1876	0.330213
1877	0.330125
1878	0.330029
1879	0.330039
1880	0.330018
1881	0.329972
1882	0.329941
1883	0.32996
1884	0.329964
1885	0.329907
1886	0.329868
1887	0.329814
1888	0.329778
1889	0.32979
1890	0.32974
1891	0.329723
1892	0.329701
1893	0.329674
1894	0.329692
1895	0.329722
1896	0.329747
1897	0.329688
1898	0.329652
1899	0.329628
1900	0.329677
1901	0.329569
1902	0.329506
1903	0.329474
1904	0.329442
1905	0.329456
1906	0.329383
1907	0.329357
1908	0.329357
1909	0.329389
1910	0.329419
1911	0.329385
1912	0.329414
1913	0.329434
1914	0.329411
1915	0.329468
1916	0.329432
1917	0.329425
1918	0.32948
1919	0.3295
1920	0.329552
1921	0.329493
1922	0.329468
1923	0.329405
1924	0.329431
1925	0.329369
1926	0.329378
1927	0.329358
1928	0.329349
1929	0.329301
1930	0.329342
1931	0.329326
1932	0.329343
1933	0.329334
1934	0.3293
1935	0.329293
1936	0.329176
1937	0.329107
1938	0.329052
1939	0.329006
1940	0.329018
1941	0.328895
1942	0.328883
1943	0.328833
1944	0.328833
1945	0.328794
1946	0.328752
1947	0.328695
1948	0.328649
1949	0.328682
1950	0.32864
1951	0.328612
1952	0.328554
1953	0.32865
1954	0.328653
1955	0.328683
1956	0.328609
1957	0.328536
1958	0.328592
1959	0.328572
1960	0.328623
1961	0.328584
1962	0.32858
1963	0.328602
1964	0.328605
1965	0.328598
1966	0.328666
1967	0.328689
1968	0.328689
1969	0.328647
1970	0.328682
1971	0.328677
1972	0.328668
1973	0.328619
1974	0.328624
1975	0.328656
1976	0.328748
1977	0.328826
1978	0.32884
1979	0.328842
1980	0.328875
1981	0.328883
1982	0.328929
1983	0.328922
1984	0.328917
1985	0.32902
1986	0.329125
1987	0.329167
1988	0.329275
1989	0.329334
1990	0.329421
1991	0.329443
1992	0.329394
1993	0.329416
1994	0.329361
1995	0.329421
1996	0.32944
1997	0.329475
1998	0.329605
1999	0.329627
2000	0.329653
2001	0.329712
2002	0.329715
2003	0.329733
2004	0.329719
2005	0.329762
2006	0.329825
2007	0.329799
2008	0.329828
2009	0.32985
2010	0.329843
2011	0.32991
2012	0.329956
2013	0.329984
2014	0.330065
2015	0.33012
2016	0.330149
2017	0.330186
2018	0.330229
2019	0.330272
2020	0.330319
2021	0.330312
2022	0.330371
2023	0.330337
2024	0.330388
2025	0.33037
2026	0.330363
2027	0.33044
2028	0.330443
2029	0.330447
2030	0.330469
2031	0.330493
2032	0.33046
2033	0.330466
2034	0.330461
2035	0.330529
2036	0.33057
2037	0.3306
2038	0.330635
2039	0.33064
2040	0.330621
2041	0.330628
2042	0.330592
2043	0.330555
2044	0.330544
2045	0.330508
2046	0.330604
2047	0.330657
2048	0.330672
2049	0.330593
2050	0.330564
2051	0.330589
2052	0.330623
2053	0.330625
2054	0.330613
2055	0.33067
2056	0.330635
2057	0.330595
2058	0.330618
2059	0.330632
2060	0.33057
2061	0.330579
2062	0.330568
2063	0.33055
2064	0.330555
2065	0.330483
2066	0.330477
2067	0.330467
2068	0.330447
2069	0.330409
2070	0.330378
2071	0.330348
2072	0.330262
2073	0.330278
2074	0.330293
2075	0.330258
2076	0.330294
2077	0.330358
2078	0.330305
2079	0.33038
2080	0.330429
2081	0.33045
2082	0.330456
2083	0.330473
2084	0.33056
2085	0.330557
2086	0.33054
2087	0.330582
2088	0.330567
2089	0.330557
2090	0.330559
2091	0.330578
2092	0.330563
2093	0.330561
2094	0.330602
2095	0.330611
2096	0.330614
2097	0.33055
2098	0.330585
2099	0.330499
2100	0.330475
2101	0.330388
2102	0.330383
2103	0.330282
2104	0.330232
2105	0.33022
2106	0.330188
2107	0.33006
2108	0.330029
2109	0.329944
2110	0.329819
2111	0.329755
2112	0.329685
2113	0.329624
2114	0.329589
2115	0.329486
2116	0.329436
2117	0.329369
2118	0.329311
2119	0.32917
2120	0.329142
2121	0.329017
2122	0.328863
2123	0.328747
2124	0.328673
2125	0.328603
2126	0.328516
2127	0.328379
2128	0.328297
2129	0.328299
2130	0.328245
2131	0.328223
2132	0.328195
2133	0.328154
2134	0.328087
2135	0.328074
2136	0.328108
2137	0.328151
2138	0.328072
2139	0.328125
2140	0.328183
2141	0.328238
2142	0.328218
2143	0.328246
2144	0.328328
2145	0.328391
2146	0.328441
2147	0.328564
2148	0.328584
2149	0.328652
2150	0.328713
2151	0.328834
2152	0.328964
2153	0.329071
2154	0.329251
2155	0.329358
2156	0.329531
2157	0.329663
2158	0.329744
2159	0.329933
2160	0.330065
2161	0.330229
2162	0.330381
2163	0.330562
2164	0.330854
2165	0.331043
2166	0.331105
2167	0.331213
2168	0.331392
2169	0.331494
2170	0.331613
2171	0.331754
2172	0.331875
2173	0.331992
2174	0.332144
2175	0.332227
2176	0.332339
2177	0.332347
2178	0.332456
2179	0.332549
2180	0.332674
2181	0.332726
2182	0.332784
2183	0.33283
2184	0.332839
2185	0.332816
2186	0.332788
2187	0.332783
2188	0.332712
2189	0.33266
2190	0.332605
2191	0.332526
2192	0.332499
2193	0.332492
2194	0.332393
2195	0.332279
2196	0.332265
2197	0.332175
2198	0.33207
2199	0.33199
2200	0.331923
2201	0.331862
2202	0.331789
2203	0.331648
2204	0.331572
2205	0.331446
2206	0.331385
2207	0.331293
2208	0.33126
2209	0.33101
2210	0.330885
2211	0.330796
2212	0.330666
2213	0.330539
2214	0.330428
2215	0.330282
2216	0.330143
2217	0.330095
2218	0.330001
2219	0.330012
2220	0.32999
2221	0.329884
2222	0.329791
2223	0.329697
2224	0.32961
2225	0.329536
2226	0.329463
2227	0.329341
2228	0.329182
2229	0.329042
2230	0.328974
2231	0.328955
2232	0.328867
2233	0.328891
2234	0.328889
2235	0.328749
2236	0.32868
2237	0.328687
2238	0.328708
2239	0.328714
2240	0.32862
2241	0.328566
2242	0.328547
2243	0.328543
2244	0.328562
2245	0.328655
2246	0.32868
2247	0.328707
2248	0.328731
2249	0.328731
2250	0.328776
2251	0.328848
2252	0.328875
2253	0.32895
2254	0.328971
2255	0.328974
2256	0.328987
2257	0.329029
2258	0.329022
2259	0.329091
2260	0.329088
2261	0.329103
2262	0.329113
2263	0.32922
2264	0.329231
2265	0.329297
2266	0.329385
2267	0.329492
2268	0.329534
2269	0.329625
2270	0.329658
2271	0.32965
2272	0.329664
2273	0.329739
2274	0.329736
2275	0.329833
2276	0.329861
2277	0.329828
2278	0.329893
2279	0.329952
2280	0.330068
2281	0.330129
2282	0.330068
2283	0.330161
2284	0.330246
2285	0.33024
2286	0.330322
2287	0.330382
2288	0.330479
2289	0.330604
2290	0.330668
2291	0.330722
2292	0.330734
2293	0.330808
2294	0.330866
2295	0.330845
2296	0.33098
2297	0.331044
2298	0.33112
2299	0.331138
2300	0.331172
2301	0.331173
2302	0.331174
2303	0.331237
2304	0.331164
2305	0.331218
2306	0.33126
2307	0.331281
2308	0.331279
2309	0.331244
2310	0.33126
2311	0.331251
2312	0.331255
2313	0.331263
2314	0.331209
2315	0.331131
2316	0.331041
2317	0.33096
2318	0.330851
2319	0.330793
2320	0.330798
2321	0.330844
2322	0.330863
2323	0.330817
2324	0.33074
2325	0.330723
2326	0.330691
2327	0.330659
2328	0.330637
2329	0.330555
2330	0.330513
2331	0.330468
2332	0.330418
2333	0.330349
2334	0.330228
2335	0.330162
2336	0.330143
2337	0.330162
2338	0.330103
2339	0.329996
2340	0.32997
2341	0.329827
2342	0.329771
2343	0.329673
2344	0.329605
2345	0.329494
2346	0.329351
2347	0.329236
2348	0.329189
2349	0.329149
2350	0.329052
2351	0.329019
2352	0.328938
2353	0.328881
2354	0.328839
2355	0.328754
2356	0.328761
2357	0.328682
2358	0.328592
2359	0.328569
2360	0.32848
2361	0.32847
2362	0.328394
2363	0.328335
2364	0.328237
2365	0.328215
2366	0.328126
2367	0.328097
2368	0.328056
2369	0.32806
2370	0.328016
2371	0.327972
2372	0.327912
2373	0.327861
2374	0.32779
2375	0.327814
2376	0.327784
2377	0.327782
2378	0.327789
2379	0.327724
2380	0.327791
2381	0.327891
2382	0.327907
2383	0.327943
2384	0.327978
2385	0.327964
2386	0.327944
2387	0.327877
2388	0.32787
2389	0.327753
2390	0.327801
2391	0.327798
2392	0.327835
2393	0.327859
2394	0.327898
2395	0.32797
2396	0.327945
2397	0.328056
2398	0.32818
2399	0.328266
2400	0.328329
2401	0.32837
2402	0.328494
2403	0.328542
2404	0.328629
2405	0.32869
2406	0.32876
2407	0.328795
2408	0.328847
2409	0.328875
2410	0.328969
2411	0.329117
2412	0.329166
2413	0.329204
2414	0.329288
2415	0.329291
2416	0.329342
2417	0.329429
2418	0.329505
2419	0.329596
2420	0.329599
2421	0.329683
2422	0.329763
2423	0.329877
2424	0.329906
2425	0.330025
2426	0.330046
2427	0.330077
2428	0.330132
2429	0.330119
2430	0.330186
2431	0.330246
2432	0.33029
2433	0.330365
2434	0.33038
2435	0.330458
2436	0.330451
2437	0.330496
2438	0.330562
2439	0.33061
2440	0.330728
2441	0.33081
2442	0.330932
2443	0.331051
2444	0.331199
2445	0.331298
2446	0.331325
2447	0.331425
2448	0.331521
2449	0.331593
2450	0.331672
2451	0.331707
2452	0.331818
2453	0.331807
2454	0.331786
2455	0.331809
2456	0.331811
2457	0.331883
2458	0.331894
2459	0.331966
2460	0.331975
2461	0.331944
2462	0.331907
2463	0.331875
2464	0.331862
2465	0.331886
2466	0.331913
2467	0.331958
2468	0.331972
2469	0.331918
2470	0.331975
2471	0.331996
2472	0.332001
2473	0.332007
2474	0.331973
2475	0.331979
2476	0.331982
2477	0.331927
2478	0.331904
2479	0.331836
2480	0.331762
2481	0.331682
2482	0.331643
2483	0.331579
2484	0.331453
2485	0.331319
2486	0.331288
2487	0.331103
2488	0.330918
2489	0.330735
2490	0.330585
2491	0.330512
2492	0.33043
2493	0.330268
2494	0.330272
2495	0.330128
2496	0.33006
2497	0.329979
2498	0.329889
2499	0.329778
2500	0.329719
2501	0.329595
2502	0.329501
2503	0.329425
2504	0.329338
2505	0.329378
2506	0.329329
2507	0.329303
2508	0.32939
2509	0.32937
2510	0.329322
2511	0.329273
2512	0.329259
2513	0.329236
2514	0.329171
2515	0.329202
2516	0.329223
2517	0.329233
2518	0.329238
2519	0.329255
2520	0.329192
2521	0.329178
2522	0.329224
2523	0.329182
2524	0.329129
2525	0.329089
2526	0.329128
2527	0.329081
2528	0.329057
2529	0.329017
2530	0.328999
2531	0.328958
2532	0.328893
2533	0.328886
2534	0.328795
2535	0.328791
2536	0.328811
2537	0.328811
2538	0.328869
2539	0.328876
2540	0.328882
2541	0.328946
2542	0.329001
2543	0.329016
2544	0.329008
2545	0.328986
2546	0.328949
2547	0.328984
2548	0.328972
2549	0.329028
2550	0.329012
2551	0.329015
2552	0.329067
2553	0.329
2554	0.328915
2555	0.328893
2556	0.328957
2557	0.328913
2558	0.328951
2559	0.329051
2560	0.328998
2561	0.329032
2562	0.329051
2563	0.329065
2564	0.329029
2565	0.32905
2566	0.32904
2567	0.329029
2568	0.329058
2569	0.329044
2570	0.329088
2571	0.329185
2572	0.329213
2573	0.329196
2574	0.329228
2575	0.32936
2576	0.329383
2577	0.329435
2578	0.329517
2579	0.32959
2580	0.329646
2581	0.32974
2582	0.329768
2583	0.32983
2584	0.329981
2585	0.330017
2586	0.330058
2587	0.330105
2588	0.330142
2589	0.330178
2590	0.33022
2591	0.330282
2592	0.330318
2593	0.330331
2594	0.330312
2595	0.33029
2596	0.330193
2597	0.330189
2598	0.330193
2599	0.330151
2600	0.330171
2601	0.330236
2602	0.330176
2603	0.330211
2604	0.330246
2605	0.330244
2606	0.330289
2607	0.330296
2608	0.330315
2609	0.330333
2610	0.330333
2611	0.330299
2612	0.330251
2613	0.330205
2614	0.330114
2615	0.330074
2616	0.330075
2617	0.330034
2618	0.330027
2619	0.330033
2620	0.330033
2621	0.329998
2622	0.330023
2623	0.329915
2624	0.329819
2625	0.329818
2626	0.32977
2627	0.329747
2628	0.32975
2629	0.32971
2630	0.329693
2631	0.329652
2632	0.329575
2633	0.329616
2634	0.329542
2635	0.329474
2636	0.329403
2637	0.329377
2638	0.329283
2639	0.329228
2640	0.32911
2641	0.329056
2642	0.328981
2643	0.328966
2644	0.328905
2645	0.328806
2646	0.328731
2647	0.328698
2648	0.328675
2649	0.328698
2650	0.328743
2651	0.328746
2652	0.328756
2653	0.328839
2654	0.328822
2655	0.328851
2656	0.328943
2657	0.328918
2658	0.328904
2659	0.328941
2660	0.329003
2661	0.328983
2662	0.329009
2663	0.32912
2664	0.329229
2665	0.329268
2666	0.32922
2667	0.329209
2668	0.329219
2669	0.329305
2670	0.329336
2671	0.329367
2672	0.329434
2673	0.329555
2674	0.329614
2675	0.329719
2676	0.329782
2677	0.329745
2678	0.329745
2679	0.329792
2680	0.329802
2681	0.32976
2682	0.329885
2683	0.329956
2684	0.329995
2685	0.330005
2686	0.330043
2687	0.33008
2688	0.33013
2689	0.330163
2690	0.330247
2691	0.330309
2692	0.330417
2693	0.330519
2694	0.330583
2695	0.33063
2696	0.330651
2697	0.330647
2698	0.330656
2699	0.330656
2700	0.330659
2701	0.330706
2702	0.330661
2703	0.330711
2704	0.330669
2705	0.330651
2706	0.330634
2707	0.330603
2708	0.330548
2709	0.330507
2710	0.330471
2711	0.330491
2712	0.330589
2713	0.330623
2714	0.330668
2715	0.330709
2716	0.330786
2717	0.330819
2718	0.330829
2719	0.330835
2720	0.330782
2721	0.330727
2722	0.330689
2723	0.330609
2724	0.330571
2725	0.33052
2726	0.330447
2727	0.330478
2728	0.33054
2729	0.330642
2730	0.330528
2731	0.330499
2732	0.330494
2733	0.330502
2734	0.330479
2735	0.330475
2736	0.330482
2737	0.330561
2738	0.330573
2739	0.330523
2740	0.33058
2741	0.330624
2742	0.330689
2743	0.330817
2744	0.330873
2745	0.330912
2746	0.33094
2747	0.330912
2748	0.3309
2749	0.330919
2750	0.330972
2751	0.330913
2752	0.330815
2753	0.330839
2754	0.330738
2755	0.33074
2756	0.330713
2757	0.330594
2758	0.330434
2759	0.330406
2760	0.330323
2761	0.330218
2762	0.330077
2763	0.329986
2764	0.329905
2765	0.329858
2766	0.329814
2767	0.329787
2768	0.3298
2769	0.329679
2770	0.329605
2771	0.329522
2772	0.329461
2773	0.329443
2774	0.3294
2775	0.329321
2776	0.329301
2777	0.329329
2778	0.329302
2779	0.329271
2780	0.329255
2781	0.329197
2782	0.329164
2783	0.329068
2784	0.329087
2785	0.329107
2786	0.329128
2787	0.329089
2788	0.329021
2789	0.328952
2790	0.329001
2791	0.329
2792	0.329044
2793	0.329147
2794	0.329213
2795	0.329234
2796	0.329232
2797	0.329239
2798	0.329316
2799	0.329379
2800	0.329466
2801	0.329587
2802	0.329518
2803	0.329585
2804	0.329596
2805	0.329555
2806	0.329613
2807	0.329657
2808	0.329748
2809	0.329737
2810	0.329801
2811	0.329875
2812	0.329887
2813	0.329905
2814	0.329893
2815	0.329984
2816	0.329924
2817	0.329893
2818	0.329895
2819	0.329898
2820	0.329894
2821	0.329859
2822	0.329785
2823	0.329787
2824	0.329764
2825	0.329749
2826	0.329653
2827	0.32965
2828	0.329557
2829	0.329598
2830	0.329555
2831	0.329607
2832	0.329615
2833	0.329676
2834	0.329714
2835	0.329801
2836	0.329845
2837	0.329859
2838	0.329902
2839	0.329861
2840	0.329843
2841	0.329863
2842	0.329849
2843	0.329879
2844	0.329915
2845	0.329966
2846	0.329928
2847	0.329931
2848	0.329961
2849	0.329861
2850	0.32977
2851	0.329783
2852	0.329764
2853	0.329783
2854	0.329766
2855	0.329871
2856	0.329899
2857	0.329947
2858	0.329979
2859	0.330033
2860	0.330082
2861	0.330135
2862	0.330146
2863	0.330181
2864	0.330219
2865	0.330205
2866	0.330321
2867	0.330399
2868	0.330392
2869	0.330434
2870	0.3304
2871	0.330374
2872	0.330315
2873	0.330295
2874	0.330244
2875	0.330235
2876	0.330253
2877	0.330263
2878	0.330354
2879	0.330394
2880	0.330405
2881	0.33035
2882	0.330406
2883	0.330399
2884	0.33041
2885	0.330364
2886	0.330323
2887	0.330339
2888	0.330385
2889	0.330406
2890	0.330397
2891	0.33044
2892	0.330427
2893	0.330462
2894	0.330428
2895	0.330395
2896	0.330412
2897	0.330347
2898	0.3303
2899	0.330232
2900	0.330159
2901	0.330047
2902	0.329987
2903	0.329974
2904	0.329954
2905	0.329935
2906	0.329955
2907	0.329961
2908	0.329946
2909	0.329894
2910	0.329933
2911	0.329997
2912	0.329956
2913	0.329861
2914	0.329788
2915	0.329723
2916	0.329673
2917	0.329715
2918	0.32976
2919	0.329766
2920	0.329852
2921	0.329858
2922	0.329911
2923	0.329917
2924	0.32992
2925	0.329969
2926	0.329942
2927	0.329957
2928	0.330022
2929	0.330011
2930	0.330088
2931	0.330085
2932	0.330156
2933	0.330263
2934	0.330337
2935	0.330339
2936	0.330464
2937	0.33058
2938	0.330609
2939	0.330666
2940	0.330659
2941	0.330719
2942	0.33072
2943	0.33062
2944	0.330659
2945	0.330686
2946	0.33072
2947	0.330778
2948	0.330793
2949	0.330817
2950	0.330765
2951	0.330806
2952	0.330804
2953	0.330838
2954	0.330855
2955	0.330768
2956	0.330705
2957	0.330652
2958	0.330687
2959	0.330547
2960	0.330486
2961	0.330519
2962	0.330436
2963	0.330484
2964	0.330526
2965	0.330546
2966	0.330592
2967	0.330564
2968	0.330573
2969	0.330539
2970	0.330525
2971	0.330504
2972	0.330514
2973	0.330554
2974	0.33059
2975	0.330672
2976	0.330742
2977	0.330862
2978	0.330864
2979	0.330962
2980	0.331006
2981	0.331004
2982	0.331
2983	0.330988
2984	0.330926
2985	0.330938
2986	0.330945
2987	0.331
2988	0.330981
2989	0.330964
2990	0.330962
2991	0.330944
2992	0.330945
2993	0.330889
2994	0.330811
2995	0.330734
2996	0.330746
2997	0.330728
2998	0.330734
2999	0.330673
3000	0.330673
3001	0.330584
3002	0.330595
3003	0.33059
3004	0.330585
3005	0.330534
3006	0.330572
3007	0.330577
3008	0.330566
3009	0.330595
3010	0.330589
3011	0.330584
3012	0.330649
3013	0.3307
3014	0.330709
3015	0.33074
3016	0.33078
3017	0.330841
3018	0.3309
3019	0.330882
3020	0.330934
3021	0.330933
3022	0.330963
3023	0.331005
3024	0.331007
3025	0.331019
3026	0.330927
3027	0.330857
3028	0.330767
3029	0.330755
3030	0.330753
3031	0.33078
3032	0.330768
3033	0.330767
3034	0.330797
3035	0.330848
3036	0.330795
3037	0.330762
3038	0.330732
3039	0.330769
3040	0.330812
3041	0.330796
3042	0.330794
3043	0.330779
3044	0.330729
3045	0.330775
3046	0.330693
3047	0.330627
3048	0.330616
3049	0.330595
3050	0.330587
3051	0.330567
3052	0.330509
3053	0.330496
3054	0.330481
3055	0.330399
3056	0.330385
3057	0.330361
3058	0.330286
3059	0.330249
3060	0.330207
3061	0.330265
3062	0.330291
3063	0.330294
3064	0.330235
3065	0.330224
3066	0.330238
3067	0.330214
3068	0.330221
3069	0.330215
3070	0.330173
3071	0.330163
3072	0.3301
3073	0.330043
3074	0.329941
3075	0.329874
3076	0.329829
3077	0.329793
3078	0.32975
3079	0.329646
3080	0.329615
3081	0.329564
3082	0.329536
3083	0.32945
3084	0.329313
3085	0.329297
3086	0.329258
3087	0.329189
3088	0.329169
3089	0.329113
3090	0.329089
3091	0.329138
3092	0.329144
3093	0.329073
3094	0.329079
3095	0.329076
3096	0.329054
3097	0.329009
3098	0.329029
3099	0.329056
3100	0.328976
3101	0.328882
3102	0.32885
3103	0.328799
3104	0.328769
3105	0.328777
3106	0.328774
3107	0.328777
3108	0.328781
3109	0.328779
3110	0.328812
3111	0.328818
3112	0.328835
3113	0.328834
3114	0.32881
3115	0.328874
3116	0.328869
3117	0.328903
3118	0.328857
3119	0.32883
3120	0.328795
3121	0.328776
3122	0.328818
3123	0.328807
3124	0.328889
3125	0.328874
3126	0.328903
3127	0.32884
3128	0.32881
3129	0.32887
3130	0.328874
3131	0.328853
3132	0.328889
3133	0.328823
3134	0.328849
3135	0.328864
3136	0.328905
3137	0.328961
3138	0.328989
3139	0.329029
3140	0.329042
3141	0.329054
3142	0.329095
3143	0.329135
3144	0.3292
3145	0.329322
3146	0.329369
3147	0.329459
3148	0.329588
3149	0.329627
3150	0.329646
3151	0.329722
3152	0.329831
3153	0.329934
3154	0.330005
3155	0.330084
3156	0.330109
3157	0.330208
3158	0.330351
3159	0.33049
3160	0.330559
3161	0.330689
3162	0.330819
3163	0.330892
3164	0.330994
3165	0.331019
3166	0.331072
3167	0.331097
3168	0.331135
3169	0.331103
3170	0.331158
3171	0.331171
3172	0.331153
3173	0.331201
3174	0.331148
3175	0.331236
3176	0.331286
3177	0.331273
3178	0.33131
3179	0.331337
3180	0.331372
3181	0.331449
3182	0.331395
3183	0.331429
3184	0.331422
3185	0.331297
3186	0.331277
3187	0.331286
3188	0.331241
3189	0.331235
3190	0.331226
3191	0.331133
3192	0.331038
3193	0.331001
3194	0.33105
3195	0.331037
3196	0.331028
3197	0.331076
3198	0.331038
3199	0.330968
3200	0.330949
3201	0.330975
3202	0.330912
3203	0.330847
3204	0.330873
3205	0.330874
3206	0.330899
3207	0.330832
3208	0.330876
3209	0.330928
3210	0.330937
3211	0.330932
3212	0.330898
3213	0.33098
3214	0.330963
3215	0.331001
3216	0.330975
3217	0.330942
3218	0.330919
3219	0.330954
3220	0.330953
3221	0.33098
3222	0.330845
3223	0.330697
3224	0.330591
3225	0.330453
3226	0.330376
3227	0.330281
3228	0.330229
3229	0.330126
3230	0.330057
3231	0.330039
3232	0.329989
3233	0.329917
3234	0.329906
3235	0.329851
3236	0.329905
3237	0.329914
3238	0.3299
3239	0.329863
3240	0.329876
3241	0.329885
3242	0.329804
3243	0.329733
3244	0.329734
3245	0.329649
3246	0.329641
3247	0.329607
3248	0.329659
3249	0.329771
3250	0.329721
3251	0.329685
3252	0.329689
3253	0.329635
3254	0.329534
3255	0.329496
3256	0.329464
3257	0.329432
3258	0.329472
3259	0.329524
3260	0.32952
3261	0.329479
3262	0.329463
3263	0.329435
3264	0.329376
3265	0.329333
3266	0.329324
3267	0.329413
3268	0.329357
3269	0.329327
3270	0.329297
3271	0.329358
3272	0.329292
3273	0.329273
3274	0.329205
3275	0.329186
3276	0.329188
3277	0.3292
3278	0.329252
3279	0.329278
3280	0.329256
3281	0.329209
3282	0.329269
3283	0.329279
3284	0.329298
3285	0.329279
3286	0.329205
3287	0.329284
3288	0.329267
3289	0.329314
3290	0.329354
3291	0.329337
3292	0.329287
3293	0.329223
3294	0.329191
3295	0.329154
3296	0.32914
3297	0.329166
3298	0.329153
3299	0.32915
3300	0.329126
3301	0.329123
3302	0.329157
3303	0.329133
3304	0.329214
3305	0.329145
3306	0.329153
3307	0.329109
3308	0.32909
3309	0.329071
3310	0.329055
3311	0.329082
3312	0.329097
3313	0.329173
3314	0.329214
3315	0.329264
3316	0.329369
3317	0.329452
3318	0.329609
3319	0.329666
3320	0.329758
3321	0.329864
3322	0.329977
3323	0.330102
3324	0.330196
3325	0.330254
3326	0.330301
3327	0.330457
3328	0.330532
3329	0.330633
3330	0.330696
3331	0.330846
3332	0.330971
3333	0.331156
3334	0.331248
3335	0.331383
3336	0.331432
3337	0.331512
3338	0.331704
3339	0.331751
3340	0.331884
3341	0.331895
3342	0.331911
3343	0.332018
3344	0.33207
3345	0.332059
3346	0.33201
3347	0.332009
3348	0.332093
3349	0.332166
3350	0.33219
3351	0.332209
3352	0.332174
3353	0.332206
3354	0.332089
3355	0.332017
3356	0.332046
3357	0.332029
3358	0.332047
3359	0.332094
3360	0.331988
3361	0.331897
3362	0.331829
3363	0.331771
3364	0.331631
3365	0.331565
3366	0.331533
3367	0.331493
3368	0.331424
3369	0.331352
3370	0.331241
3371	0.331143
3372	0.331069
3373	0.331022
3374	0.330985
3375	0.331034
3376	0.331002
3377	0.331004
3378	0.331007
3379	0.330954
3380	0.330877
3381	0.33082
3382	0.330823
3383	0.330822
3384	0.330816
3385	0.330822
3386	0.33068
3387	0.330717
3388	0.330746
3389	0.33073
3390	0.330727
3391	0.330629
3392	0.330628
3393	0.330639
3394	0.33062
3395	0.330492
3396	0.330374
3397	0.330237
3398	0.330218
3399	0.33007
3400	0.329936
3401	0.329924
3402	0.329881
3403	0.32979
3404	0.329744
3405	0.329666
3406	0.329587
3407	0.329588
3408	0.329485
3409	0.329426
3410	0.329438
3411	0.329352
3412	0.329379
3413	0.329292
3414	0.32926
3415	0.329258
3416	0.329186
3417	0.329149
3418	0.329057
3419	0.328956
3420	0.328978
3421	0.328992
3422	0.329003
3423	0.329
3424	0.329053
3425	0.329106
3426	0.329166
3427	0.329246
3428	0.329194
3429	0.329265
3430	0.329272
3431	0.329323
3432	0.329426
3433	0.329398
3434	0.329482
3435	0.329544
3436	0.329572
3437	0.329595
3438	0.32964
3439	0.329704
3440	0.329738
3441	0.329821
3442	0.329853
3443	0.329943
3444	0.329977
3445	0.330025
3446	0.330043
3447	0.330058
3448	0.330068
3449	0.330089
3450	0.329985
3451	0.329958
3452	0.329977
3453	0.329987
3454	0.329994
3455	0.329966
3456	0.330008
3457	0.330084
3458	0.330198
3459	0.33023
3460	0.330228
3461	0.330229
3462	0.33022
3463	0.330232
3464	0.330321
3465	0.330377
3466	0.330414
3467	0.330456
3468	0.330599
3469	0.330604
3470	0.330738
3471	0.330844
3472	0.330898
3473	0.330966
3474	0.331105
3475	0.33126
3476	0.331283
3477	0.331399
3478	0.331461
3479	0.331505
3480	0.331573
3481	0.331693
3482	0.331703
3483	0.331696
3484	0.331727
3485	0.331735
3486	0.331812
3487	0.331759
3488	0.331733
3489	0.331631
3490	0.331658
3491	0.331632
3492	0.331607
3493	0.331563
3494	0.331403
3495	0.331376
3496	0.331359
3497	0.331334
3498	0.331367
3499	0.331321
3500	0.331331
3501	0.331333
3502	0.33131
3503	0.331273
3504	0.331243
3505	0.331204
3506	0.331166
3507	0.33111
3508	0.33108
3509	0.33098
3510	0.330874
3511	0.33088
3512	0.330838
3513	0.330753
3514	0.330716
3515	0.330683
3516	0.33059
3517	0.330492
3518	0.33042
3519	0.330361
3520	0.330407
3521	0.330353
3522	0.330291
3523	0.330153
3524	0.330058
3525	0.329983
3526	0.329899
3527	0.329824
3528	0.329805
3529	0.329739
3530	0.329737
3531	0.329698
3532	0.329746
3533	0.329673
3534	0.329591
3535	0.329489
3536	0.329394
3537	0.329351
3538	0.329297
3539	0.329224
3540	0.329174
3541	0.329043
3542	0.328912
3543	0.32875
3544	0.328592
3545	0.328449
3546	0.328349
3547	0.328317
3548	0.328221
3549	0.328103
3550	0.328027
3551	0.328063
3552	0.328019
3553	0.327961
3554	0.327961
3555	0.327921
3556	0.327907
3557	0.327889
3558	0.327912
3559	0.327949
3560	0.327939
3561	0.327997
3562	0.328025
3563	0.327903
3564	0.32787
3565	0.327778
3566	0.327726
3567	0.327734
3568	0.327746
3569	0.32771
3570	0.327772
3571	0.327794
3572	0.327774
3573	0.327778
3574	0.327766
3575	0.327809
3576	0.327856
3577	0.327903
3578	0.327901
3579	0.327975
3580	0.328036
3581	0.328082
3582	0.328126
3583	0.328153
3584	0.328218
3585	0.328321
3586	0.3284
3587	0.32854
3588	0.328594
3589	0.328728
3590	0.328813
3591	0.328873
3592	0.328985
3593	0.329048
3594	0.329145
3595	0.329201
3596	0.329253
3597	0.329384
3598	0.329448
3599	0.329549
3600	0.32956
3601	0.329703
3602	0.329786
3603	0.329904
3604	0.329986
3605	0.330082
3606	0.330171
3607	0.330319
3608	0.33046
3609	0.330545
3610	0.330624
3611	0.330708
3612	0.330784
3613	0.330968
3614	0.331087
3615	0.331173
3616	0.331271
3617	0.331381
3618	0.331424
3619	0.331434
3620	0.331412
3621	0.331505
3622	0.331582
3623	0.331562
3624	0.331701
3625	0.331774
3626	0.331787
3627	0.331826
3628	0.331881
3629	0.331905
3630	0.331911
3631	0.331919
3632	0.331829
3633	0.331871
3634	0.331914
3635	0.33197
3636	0.331908
3637	0.33189
3638	0.331784
3639	0.331747
3640	0.331672
3641	0.331564
3642	0.331496
3643	0.331447
3644	0.33144
3645	0.3314
3646	0.331378
3647	0.331277
3648	0.331267
3649	0.331104
3650	0.330992
3651	0.330962
3652	0.330902
3653	0.330901
3654	0.330868
3655	0.330881
3656	0.3308
3657	0.330759
3658	0.330721
3659	0.330614
3660	0.330535
3661	0.330479
3662	0.330417
3663	0.33039
3664	0.330253
3665	0.330223
3666	0.330212
3667	0.330222
3668	0.33018
3669	0.330175
3670	0.330152
3671	0.330154
3672	0.330156
3673	0.330122
3674	0.330092
3675	0.330068
3676	0.330071
3677	0.330015
3678	0.329946
3679	0.329966
3680	0.329924
3681	0.329907
3682	0.329878
3683	0.329818
3684	0.329857
3685	0.329806
3686	0.329695
3687	0.329648
3688	0.329601
3689	0.329557
3690	0.329537
3691	0.329505
3692	0.32942
3693	0.329451
3694	0.329436
3695	0.329452
3696	0.329461
3697	0.329412
3698	0.329376
3699	0.329402
3700	0.32945
3701	0.329489
3702	0.329473
3703	0.329476
3704	0.32954
3705	0.329639
3706	0.329656
3707	0.329737
3708	0.329773
3709	0.329815
3710	0.3298
3711	0.329824
3712	0.329922
3713	0.330009
3714	0.330062
3715	0.33012
3716	0.3302
3717	0.330292
3718	0.330345
3719	0.330464
3720	0.330507
3721	0.330599
3722	0.330606
3723	0.330652
3724	0.330707
3725	0.330755
3726	0.330789
3727	0.330756
3728	0.330815
3729	0.330819
3730	0.330798
3731	0.330773
3732	0.330804
3733	0.330775
3734	0.330805
3735	0.330796
3736	0.33084
3737	0.33091
3738	0.330954
3739	0.331032
3740	0.331117
3741	0.331181
3742	0.331149
3743	0.331144
3744	0.33122
3745	0.331277
3746	0.331386
3747	0.331459
3748	0.331465
3749	0.331547
3750	0.331663
3751	0.331622
3752	0.331705
3753	0.331708
3754	0.331684
3755	0.331649
3756	0.331592
3757	0.331565
3758	0.331413
3759	0.331451
3760	0.331393
3761	0.331383
3762	0.331333
3763	0.331235
3764	0.331299
3765	0.331291
3766	0.331243
3767	0.331245
3768	0.331304
3769	0.331212
3770	0.331233
3771	0.331234
3772	0.331271
3773	0.331231
3774	0.331248
3775	0.331163
3776	0.331125
3777	0.331174
3778	0.331078
3779	0.331034
3780	0.33105
3781	0.330987
3782	0.330924
3783	0.330861
3784	0.330795
3785	0.330865
3786	0.330823
3787	0.330745
3788	0.330691
3789	0.33069
3790	0.330686
3791	0.330607
3792	0.330598
3793	0.330511
3794	0.330445
3795	0.330399
3796	0.330296
3797	0.330222
3798	0.330082
3799	0.329986
3800	0.329894
3801	0.329807
3802	0.329788
3803	0.329734
3804	0.329649
3805	0.329543
3806	0.329423
3807	0.329333
3808	0.329227
3809	0.329183
3810	0.329066
3811	0.328991
3812	0.328903
3813	0.328756
3814	0.328688
3815	0.328642
3816	0.328552
3817	0.328403
3818	0.32835
3819	0.328303
3820	0.328307
3821	0.328285
3822	0.328322
3823	0.328311
3824	0.328327
3825	0.32835
3826	0.328348
3827	0.328337
3828	0.328365
3829	0.328363
3830	0.328362
3831	0.328342
3832	0.328296
3833	0.328349
3834	0.328368
3835	0.328369
3836	0.328365
3837	0.328446
3838	0.328616
3839	0.328623
3840	0.3287
3841	0.328705
3842	0.328747
3843	0.328793
3844	0.328862
3845	0.328883
3846	0.328909
3847	0.328968
3848	0.328981
3849	0.329006
3850	0.32904
3851	0.329111
3852	0.329216
3853	0.329308
3854	0.329419
3855	0.329397
3856	0.329435
3857	0.329465
3858	0.329573
3859	0.329654
3860	0.329747
3861	0.329785
3862	0.329791
3863	0.329755
3864	0.329816
3865	0.329884
3866	0.329965
3867	0.329995
3868	0.330001
3869	0.330079
3870	0.33003
3871	0.330133
3872	0.330168
3873	0.330187
3874	0.330241
3875	0.330263
3876	0.330287
3877	0.330377
3878	0.330405
3879	0.330412
3880	0.330452
3881	0.330439
3882	0.330507
3883	0.330522
3884	0.330597
3885	0.33059
3886	0.330631
3887	0.330595
3888	0.330677
3889	0.33064
3890	0.330662
3891	0.330712
3892	0.330702
3893	0.330681
3894	0.330712
3895	0.330737
3896	0.330824
3897	0.330763
3898	0.330733
3899	0.330758
3900	0.330769
3901	0.330708
3902	0.330671
3903	0.330673
3904	0.330657
3905	0.330662
3906	0.330679
3907	0.330643
3908	0.330584
3909	0.330531
3910	0.330524
3911	0.330513
3912	0.330411
3913	0.330388
3914	0.330304
3915	0.330256
3916	0.330217
3917	0.330187
3918	0.330046
3919	0.329981
3920	0.329953
3921	0.329884
3922	0.32979
3923	0.329742
3924	0.32967
3925	0.329579
3926	0.32948
3927	0.329396
3928	0.329282
3929	0.32919
3930	0.329146
3931	0.329062
3932	0.328951
3933	0.328859
3934	0.328858
3935	0.328815
3936	0.328744
3937	0.328676
3938	0.328684
3939	0.328716
3940	0.328692
3941	0.328734
3942	0.328677
3943	0.328655
3944	0.328665
3945	0.328648
3946	0.328691
3947	0.328656
3948	0.32865
3949	0.328555
3950	0.328497
3951	0.328464
3952	0.328467
3953	0.328522
3954	0.32853
3955	0.328526
3956	0.328557
3957	0.328513
3958	0.328498
3959	0.328524
3960	0.328597
3961	0.328636
3962	0.328678
3963	0.328697
3964	0.328702
3965	0.328647
3966	0.328571
3967	0.328584
3968	0.328658
3969	0.328679
3970	0.32863
3971	0.32863
3972	0.328632
3973	0.328708
3974	0.328751
3975	0.328796
3976	0.328833
3977	0.328922
3978	0.328942
3979	0.328976
3980	0.329049
3981	0.329092
3982	0.329239
3983	0.329286
3984	0.329307
3985	0.329385
3986	0.329471
3987	0.329491
3988	0.329534
3989	0.329596
3990	0.32963
3991	0.329644
3992	0.329627
3993	0.329664
3994	0.329616
3995	0.329584
3996	0.329625
3997	0.329605
3998	0.329589
3999	0.329612
4000	0.329539
4001	0.329534
4002	0.32956
4003	0.329584
4004	0.329653
4005	0.329604
4006	0.329557
4007	0.329551
4008	0.329585
4009	0.329597
4010	0.329651
4011	0.32966
4012	0.329788
4013	0.329848
4014	0.329991
4015	0.330082
4016	0.330118
4017	0.330197
4018	0.3303
4019	0.330379
4020	0.330376
4021	0.330441
4022	0.330567
4023	0.33073
4024	0.330732
4025	0.330798
4026	0.330793
4027	0.330819
4028	0.330772
4029	0.33078
4030	0.330802
4031	0.330937
4032	0.330992
4033	0.331084
4034	0.331108
4035	0.331137
4036	0.331152
4037	0.331134
4038	0.331176
4039	0.331153
4040	0.331109
4041	0.331091
4042	0.331113
4043	0.331101
4044	0.331096
4045	0.33105
4046	0.331022
4047	0.331037
4048	0.33094
4049	0.330927
4050	0.330824
4051	0.330721
4052	0.330682
4053	0.330555
4054	0.33049
4055	0.330406
4056	0.330311
4057	0.33024
4058	0.330206
4059	0.330188
4060	0.330142
4061	0.330155
4062	0.330102
4063	0.330021
4064	0.32995
4065	0.329981
4066	0.329984
4067	0.329986
4068	0.329962
4069	0.32987
4070	0.329856
4071	0.32977
4072	0.329697
4073	0.329579
4074	0.329529
4075	0.329365
4076	0.329338
4077	0.329294
4078	0.32921
4079	0.329106
4080	0.329032
4081	0.328968
4082	0.328837
4083	0.328735
4084	0.328649
4085	0.328545
4086	0.328391
4087	0.328262
4088	0.328137
4089	0.328108
4090	0.328051
4091	0.328017
4092	0.327909
4093	0.327763
4094	0.327677
4095	0.327522
4096	0.327375
4097	0.327297
4098	0.327264
4099	0.327205
4100	0.327216
4101	0.327135
4102	0.327191
4103	0.327281
4104	0.327284
4105	0.327325
4106	0.327315
4107	0.327411
4108	0.327455
4109	0.327567
4110	0.327513
4111	0.327568
4112	0.327688
4113	0.327767
4114	0.327906
4115	0.32794
4116	0.328023
4117	0.328091
4118	0.328136
4119	0.328229
4120	0.328322
4121	0.328312
4122	0.328451
4123	0.328524
4124	0.328597
4125	0.328682
4126	0.328766
4127	0.328865
4128	0.328957
4129	0.329003
4130	0.329072
4131	0.329237
4132	0.329412
4133	0.329493
4134	0.329613
4135	0.329699
4136	0.329804
4137	0.329938
4138	0.330059
4139	0.330166
4140	0.330296
4141	0.330359
4142	0.330477
4143	0.330658
4144	0.330819
4145	0.330941
4146	0.33112
4147	0.331225
4148	0.331353
4149	0.331448
4150	0.331508
4151	0.331611
4152	0.331593
4153	0.331547
4154	0.331611
4155	0.331642
4156	0.331732
4157	0.331835
4158	0.331893
4159	0.331909
4160	0.331955
4161	0.331977
4162	0.332032
4163	0.332042
4164	0.332065
4165	0.332118
4166	0.332188
4167	0.332256
4168	0.332265
4169	0.332239
4170	0.332239
4171	0.332254
4172	0.332307
4173	0.332295
4174	0.332254
4175	0.332238
4176	0.332159
4177	0.332173
4178	0.332112
4179	0.332071
4180	0.332138
4181	0.332125
4182	0.332117
4183	0.332049
4184	0.331967
4185	0.331984
4186	0.331981
4187	0.331998
4188	0.33196
4189	0.331947
4190	0.331911
4191	0.331834
4192	0.331799
4193	0.331801
4194	0.331689
4195	0.331572
4196	0.331488
4197	0.331354
4198	0.331336
4199	0.331191
4200	0.331103
4201	0.3311
4202	0.331004
4203	0.330946
4204	0.330894
4205	0.330898
4206	0.330843
4207	0.330839
4208	0.33073
4209	0.330693
4210	0.330575
4211	0.330532
4212	0.330397
4213	0.330396
4214	0.330385
4215	0.330464
4216	0.330432
4217	0.330333
4218	0.330352
4219	0.330281
4220	0.330099
4221	0.329984
4222	0.329934
4223	0.329953
4224	0.329887
4225	0.329972
4226	0.329997
4227	0.33002
4228	0.330084
4229	0.330151
4230	0.330261
4231	0.330268
4232	0.330337
4233	0.330317
4234	0.330378
4235	0.330483
4236	0.33044
4237	0.330479
4238	0.330506
4239	0.330484
4240	0.330513
4241	0.330508
4242	0.330605
4243	0.330686
4244	0.33074
4245	0.330794
4246	0.330889
4247	0.330866
4248	0.330888
4249	0.330871
4250	0.330938
4251	0.330987
4252	0.331053
4253	0.331101
4254	0.331174
4255	0.331207
4256	0.331238
4257	0.331238
4258	0.331314
4259	0.331314
4260	0.331283
4261	0.33134
4262	0.331428
4263	0.331441
4264	0.331478
4265	0.331503
4266	0.331494
4267	0.331496
4268	0.3315
4269	0.331466
4270	0.331411
4271	0.331339
4272	0.331245
4273	0.331239
4274	0.331114
4275	0.331067
4276	0.330994
4277	0.330917
4278	0.330877
4279	0.330881
4280	0.33093
4281	0.330899
4282	0.330913
4283	0.330908
4284	0.330898
4285	0.330848
4286	0.330789
4287	0.330725
4288	0.330667
4289	0.330595
4290	0.330511
4291	0.330511
4292	0.330501
4293	0.330484
4294	0.330514
4295	0.330531
4296	0.33049
4297	0.330474
4298	0.330457
4299	0.330379
4300	0.330335
4301	0.330296
4302	0.330267
4303	0.330183
4304	0.330134
4305	0.330122
4306	0.330067
4307	0.32995
4308	0.329845
4309	0.329823
4310	0.329682
4311	0.329636
4312	0.329596
4313	0.329523
4314	0.329385
4315	0.329368
4316	0.329323
4317	0.329336
4318	0.329294
4319	0.329301
4320	0.32928
4321	0.329302
4322	0.329345
4323	0.329375
4324	0.329352
4325	0.329339
4326	0.329283
4327	0.329282
4328	0.329251
4329	0.329207
4330	0.329203
4331	0.329218
4332	0.329191
4333	0.329189
4334	0.32923
4335	0.32924
4336	0.329262
4337	0.329321
4338	0.329287
4339	0.32929
4340	0.329282
4341	0.329298
4342	0.329274
4343	0.329267
4344	0.329297
4345	0.329282
4346	0.329235
4347	0.329255
4348	0.329178
4349	0.329174
4350	0.329181
4351	0.329143
4352	0.329128
4353	0.32913
4354	0.329136
4355	0.329093
4356	0.329087
4357	0.329128
4358	0.329107
4359	0.329092
4360	0.329026
4361	0.329047
4362	0.328945
4363	0.328869
4364	0.328792
4365	0.328801
4366	0.328735
4367	0.328759
4368	0.328732
4369	0.328738
4370	0.32875
4371	0.328764
4372	0.328803
4373	0.32887
4374	0.32889
4375	0.328909
4376	0.329001
4377	0.329024
4378	0.329077
4379	0.329121
4380	0.32919
4381	0.329215
4382	0.329295
4383	0.329394
4384	0.32942
4385	0.329488
4386	0.32954
4387	0.329631
4388	0.329647
4389	0.329718
4390	0.329799
4391	0.329806
4392	0.329925
4393	0.330006
4394	0.330028
4395	0.33001
4396	0.330087
4397	0.330149
4398	0.330227
4399	0.330319
4400	0.33034
4401	0.330417
4402	0.330471
4403	0.330494
4404	0.330562
4405	0.330603
4406	0.330601
4407	0.330714
4408	0.330774
4409	0.330816
4410	0.330801
4411	0.330807
4412	0.330809
4413	0.330842
4414	0.330882
4415	0.33084
4416	0.330851
4417	0.33086
4418	0.330883
4419	0.330907
4420	0.330913
4421	0.33085
4422	0.330915
4423	0.330948
4424	0.330974
4425	0.330991
4426	0.330999
4427	0.330918
4428	0.330891
4429	0.331002
4430	0.331019
4431	0.331098
4432	0.331126
4433	0.331127
4434	0.33121
4435	0.331207
4436	0.331315
4437	0.331273
4438	0.331323
4439	0.331396
4440	0.331423
4441	0.331515
4442	0.331488
4443	0.331471
4444	0.331498
4445	0.331542
4446	0.331621
4447	0.33162
4448	0.331594
4449	0.331604
4450	0.331559
4451	0.331584
4452	0.331556
4453	0.331543
4454	0.331536
4455	0.331582
4456	0.331556
4457	0.331475
4458	0.33149
4459	0.331423
4460	0.331336
4461	0.331266
4462	0.33131
4463	0.331265
4464	0.331207
4465	0.331131
4466	0.331132
4467	0.331081
4468	0.331035
4469	0.33096
4470	0.330916
4471	0.330832
4472	0.330774
4473	0.330713
4474	0.330651
4475	0.330558
4476	0.33051
4477	0.330502
4478	0.33043
4479	0.330341
4480	0.330375
4481	0.330258
4482	0.330219
4483	0.330173
4484	0.330149
4485	0.330072
4486	0.33
4487	0.329972
4488	0.32992
4489	0.329939
4490	0.329913
4491	0.329954
4492	0.329975
4493	0.329963
4494	0.329937
4495	0.329987
4496	0.329937
4497	0.329939
4498	0.329928
4499	0.329893
4500	0.329901
4501	0.329838
4502	0.329803
4503	0.329765
4504	0.32974
4505	0.329613
4506	0.329657
4507	0.329603
4508	0.329595
4509	0.329579
4510	0.329528
4511	0.329455
4512	0.329412
4513	0.329365
4514	0.329319
4515	0.329267
4516	0.329186
4517	0.329196
4518	0.329214
4519	0.329206
4520	0.329256
4521	0.329287
4522	0.329332
4523	0.329361
4524	0.329441
4525	0.32943
4526	0.329438
4527	0.329472
4528	0.329497
4529	0.329596
4530	0.329618
4531	0.329582
4532	0.329673
4533	0.329663
4534	0.329642
4535	0.329677
4536	0.329705
4537	0.329669
4538	0.329643
4539	0.329733
4540	0.329749
4541	0.329802
4542	0.329779
4543	0.329732
4544	0.329702
4545	0.329708
4546	0.329643
4547	0.329562
4548	0.329488
4549	0.329476
4550	0.329496
4551	0.329525
4552	0.329494
4553	0.329567
4554	0.329588
4555	0.329592
4556	0.329603
4557	0.329723
4558	0.329772
4559	0.329749
4560	0.329818
4561	0.329848
4562	0.329939
4563	0.329934
4564	0.329995
4565	0.330091
4566	0.330254
4567	0.330365
4568	0.330411
4569	0.330483
4570	0.330496
4571	0.330513
4572	0.33059
4573	0.330725
4574	0.330779
4575	0.330829
4576	0.33095
4577	0.331004
4578	0.331079
4579	0.331136
4580	0.331283
4581	0.33135
4582	0.331427
4583	0.331547
4584	0.331579
4585	0.331656
4586	0.331653
4587	0.331662
4588	0.331765
4589	0.331786
4590	0.331827
4591	0.331862
4592	0.331956
4593	0.331967
4594	0.332036
4595	0.332038
4596	0.332029
4597	0.332017
4598	0.33204
4599	0.33205
4600	0.332
4601	0.332006
4602	0.331966
4603	0.331971
4604	0.331922
4605	0.331906
4606	0.331863
4607	0.331854
4608	0.331807
4609	0.331768
4610	0.33168
4611	0.331588
4612	0.331532
4613	0.331504
4614	0.331423
4615	0.33137
4616	0.331286
4617	0.331144
4618	0.331043
4619	0.33096
4620	0.330868
4621	0.330743
4622	0.330674
4623	0.330565
4624	0.330393
4625	0.330278
4626	0.330182
4627	0.330078
4628	0.330046
4629	0.329953
4630	0.329859
4631	0.329728
4632	0.329655
4633	0.3296
4634	0.329546
4635	0.329462
4636	0.329408
4637	0.329294
4638	0.329226
4639	0.329125
4640	0.32916
4641	0.32918
4642	0.329055
4643	0.32897
4644	0.328939
4645	0.328918
4646	0.328869
4647	0.32892
4648	0.328899
4649	0.328855
4650	0.328856
4651	0.328786
4652	0.328794
4653	0.328765
4654	0.328688
4655	0.328669
4656	0.328592
4657	0.328573
4658	0.328612
4659	0.328634
4660	0.328615
4661	0.328621
4662	0.3286
4663	0.328655
4664	0.328613
4665	0.328584
4666	0.328563
4667	0.328621
4668	0.328692
4669	0.328693
4670	0.328645
4671	0.328639
4672	0.328622
4673	0.328638
4674	0.328676
4675	0.328655
4676	0.328662
4677	0.328596
4678	0.328514
4679	0.328511
4680	0.328564
4681	0.32853
4682	0.328533
4683	0.328576
4684	0.328642
4685	0.32869
4686	0.328622
4687	0.328631
4688	0.328651
4689	0.328631
4690	0.328728
4691	0.328795
4692	0.328825
4693	0.328958
4694	0.328963
4695	0.32901
4696	0.32914
4697	0.32912
4698	0.329182
4699	0.329284
4700	0.329329
4701	0.32938
4702	0.329406
4703	0.329449
4704	0.329526
4705	0.329564
4706	0.329682
4707	0.329797
4708	0.329896
4709	0.329893
4710	0.329967
4711	0.329991
4712	0.329997
4713	0.329958
4714	0.32993
4715	0.329971
4716	0.330113
4717	0.330209
4718	0.33027
4719	0.330284
4720	0.330318
4721	0.33037
4722	0.330426
4723	0.330479
4724	0.330602
4725	0.330666
4726	0.330721
4727	0.330812
4728	0.330898
4729	0.33096
4730	0.331007
4731	0.331055
4732	0.331066
4733	0.331135
4734	0.331196
4735	0.331338
4736	0.331398
4737	0.331444
4738	0.331484
4739	0.331561
4740	0.331591
4741	0.331595
4742	0.331703
4743	0.331774
4744	0.331785
4745	0.331899
4746	0.331916
4747	0.331847
4748	0.331789
4749	0.331686
4750	0.331682
4751	0.331571
4752	0.331521
4753	0.331431
4754	0.331287
4755	0.331197
4756	0.331126
4757	0.331102
4758	0.331063
4759	0.331056
4760	0.331047
4761	0.331051
4762	0.331056
4763	0.330952
4764	0.330778
4765	0.330702
4766	0.330627
4767	0.33056
4768	0.330454
4769	0.330354
4770	0.33029
4771	0.33019
4772	0.330078
4773	0.329951
4774	0.329865
4775	0.329894
4776	0.329769
4777	0.329754
4778	0.32968
4779	0.329648
4780	0.329556
4781	0.329526
4782	0.329455
4783	0.329453
4784	0.329397
4785	0.329442
4786	0.329317
4787	0.329264
4788	0.329188
4789	0.329116
4790	0.329089
4791	0.329166
4792	0.329135
4793	0.329097
4794	0.329059
4795	0.328945
4796	0.32891
4797	0.32892
4798	0.328887
4799	0.328904
4800	0.328946
4801	0.328987
4802	0.328948
4803	0.328978
4804	0.328972
4805	0.32898
4806	0.329069
4807	0.32917
4808	0.329148
4809	0.329181
4810	0.329087
4811	0.329144
4812	0.329078
4813	0.329141
4814	0.329127
4815	0.329133
4816	0.329172
4817	0.329251
4818	0.329313
4819	0.32938
4820	0.329389
4821	0.329343
4822	0.329374
4823	0.329431
4824	0.329518
4825	0.329582
4826	0.329626
4827	0.329622
4828	0.329673
4829	0.329695
4830	0.329729
4831	0.329724
4832	0.329778
4833	0.329788
4834	0.32971
4835	0.329659
4836	0.329631
4837	0.32966
4838	0.329592
4839	0.329569
4840	0.329607
4841	0.329544
4842	0.329575
4843	0.329614
4844	0.329539
4845	0.329495
4846	0.329483
4847	0.329465
4848	0.329432
4849	0.329443
4850	0.329431
4851	0.329452
4852	0.329587
4853	0.329661
4854	0.329616
4855	0.329703
4856	0.329695
4857	0.329729
4858	0.329744
4859	0.329693
4860	0.329622
4861	0.32956
4862	0.329579
4863	0.329596
4864	0.329658
4865	0.329695
4866	0.329688
4867	0.329722
4868	0.329682
4869	0.329708
4870	0.329715
4871	0.329668
4872	0.329598
4873	0.329554
4874	0.329526
4875	0.329486
4876	0.329405
4877	0.329338
4878	0.329314
4879	0.329276
4880	0.329267
4881	0.329184
4882	0.329177
4883	0.329115
4884	0.329117
4885	0.329132
4886	0.329131
4887	0.329155
4888	0.329176
4889	0.329222
4890	0.329216
4891	0.3293
4892	0.329328
4893	0.329337
4894	0.329364
4895	0.329484
4896	0.32957
4897	0.329665
4898	0.329815
4899	0.330001
4900	0.330117
4901	0.330188
4902	0.330277
4903	0.33033
4904	0.330426
4905	0.330454
4906	0.330485
4907	0.330547
4908	0.330547
4909	0.330587
4910	0.330666
4911	0.330708
4912	0.330833
4913	0.330907
4914	0.33095
4915	0.331036
4916	0.331139
4917	0.331176
4918	0.331276
4919	0.331328
4920	0.331422
4921	0.331514
4922	0.331622
4923	0.331711
4924	0.331772
4925	0.331854
4926	0.331932
4927	0.331951
4928	0.331958
4929	0.332011
4930	0.332087
4931	0.332131
4932	0.332146
4933	0.33213
4934	0.332081
4935	0.332072
4936	0.331949
4937	0.331912
4938	0.331862
4939	0.331785
4940	0.331764
4941	0.33178
4942	0.331775
4943	0.331768
4944	0.331731
4945	0.331681
4946	0.33162
4947	0.331567
4948	0.33159
4949	0.331468
4950	0.331432
4951	0.331371
4952	0.331212
4953	0.331083
4954	0.330949
4955	0.33086
4956	0.330783
4957	0.33066
4958	0.330524
4959	0.330373
4960	0.330218
4961	0.33017
4962	0.330089
4963	0.329993
4964	0.329847
4965	0.329788
4966	0.329715
4967	0.32965
4968	0.329548
4969	0.329445
4970	0.329345
4971	0.329245
4972	0.329212
4973	0.329262
4974	0.329207
4975	0.329091
4976	0.329046
4977	0.328977
4978	0.3289
4979	0.328807
4980	0.32878
4981	0.328699
4982	0.328704
4983	0.328683
4984	0.328628
4985	0.32858
4986	0.328546
4987	0.328486
4988	0.328412
4989	0.328332
4990	0.328265
4991	0.328195
4992	0.328129
4993	0.328188
4994	0.328148
4995	0.328203
4996	0.32821
4997	0.328178
4998	0.328215
4999	0.328265
5000	0.328266
