#realizzazioni=200

0.99	0.01
0.979776	0.0169455
0.9631	0.0281368
0.936298	0.0459457
0.896091	0.0717616
0.83817	0.107626
0.759075	0.154376
0.663045	0.205869
0.557861	0.254076
0.45805	0.287042
0.369133	0.303167
0.296361	0.301824
0.23941	0.287104
0.197109	0.263074
0.167242	0.233705
0.144403	0.204898
0.128209	0.176804
0.116875	0.15082
0.108862	0.127796
0.103155	0.107964
0.0995893	0.0907573
0.0973237	0.0762852
0.0962512	0.0640239
0.0961896	0.0536409
0.096981	0.0448411
0.0982212	0.0376268
0.0999693	0.0315839
0.102112	0.0265438
0.104649	0.0222827
0.107375	0.0188025
0.110348	0.0158754
0.11347	0.0134623
0.116779	0.0114141
0.120201	0.00971191
0.123731	0.0082842
0.127334	0.00709733
0.131009	0.00609723
0.134746	0.00525292
0.138538	0.0045328
0.142366	0.00392666
0.146225	0.00341204
0.150109	0.00297474
0.154022	0.00259279
0.157945	0.00227132
0.161873	0.00199937
0.165813	0.00176164
0.169758	0.00155546
0.173703	0.00137828
0.177641	0.00122994
0.18158	0.00109618
0.185515	0.000979463
0.189439	0.000881151
0.193357	0.000793028
0.197266	0.000715648
0.201164	0.000647832
0.205052	0.000586683
0.208926	0.000534643
0.212789	0.000487371
0.216639	0.000445395
0.220473	0.000409346
0.224293	0.000376868
0.228098	0.000348845
0.231888	0.000323059
0.235665	0.000298533
0.239424	0.000277868
0.243166	0.000261042
0.246893	0.00024453
0.250603	0.000229857
0.254297	0.000216689
0.257975	0.000204583
0.261636	0.000193499
0.26528	0.000183995
0.268908	0.000175422
0.272518	0.000167575
0.276112	0.000160595
0.279689	0.000153855
0.283248	0.00014835
0.286791	0.000143477
0.290317	0.000139083
0.293824	0.000135939
0.297316	0.00013214
0.30079	0.000129692
0.304247	0.000126983
0.307687	0.000125576
0.31111	0.00012394
0.314515	0.000122672
0.317904	0.000121698
0.321276	0.000121074
0.32463	0.000121006
0.327968	0.000120927
0.331288	0.000122247
0.334591	0.000122406
0.337877	0.000123928
0.341147	0.000125139
0.344399	0.000126668
0.347635	0.000128716
0.350854	0.000130056
0.354056	0.000132245
0.357239	0.00013682
0.360406	0.000140065
0.363556	0.000144343
0.366689	0.000148581
0.369805	0.000152536
0.372903	0.000158611
0.375983	0.000164778
0.379046	0.000171511
0.382093	0.000177495
0.385121	0.000185109
0.388132	0.000192632
0.391125	0.000201452
0.394098	0.000212521
0.397053	0.000223726
0.399991	0.00023507
0.402908	0.000249182
0.405807	0.000262435
0.408685	0.000279657
0.411542	0.000298241
0.414377	0.000319219
0.417192	0.000340856
0.419984	0.000366184
0.422756	0.000390758
0.425501	0.000421513
0.428223	0.000454069
0.430917	0.000491228
0.433579	0.000537601
0.436214	0.000584566
0.438816	0.000639523
0.441393	0.000692045
0.443933	0.000754819
0.446442	0.000819475
0.448909	0.000895888
0.451337	0.000978065
0.453717	0.00107382
0.456048	0.00118099
0.458321	0.00130633
0.460525	0.00145342
0.462671	0.00160952
0.464732	0.00179637
0.466715	0.00200161
0.468601	0.00223687
0.470421	0.00247074
0.472079	0.00278734
0.473624	0.00312526
0.475049	0.00348747
0.476317	0.00390091
0.477399	0.00438188
0.47825	0.004952
0.478919	0.00555255
0.47937	0.00620949
0.479555	0.00694964
0.479508	0.00773272
0.479099	0.00865532
0.478398	0.00963032
0.477288	0.0107557
0.475709	0.0120443
0.473745	0.0133947
0.471401	0.0147902
0.468539	0.0163398
0.465102	0.0180576
0.460987	0.0199989
0.456381	0.0219618
0.451421	0.0238124
0.445825	0.0258307
0.439667	0.0279168
0.432827	0.0301747
0.425603	0.0322959
0.417957	0.0343287
0.409777	0.0364163
0.40128	0.0383524
0.392604	0.0400441
0.383441	0.0418186
0.374219	0.043289
0.364623	0.0447882
0.3556	0.0454932
0.346472	0.0461699
0.337543	0.0465624
0.329132	0.0464444
0.320721	0.0463932
0.312789	0.0459567
0.305386	0.0451826
0.298164	0.0444411
0.291828	0.0431414
0.285612	0.0420466
0.280282	0.0404452
0.275064	0.0391282
0.270672	0.0373996
0.266729	0.0356857
0.263317	0.0339001
0.260414	0.0320872
0.257778	0.0304519
0.255613	0.0287798
0.253814	0.0271729
0.252345	0.0256487
0.251237	0.024153
0.250291	0.0228489
0.249771	0.0214707
0.249482	0.0202016
0.249495	0.018949
0.249679	0.0178296
0.250064	0.0167819
0.250681	0.0157629
0.251468	0.0148205
0.252411	0.0139519
0.253481	0.0131611
0.254694	0.0124168
0.256009	0.0117432
0.257423	0.0111335
0.258919	0.01058
0.260545	0.0100263
0.262291	0.00948591
0.26409	0.00901077
0.265975	0.0085646
0.267923	0.00814946
0.269928	0.00776917
0.271941	0.00746252
0.274037	0.00713965
0.276184	0.00683573
0.278343	0.00658034
0.280537	0.00634176
0.282757	0.00612538
0.285007	0.00592
0.287298	0.00571556
0.289608	0.00552874
0.291921	0.0053729
0.294278	0.00520247
0.296632	0.00506303
0.298997	0.00493538
0.301376	0.00481401
0.303766	0.00469961
0.306133	0.00461893
0.308504	0.0045429
0.310854	0.00449277
0.313215	0.00443417
0.31555	0.00440193
0.31789	0.00436108
0.320235	0.00431515
0.322562	0.00428602
0.324849	0.00428699
0.327164	0.00425304
0.329434	0.00425588
0.331715	0.00423901
0.333952	0.00425282
0.336161	0.00428146
0.338362	0.00430165
0.340494	0.00436777
0.342617	0.00441762
0.344708	0.00447451
0.346756	0.00454592
0.348777	0.00461745
0.350743	0.00471278
0.352709	0.00478
0.354593	0.00489352
0.356469	0.00498104
0.358295	0.00508485
0.36006	0.00521113
0.361781	0.00533865
0.363473	0.00545811
0.365086	0.00561162
0.366631	0.00578496
0.368116	0.00596525
0.369536	0.00615689
0.370892	0.00635501
0.372189	0.00655439
0.373423	0.00676091
0.374583	0.00697828
0.375678	0.00720263
0.376701	0.0074341
0.377601	0.00771652
0.378486	0.00794492
0.379205	0.00826766
0.379864	0.00856578
0.380413	0.00889199
0.380857	0.00923613
0.381273	0.00951921
0.381558	0.00985397
0.38162	0.0103135
0.381658	0.0106912
0.381539	0.0111216
0.381343	0.0115214
0.381065	0.0119049
0.380563	0.0123974
0.380001	0.0128433
0.379309	0.0133054
0.378535	0.0137406
0.377543	0.0142763
0.376499	0.0147318
0.37526	0.0152705
0.373947	0.0157524
0.372452	0.0162989
0.370831	0.0168311
0.369065	0.0173857
0.367313	0.0178098
0.365336	0.0183387
0.363371	0.0187487
0.361234	0.0192312
0.359175	0.0195488
0.356842	0.0200428
0.354576	0.0203751
0.352111	0.0208165
0.349694	0.0211253
0.347238	0.0214204
0.344743	0.0216901
0.342244	0.0219034
0.339762	0.0220718
0.337157	0.022323
0.334669	0.022425
0.332257	0.0224463
0.329937	0.0223913
0.32762	0.022366
0.32536	0.0222979
0.323151	0.022211
0.32095	0.0221422
0.318887	0.0219763
0.316898	0.0218017
0.31493	0.0216477
0.313118	0.0213999
0.311291	0.0212304
0.309606	0.0209838
0.308101	0.0206409
0.306774	0.0202266
0.30536	0.019989
0.30425	0.0195302
0.303194	0.0191379
0.30229	0.0187075
0.30152	0.0182546
0.30078	0.0178889
0.300151	0.0175039
0.2996	0.0171305
0.299105	0.0167995
0.298788	0.016392
0.298496	0.0160564
0.298241	0.0157633
0.298181	0.0153669
0.298225	0.0149588
0.298308	0.0146127
0.298454	0.0142865
0.298756	0.0138979
0.299122	0.0135432
0.299557	0.0132002
0.299986	0.0129398
0.300527	0.0126346
0.301149	0.0123252
0.301839	0.0120247
0.30252	0.0117935
0.30323	0.0115871
0.304023	0.0113489
0.304791	0.0111868
0.305644	0.0109792
0.306471	0.0108406
0.307391	0.0106454
0.308299	0.0105014
0.309281	0.0103205
0.31033	0.0101182
0.311388	0.00994911
0.312449	0.00980984
0.313534	0.00967163
0.314665	0.00952396
0.31576	0.0094358
0.316786	0.00942184
0.317926	0.00930604
0.319035	0.00923862
0.320165	0.009166
0.321251	0.00914223
0.322351	0.00910527
0.323504	0.00902336
0.324621	0.00898703
0.325754	0.0089428
0.326846	0.00894195
0.327971	0.00890425
0.329095	0.0088703
0.3302	0.00885803
0.331279	0.00886093
0.332387	0.00883717
0.333448	0.00885828
0.33449	0.00888292
0.335476	0.00894861
0.336458	0.00900133
0.337477	0.00900187
0.33843	0.00905586
0.339377	0.00910025
0.340267	0.00917982
0.341138	0.00925177
0.34196	0.00934943
0.342808	0.00940135
0.343605	0.00948278
0.34438	0.00956125
0.345126	0.00964538
0.345781	0.00978609
0.346397	0.00992593
0.347036	0.0100122
0.347561	0.0101812
0.348047	0.010341
0.348494	0.0104996
0.348905	0.0106518
0.349244	0.0108273
0.349473	0.0110628
0.349765	0.0111872
0.349968	0.011365
0.350116	0.0115432
0.350222	0.0117186
0.350344	0.0118458
0.350366	0.0120304
0.35033	0.0122239
0.350315	0.0123505
0.350236	0.0125066
0.350119	0.0126652
0.349967	0.0128116
0.349709	0.0130221
0.349426	0.0132137
0.349139	0.0133682
0.348838	0.0134983
0.348433	0.0136993
0.348057	0.013826
0.347549	0.0140438
0.347051	0.0142121
0.346513	0.0143739
0.34595	0.0145178
0.345278	0.0147413
0.344628	0.0148943
0.343875	0.0150986
0.343088	0.0152872
0.342303	0.015444
0.341422	0.0156493
0.34066	0.0157067
0.339761	0.0158727
0.338994	0.0158918
0.338135	0.015992
0.337231	0.0161111
0.336328	0.0162111
0.335556	0.0161725
0.334716	0.0162052
0.333877	0.0162388
0.332983	0.016312
0.332211	0.0162711
0.331262	0.0163975
0.330384	0.0164326
0.32951	0.016458
0.328826	0.0163155
0.32795	0.0163758
0.327178	0.0163379
0.326385	0.0163301
0.325592	0.0163307
0.324901	0.0162424
0.324167	0.0162189
0.323473	0.0161711
0.322854	0.0160599
0.322283	0.0159381
0.321684	0.01587
0.321248	0.0156766
0.320795	0.0155457
0.320357	0.0154302
0.31994	0.0153243
0.319584	0.0151855
0.319281	0.0150373
0.319035	0.0148717
0.318733	0.0147934
0.31849	0.0146845
0.318285	0.0145702
0.318174	0.0143946
0.318153	0.0141773
0.318029	0.0141041
0.318061	0.0139032
0.31808	0.0137692
0.318172	0.0135963
0.318273	0.0134528
0.318407	0.0133156
0.318572	0.0131812
0.318762	0.0130525
0.318952	0.0129482
0.319125	0.0128823
0.31941	0.0127347
0.319717	0.0126003
0.319953	0.0125592
0.320148	0.0125597
0.320498	0.0124182
0.320757	0.0123947
0.321091	0.0123058
0.32141	0.0122519
0.321764	0.0121735
0.322103	0.0121241
0.322546	0.0119947
0.322994	0.0118858
0.323365	0.0118736
0.323778	0.0118265
0.324224	0.0117585
0.324671	0.0116995
0.325068	0.0116932
0.325509	0.0116478
0.325928	0.0116309
0.326382	0.0115876
0.326848	0.0115405
0.327246	0.0115602
0.327657	0.0115624
0.328085	0.0115494
0.328494	0.0115485
0.328911	0.0115411
0.329329	0.011538
0.329745	0.01153
0.330193	0.0114989
0.330606	0.0115015
0.330988	0.0115309
0.331425	0.0115067
0.331757	0.0115711
0.332215	0.0115135
0.332606	0.011522
0.332964	0.011558
0.333323	0.0115814
0.333605	0.0116638
0.333932	0.0116889
0.334193	0.0117662
0.334445	0.0118324
0.334678	0.0119044
0.334897	0.0119678
0.335138	0.0119941
0.335293	0.0120916
0.335498	0.0121235
0.335645	0.0121983
0.335838	0.0122133
0.335997	0.0122541
0.336074	0.0123645
0.336244	0.0123619
0.336323	0.0124371
0.336416	0.0124861
0.336442	0.0125823
0.336572	0.0125693
0.336666	0.0125864
0.33665	0.0126961
0.336618	0.0127961
0.336629	0.0128361
0.336556	0.0129356
0.336532	0.0129739
0.336538	0.012974
0.336538	0.0129828
0.3364	0.013116
0.336381	0.0131083
0.33628	0.013176
0.336218	0.0131923
0.336101	0.0132598
0.335999	0.0132943
0.335884	0.0133383
0.335737	0.0133966
0.335584	0.01345
0.335444	0.0134762
0.335294	0.0135097
0.335156	0.0135255
0.334873	0.0136671
0.334619	0.0137541
0.334411	0.0137787
0.334166	0.0138343
0.333897	0.0139016
0.333655	0.0139241
0.333398	0.0139609
0.33319	0.0139486
0.332906	0.0140078
0.332583	0.0140829
0.332342	0.0140665
0.332057	0.0140954
0.331842	0.0140621
0.331645	0.0140184
0.33141	0.0140185
0.331194	0.0140048
0.330853	0.014108
0.330567	0.0141314
0.330313	0.0141262
0.330069	0.0141162
0.329796	0.0141424
0.329572	0.0141194
0.329355	0.0140961
0.329224	0.0140024
0.329023	0.0139927
0.328865	0.0139424
0.32868	0.0139328
0.328477	0.0139417
0.328409	0.0138303
0.328266	0.0138084
0.32807	0.0138334
0.327963	0.013779
0.327756	0.0138269
0.327572	0.0138374
0.327474	0.0137798
0.327327	0.0137658
0.327182	0.0137699
0.327061	0.0137446
0.326982	0.0136908
0.32686	0.0136881
0.326705	0.0137153
0.326567	0.0137182
0.32657	0.0135989
0.326535	0.0135406
0.326496	0.0135035
0.32639	0.013531
0.326362	0.0134832
0.326255	0.0135182
0.326152	0.0135425
0.32608	0.0135306
0.325956	0.0135688
0.325921	0.0135226
0.325938	0.013435
0.325894	0.0134243
0.325972	0.0133094
0.325982	0.0132812
0.326018	0.0132319
0.326098	0.0131547
0.326049	0.0132136
0.326108	0.0131605
0.326155	0.0131318
0.326205	0.0131027
0.326207	0.0131312
0.326365	0.0130143
0.326479	0.0129613
0.326533	0.012972
0.326628	0.0129392
0.326755	0.0128861
0.326911	0.0128184
0.326913	0.0129013
0.326956	0.0129303
0.327098	0.0128623
0.327189	0.0128509
0.327336	0.0127948
0.327558	0.012684
0.327744	0.0126307
0.327826	0.012684
0.327892	0.0127353
0.328082	0.0126681
0.328236	0.0126443
0.3284	0.0126189
0.328594	0.0125671
0.328744	0.012569
0.32889	0.012575
0.329044	0.0125693
0.329225	0.0125428
0.329365	0.0125538
0.329563	0.012514
0.329721	0.0125145
0.329937	0.0124642
0.330151	0.0124245
0.330358	0.0124011
0.330486	0.0124513
0.33072	0.0123931
0.330952	0.0123515
0.331165	0.0123353
0.331385	0.0123165
0.331568	0.0123324
0.331657	0.012433
0.331803	0.0124558
0.331989	0.0124365
0.332139	0.012448
0.332307	0.0124467
0.332405	0.0125042
0.332531	0.0125233
0.332697	0.0125041
0.332784	0.012556
0.332923	0.0125521
0.333103	0.0125121
0.333246	0.0125071
0.333295	0.0125918
0.333437	0.0125793
0.333525	0.0126176
0.333614	0.0126394
0.333647	0.0127106
0.333726	0.0127177
0.333811	0.0127219
0.333849	0.0127679
0.33395	0.012742
0.333979	0.0127916
0.333936	0.0128913
0.333861	0.0129979
0.333836	0.013035
0.33384	0.0130341
0.333752	0.0131224
0.333681	0.01317
0.333587	0.0132306
0.333446	0.0133213
0.333351	0.0133523
0.333242	0.013384
0.33309	0.0134547
0.332977	0.0134733
0.332863	0.0134916
0.332728	0.0135191
0.332651	0.013494
0.332574	0.0134733
0.332474	0.0134712
0.332407	0.0134453
0.332313	0.0134431
0.332189	0.0134761
0.331984	0.0135708
0.331819	0.0136109
0.331712	0.0135878
0.331466	0.0136965
0.33133	0.0136813
0.331169	0.0136964
0.33102	0.0136932
0.330857	0.0137036
0.330749	0.0136672
0.330627	0.0136543
0.330473	0.0136704
0.330343	0.0136664
0.330087	0.0137781
0.329868	0.013824
0.329698	0.0138226
0.329606	0.013754
0.329429	0.0137724
0.329315	0.0137304
0.329214	0.0136892
0.329113	0.0136583
0.328925	0.0137094
0.328814	0.013686
0.328649	0.0137196
0.328537	0.0136903
0.328362	0.0137302
0.328231	0.0137215
0.328158	0.0136607
0.328123	0.0135789
0.328083	0.0135195
0.327992	0.0135264
0.327913	0.0135183
0.327872	0.0134766
0.327769	0.0135053
0.327756	0.0134425
0.327723	0.0134155
0.327645	0.0134333
0.327646	0.0133759
0.327629	0.013346
0.327651	0.0132918
0.327567	0.0133426
0.327526	0.0133419
0.32746	0.0133672
0.327441	0.0133421
0.327469	0.0132842
0.327507	0.0132247
0.327475	0.0132434
0.327472	0.0132347
0.327447	0.0132449
0.327411	0.0132658
0.327377	0.0132846
0.327419	0.0132272
0.327506	0.013143
0.327526	0.0131308
0.327574	0.0130988
0.327598	0.0131014
0.327664	0.0130623
0.327802	0.0129675
0.327872	0.0129602
0.327914	0.0129695
0.32802	0.0129213
0.328144	0.01287
0.328265	0.0128309
0.328379	0.0128062
0.328507	0.012774
0.328667	0.0127203
0.3288	0.0127049
0.328923	0.0126996
0.329023	0.0127152
0.329145	0.0127099
0.32927	0.0127019
0.329398	0.0126879
0.329548	0.0126587
0.329641	0.0126867
0.32975	0.0126889
0.329852	0.0127015
0.329948	0.0127154
0.330054	0.0127184
0.330176	0.0126982
0.330345	0.0126451
0.330443	0.0126613
0.330553	0.0126711
0.330604	0.0127304
0.330583	0.012843
0.330675	0.0128261
0.330763	0.0128176
0.330929	0.0127389
0.331056	0.0127126
0.331095	0.0127673
0.331155	0.0127962
0.331299	0.0127396
0.331378	0.0127574
0.331501	0.0127265
0.331475	0.0128373
0.331536	0.0128481
0.331597	0.0128534
0.331722	0.0128002
0.331803	0.012798
0.331856	0.0128179
0.331903	0.0128408
0.331968	0.0128404
0.332124	0.0127609
0.332133	0.012827
0.332235	0.0127997
0.332305	0.0128054
0.332332	0.0128494
0.332355	0.0128842
0.332411	0.012876
0.332339	0.0129896
0.332273	0.0130693
0.332199	0.0131385
0.332099	0.0132189
0.332101	0.0131855
0.332015	0.0132421
0.331959	0.0132571
0.331959	0.0132179
0.331923	0.0132184
0.331924	0.0131973
0.331899	0.013194
0.33183	0.013231
0.331759	0.0132643
0.331715	0.0132671
0.33159	0.0133421
0.331529	0.0133473
0.33151	0.0133122
0.331419	0.0133444
0.331331	0.0133672
0.331344	0.0132984
0.331321	0.0132762
0.331176	0.0133668
0.33105	0.0134203
0.33094	0.0134532
0.330792	0.013511
0.330661	0.013542
0.330537	0.0135588
0.330375	0.013604
0.330213	0.0136415
0.330075	0.0136445
0.329918	0.0136701
0.329783	0.0136706
0.329634	0.0136831
0.329447	0.0137275
0.329368	0.0136682
0.329279	0.0136305
0.329032	0.0137427
0.328914	0.0137155
0.328723	0.0137571
0.328623	0.0137151
0.32852	0.0136818
0.328373	0.0137012
0.328252	0.0136892
0.328246	0.0135732
0.328167	0.0135531
0.328021	0.0135948
0.32793	0.0135794
0.327857	0.0135542
0.327826	0.013496
0.32769	0.0135505
0.327689	0.0134686
0.327658	0.0134331
0.327685	0.0133512
0.3276	0.0133906
0.327612	0.0133351
0.327611	0.0133012
0.327607	0.013276
0.327631	0.0132334
0.327621	0.0132305
0.327652	0.0131891
0.327706	0.0131435
0.327734	0.0131272
0.32782	0.0130608
0.327825	0.0130889
0.32785	0.0130862
0.327813	0.0131422
0.327937	0.0130399
0.32807	0.012955
0.328134	0.0129462
0.328196	0.0129447
0.328271	0.0129307
0.328353	0.0129172
0.328443	0.0128919
0.328524	0.012885
0.32869	0.0128055
0.328762	0.0128174
0.32896	0.0127213
0.328981	0.0128037
0.328932	0.012924
0.329073	0.0128584
0.329154	0.0128511
0.3292	0.0128816
0.329323	0.0128366
0.329408	0.0128264
0.329559	0.0127675
0.329577	0.0128371
0.329541	0.0129366
0.329593	0.0129363
0.329627	0.0129511
0.329694	0.0129337
0.329766	0.0129156
0.329843	0.0129025
0.329873	0.0129302
0.32991	0.0129462
0.330013	0.0128935
0.329985	0.0129756
0.32995	0.0130462
0.329949	0.0130664
0.329946	0.0130797
0.329975	0.0130699
0.330062	0.0130082
0.33001	0.013085
0.33004	0.0130696
0.330076	0.013051
0.330218	0.0129457
0.330254	0.0129596
0.330324	0.0129378
0.330372	0.0129399
0.33033	0.0130166
0.330391	0.0129901
0.330353	0.0130551
0.330329	0.0130936
0.330356	0.0130798
0.330457	0.0130034
0.330513	0.0129838
0.330583	0.01295
0.3306	0.0129768
0.330761	0.0128692
0.330826	0.0128692
0.330867	0.0128903
0.33087	0.0129374
0.330891	0.0129615
0.330858	0.0130276
0.330789	0.0131081
0.330767	0.0131323
0.330733	0.0131643
0.33076	0.0131334
0.33068	0.0131962
0.330712	0.0131519
0.33075	0.0131118
0.330729	0.013129
0.330674	0.0131755
0.330553	0.0132677
0.330554	0.0132341
0.330538	0.0132207
0.330496	0.0132288
0.330429	0.013262
0.33037	0.0132864
0.330361	0.0132603
0.330363	0.0132293
0.330305	0.013258
0.330231	0.0132902
0.330215	0.0132719
0.330179	0.0132718
0.330118	0.0132977
0.330044	0.0133263
0.329952	0.0133629
0.32993	0.0133331
0.329911	0.0133076
0.329883	0.013297
0.329791	0.0133423
0.32972	0.0133658
0.329716	0.0133213
0.329651	0.0133341
0.329473	0.013451
0.329382	0.0134629
0.329247	0.0135113
0.329181	0.0134835
0.329128	0.0134577
0.329079	0.0134354
0.32909	0.0133624
0.329043	0.0133546
0.329034	0.0133154
0.329008	0.0133045
0.328957	0.0133117
0.328991	0.0132454
0.328926	0.0132844
0.328937	0.0132478
0.328956	0.013211
0.328983	0.0131723
0.328978	0.0131703
0.328968	0.0131739
0.328985	0.0131545
0.32895	0.013189
0.328992	0.013147
0.329001	0.0131426
0.329047	0.0131053
0.329038	0.0131265
0.329133	0.0130484
0.329198	0.0130139
0.329168	0.0130696
0.32928	0.0129912
0.329322	0.0129934
0.329308	0.0130418
0.329286	0.0130869
0.329274	0.0131131
0.329228	0.013166
0.329256	0.013136
0.329256	0.0131401
0.329228	0.0131672
0.329223	0.0131685
0.329112	0.0132629
0.329131	0.0132241
0.329199	0.0131488
0.329219	0.0131295
0.329292	0.0130684
0.329305	0.0130728
0.329288	0.0131049
0.329313	0.0130901
0.329264	0.0131464
0.329273	0.0131404
0.329274	0.0131448
0.3293	0.0131233
0.329261	0.0131657
0.32922	0.013203
0.329263	0.0131542
0.329302	0.0131154
0.329412	0.0130247
0.329461	0.0130165
0.329547	0.0129714
0.329611	0.0129569
0.329618	0.012994
0.329676	0.0129747
0.329719	0.0129725
0.329767	0.0129668
0.329813	0.0129669
0.32985	0.0129722
0.329896	0.0129697
0.32997	0.0129448
0.329955	0.0129981
0.329962	0.0130237
0.329943	0.0130665
0.329937	0.0130852
0.330014	0.0130292
0.330068	0.0130053
0.330104	0.0130011
0.330174	0.012965
0.330227	0.0129528
0.330164	0.0130483
0.330211	0.013032
0.330214	0.0130554
0.330278	0.0130164
0.330275	0.0130469
0.330281	0.0130601
0.330217	0.0131326
0.33032	0.0130371
0.330419	0.0129716
0.330418	0.0130102
0.330487	0.012977
0.330637	0.0128758
0.330732	0.0128442
0.330756	0.0128859
0.330808	0.012893
0.330928	0.0128379
0.330895	0.0129318
0.330942	0.01293
0.331039	0.0128891
0.33111	0.0128757
0.331159	0.012882
0.33119	0.0129094
0.331241	0.0129088
0.331339	0.0128719
0.331341	0.0129254
0.33133	0.0129722
0.33138	0.0129602
0.331416	0.0129638
0.331459	0.0129559
0.331443	0.0130081
0.331465	0.0130104
0.331497	0.0130069
0.33156	0.0129786
0.331511	0.013051
0.331526	0.0130475
0.331539	0.0130513
0.331538	0.0130596
0.331591	0.0130222
0.331618	0.0130175
0.331598	0.0130547
0.331587	0.0130805
0.331647	0.0130284
0.331577	0.0131139
0.331546	0.0131407
0.331532	0.0131438
0.331537	0.0131299
0.331509	0.0131485
0.331481	0.0131611
0.331393	0.0132215
0.331265	0.0133103
0.331197	0.0133293
0.331148	0.0133205
0.331118	0.0132964
0.331095	0.0132763
0.330964	0.0133544
0.330943	0.0133185
0.330896	0.0133185
0.330746	0.0134052
0.330662	0.0134142
0.330509	0.0134915
0.330406	0.0135009
0.330342	0.0134691
0.330212	0.0135125
0.330083	0.0135449
0.330052	0.0134842
0.330011	0.0134432
0.329911	0.0134628
0.329913	0.0133905
0.329832	0.0134054
0.329815	0.0133589
0.329786	0.0133331
0.329749	0.0133194
0.329672	0.0133509
0.329535	0.0134266
0.329487	0.0134085
0.329378	0.0134445
0.329337	0.0134164
0.329358	0.0133379
0.329327	0.0133228
0.329344	0.013272
0.329285	0.0132986
0.329198	0.0133372
0.329182	0.0133137
0.329175	0.0132848
0.329091	0.0133349
0.329044	0.0133378
0.329001	0.0133378
0.328964	0.0133334
0.328885	0.0133657
0.328866	0.0133331
0.32881	0.0133483
0.328778	0.0133356
0.328773	0.0132993
0.328829	0.0132134
0.328844	0.0131898
0.328958	0.0130797
0.328948	0.0131067
0.329025	0.0130505
0.329083	0.0130286
0.329132	0.0130095
0.329193	0.0129838
0.329215	0.0130034
0.32927	0.0129923
0.329286	0.0130122
0.3294	0.0129426
0.329452	0.0129404
0.329513	0.012936
0.329583	0.0129212
0.329644	0.012919
0.329721	0.0129053
0.32978	0.0129069
0.329719	0.0130125
0.329713	0.0130484
0.329713	0.0130674
0.329723	0.0130749
0.32965	0.0131522
0.329696	0.0131086
0.329715	0.0131011
0.329688	0.0131323
0.329653	0.0131643
0.329677	0.0131395
0.329602	0.013208
0.329528	0.0132587
0.329562	0.0132033
0.329545	0.0132083
0.329516	0.0132236
0.329484	0.0132377
0.329426	0.0132662
0.329336	0.013313
0.32918	0.013418
0.329157	0.0133776
0.329092	0.0133849
0.329093	0.0133359
0.329105	0.0132881
0.329031	0.013324
0.329065	0.0132553
0.329008	0.0132832
0.328984	0.0132722
0.329029	0.0132062
0.329041	0.0131825
0.329066	0.0131554
0.329111	0.0131215
0.329034	0.0132012
0.329012	0.0132111
0.329061	0.0131548
0.329074	0.0131429
0.329119	0.0131071
0.329115	0.0131186
0.32911	0.0131305
0.329168	0.0130806
0.32916	0.0131008
0.329127	0.0131406
0.32913	0.0131372
0.329046	0.0132147
0.329088	0.0131667
0.329097	0.0131563
0.329096	0.0131569
0.329073	0.013179
0.329003	0.0132344
0.32902	0.0132035
0.329046	0.0131715
0.329107	0.0131164
0.329006	0.0132063
0.329046	0.0131559
0.329118	0.0130938
0.329085	0.0131354
0.329161	0.0130728
0.329137	0.0131109
0.329176	0.0130904
0.329308	0.0129907
0.329392	0.0129549
0.329377	0.013011
0.329432	0.012992
0.329391	0.0130644
0.329372	0.0131016
0.329324	0.0131519
0.329317	0.0131598
0.329376	0.0131051
0.329365	0.0131268
0.32933	0.0131618
0.329249	0.0132339
0.32922	0.0132382
0.32925	0.0131923
0.329332	0.013111
0.329295	0.0131507
0.329342	0.0131111
0.329288	0.0131703
0.32929	0.0131639
0.329354	0.0131039
0.329407	0.013069
0.329405	0.013094
0.329367	0.0131406
0.329385	0.0131237
0.329357	0.013156
0.329395	0.0131222
0.329437	0.0130904
0.329453	0.01309
0.329424	0.0131275
0.329458	0.0131022
0.329461	0.0131143
0.329493	0.0130971
0.32956	0.0130465
0.329612	0.0130229
0.329705	0.0129701
0.329675	0.0130392
0.329728	0.0130147
0.329728	0.0130414
0.329741	0.013051
0.329783	0.0130361
0.329793	0.0130503
0.329711	0.0131419
0.329661	0.0131889
0.329606	0.0132266
0.329556	0.013255
0.329578	0.0132083
0.329537	0.0132307
0.329533	0.0132134
0.329524	0.0132076
0.329467	0.0132433
0.329376	0.0133018
0.329387	0.0132564
0.32933	0.0132803
0.329258	0.0133151
0.329315	0.0132282
0.329167	0.0133431
0.329084	0.0133767
0.328955	0.0134467
0.328903	0.0134264
0.328774	0.0134819
0.328776	0.0134096
0.32865	0.0134678
0.328503	0.0135289
0.328444	0.0135011
0.328396	0.0134684
0.32829	0.013494
0.328174	0.0135229
0.328055	0.0135507
0.32789	0.0136102
0.327767	0.0136222
0.327751	0.0135404
0.327682	0.0135201
0.327587	0.0135258
0.327585	0.0134527
0.327544	0.0134277
0.327483	0.0134279
0.327361	0.0134828
0.32729	0.013475
0.327258	0.0134389
0.327273	0.0133691
0.327262	0.0133402
0.327264	0.0133063
0.327151	0.0133783
0.327123	0.0133576
0.327072	0.0133623
0.327071	0.0133271
0.327004	0.0133549
0.326941	0.0133718
0.326861	0.0134057
0.326794	0.0134251
0.326706	0.0134542
0.326703	0.0134015
0.326639	0.0134073
0.326667	0.0133389
0.326759	0.0132245
0.326772	0.013207
0.326827	0.0131576
0.326855	0.0131424
0.326909	0.0131082
0.326985	0.0130609
0.327039	0.0130454
0.32707	0.0130526
0.327162	0.0130011
0.327216	0.0129975
0.327269	0.012995
0.327399	0.0129233
0.327492	0.0128978
0.327594	0.0128702
0.327593	0.0129414
0.327642	0.0129457
0.32772	0.0129273
0.327865	0.0128516
0.327975	0.0128271
0.328132	0.0127657
0.328308	0.0127013
0.328372	0.0127496
0.328444	0.0127785
0.328598	0.0127244
0.328677	0.0127533
0.328759	0.01277
0.328888	0.0127439
0.328965	0.012767
0.329033	0.0127973
0.329162	0.012765
0.32931	0.0127189
0.329425	0.0127147
0.32952	0.0127309
0.329571	0.0127774
0.329667	0.0127743
0.329742	0.0127901
0.329803	0.0128141
0.329849	0.0128467
0.329876	0.0128919
0.329886	0.0129405
0.329879	0.0129938
0.329926	0.012982
0.33	0.0129537
0.330065	0.0129356
0.330116	0.0129337
0.330169	0.012936
0.330191	0.0129576
0.330272	0.0129279
0.330345	0.0129088
0.330463	0.0128565
0.330561	0.0128366
0.330616	0.01285
0.330583	0.0129387
0.330613	0.0129524
0.330669	0.0129411
0.330732	0.012926
0.330752	0.0129528
0.330765	0.0129793
0.330766	0.0130116
0.330822	0.0129862
0.33077	0.013065
0.330726	0.0131168
0.330762	0.0130817
0.330693	0.0131533
0.330696	0.0131449
0.330669	0.0131613
0.330655	0.0131646
0.330699	0.0131147
0.330733	0.0130902
0.330759	0.0130763
0.330804	0.0130451
0.330757	0.0131055
0.330714	0.0131477
0.33064	0.0132083
0.330622	0.0132033
0.330529	0.0132658
0.330525	0.0132369
0.330384	0.0133358
0.330309	0.0133601
0.330188	0.0134146
0.330184	0.0133548
0.330105	0.0133768
0.33003	0.0133881
0.329918	0.0134283
0.329895	0.0133803
0.329745	0.0134554
0.329777	0.0133511
0.329716	0.0133602
0.329713	0.013312
0.329603	0.0133698
0.329608	0.0133127
0.329539	0.0133307
0.329491	0.0133316
0.329493	0.0132853
0.329406	0.0133283
0.329332	0.0133592
0.329292	0.0133466
0.32938	0.0132254
0.329361	0.0132184
0.32937	0.0131941
0.329392	0.0131629
0.32933	0.01322
0.32934	0.0131985
0.329374	0.0131588
0.329347	0.0131801
0.329314	0.0131981
0.329316	0.0131847
0.329345	0.0131512
0.329316	0.0131738
0.329303	0.0131712
0.329248	0.0132196
0.329181	0.0132651
0.329165	0.0132549
0.329125	0.0132628
0.329094	0.0132695
0.329107	0.0132325
0.329093	0.0132275
0.329022	0.0132717
0.329057	0.0132126
0.329024	0.0132335
0.328972	0.0132623
0.32897	0.0132397
0.328992	0.013202
0.328984	0.0131935
0.329059	0.0131179
0.329154	0.0130371
0.329149	0.0130672
0.329182	0.0130566
0.329258	0.0130087
0.32927	0.013031
0.329303	0.0130259
0.329333	0.0130327
0.329405	0.0129916
0.329516	0.0129234
0.329615	0.0128869
0.329686	0.0128877
0.329799	0.0128457
0.329839	0.0128741
0.329941	0.0128404
0.330068	0.0127978
0.330079	0.012867
0.330074	0.0129332
0.330125	0.0129332
0.330127	0.0129742
0.330292	0.0128653
0.330406	0.0128213
0.330469	0.0128353
0.330584	0.0127998
0.330663	0.0128035
0.330801	0.0127486
0.330997	0.0126575
0.331138	0.0126342
0.331206	0.0126851
0.331365	0.0126388
0.331474	0.0126508
0.331583	0.0126581
0.33166	0.0126959
0.331732	0.0127286
0.331783	0.0127681
0.331871	0.0127657
0.331935	0.0127829
0.331989	0.012809
0.331958	0.0128969
0.331974	0.0129297
0.332051	0.0129006
0.332023	0.0129725
0.332045	0.0129785
0.332032	0.0130134
0.332045	0.0130172
0.331998	0.0130744
0.332011	0.013063
0.331939	0.01314
0.331865	0.0131966
0.331809	0.0132223
0.331764	0.0132373
0.331702	0.0132611
0.331619	0.0132982
0.331528	0.0133278
0.331486	0.0133215
0.331393	0.0133533
0.331324	0.0133613
0.331264	0.0133646
0.331289	0.0132847
0.331273	0.0132571
0.331255	0.0132394
0.331162	0.0132929
0.331111	0.0132958
0.331058	0.0132994
0.331075	0.0132463
0.331078	0.0132103
0.331062	0.0132063
0.331125	0.0131268
0.331094	0.0131542
0.331033	0.0131982
0.330985	0.0132213
0.330934	0.013242
0.330861	0.0132793
0.330834	0.0132675
0.330863	0.0132081
0.330787	0.0132594
0.330703	0.0132995
0.330668	0.0132878
0.33065	0.0132701
0.330603	0.01328
0.330505	0.0133298
0.3305	0.0132856
0.330534	0.0132193
0.330547	0.0131815
0.330637	0.0130884
0.330637	0.0130983
0.330655	0.0130858
0.330583	0.0131583
0.330599	0.0131365
0.33052	0.0132015
0.330414	0.0132816
0.330339	0.0133118
0.330328	0.0132793
0.3303	0.0132642
0.330253	0.0132771
0.330165	0.0133245
0.330154	0.0132918
0.330093	0.0133057
0.330105	0.0132551
0.330106	0.0132252
0.33007	0.0132424
0.329961	0.0133167
0.329892	0.0133384
0.329836	0.0133425
0.329812	0.0133207
0.329659	0.0134153
0.329619	0.0133893
0.329569	0.0133771
0.329459	0.013418
0.329378	0.0134245
0.329262	0.0134622
0.329256	0.0133991
0.329247	0.0133539
0.329139	0.0134065
0.329029	0.013447
0.329015	0.0133925
0.329008	0.0133473
0.328957	0.0133482
0.328864	0.0133867
0.32885	0.0133463
0.328772	0.0133743
0.328805	0.0132953
0.328775	0.0132848
0.328678	0.0133444
0.328612	0.0133609
0.328608	0.0133207
0.328579	0.0133095
0.328579	0.0132776
0.328548	0.013275
0.328559	0.0132436
0.328611	0.0131822
0.328588	0.0131977
0.328651	0.0131359
0.328667	0.0131307
0.328674	0.0131304
0.328676	0.0131383
0.32856	0.0132484
0.328623	0.0131746
0.328652	0.0131446
0.328738	0.013071
0.328751	0.0130779
0.328892	0.0129687
0.32898	0.0129333
0.328996	0.0129724
0.329063	0.0129565
0.329118	0.0129564
0.329151	0.0129784
0.329255	0.0129215
0.329294	0.0129406
0.329313	0.0129678
0.329371	0.0129584
0.329487	0.0128942
0.329589	0.0128576
0.3297	0.0128236
0.329731	0.0128696
0.329827	0.0128482
0.329832	0.0129049
0.329853	0.012937
0.329836	0.0130007
0.329777	0.0130824
0.329747	0.0131233
0.329754	0.0131181
0.329836	0.0130552
0.329921	0.0129996
0.329968	0.0129926
0.330026	0.0129752
0.32997	0.0130592
0.330072	0.012985
0.330062	0.0130275
0.330033	0.013078
0.330039	0.0130895
0.330102	0.0130405
0.330165	0.0130068
0.330209	0.0130005
0.330216	0.0130214
0.330229	0.0130384
0.330192	0.0130956
0.330196	0.0130993
0.330218	0.0130852
0.330255	0.013062
0.330166	0.0131566
0.330187	0.013136
0.330158	0.0131596
0.330122	0.0131874
0.330172	0.0131305
0.330129	0.0131673
0.330097	0.0131876
0.330086	0.0131851
0.330168	0.0131025
0.330184	0.0130935
0.330181	0.0131065
0.33018	0.0131148
0.330203	0.013097
0.330261	0.0130531
0.330195	0.0131267
0.330205	0.0131149
0.330207	0.0131146
0.330166	0.0131562
0.330157	0.0131519
0.330169	0.0131358
0.330205	0.0131033
0.330232	0.0130821
0.33026	0.0130696
0.330211	0.0131285
0.330196	0.0131427
0.330206	0.0131314
0.330178	0.0131566
0.330195	0.0131358
0.330169	0.01316
0.330152	0.0131682
0.330111	0.0132016
0.330084	0.0132105
0.330188	0.0131033
0.330261	0.0130474
0.330258	0.0130665
0.330317	0.0130282
0.330317	0.0130545
0.33039	0.0130106
0.330424	0.0130075
0.330488	0.0129745
0.330565	0.0129423
0.330602	0.0129482
0.330703	0.0128993
0.330715	0.0129329
0.33082	0.012881
0.330885	0.0128816
0.331048	0.0127934
0.33114	0.0127819
0.331249	0.0127608
0.331276	0.0128162
0.331304	0.0128599
0.331326	0.0128957
0.331482	0.0128037
0.331536	0.0128233
0.331643	0.0127898
0.331757	0.012759
0.331888	0.0127193
0.331942	0.0127586
0.331995	0.0127844
0.332093	0.0127668
0.332194	0.0127518
0.332181	0.0128417
0.33225	0.0128365
0.332283	0.0128646
0.332357	0.0128488
0.332356	0.0128996
0.332364	0.0129369
0.332349	0.0129887
0.332388	0.0129823
0.332457	0.0129454
0.332415	0.0130165
0.332394	0.0130522
0.332403	0.0130547
0.332458	0.0130153
0.332356	0.0131213
0.332282	0.0131782
0.332234	0.0132
0.332163	0.0132433
0.332125	0.0132408
0.332031	0.0132885
0.331984	0.0132894
0.331868	0.0133448
0.331737	0.0134065
0.331668	0.0133998
0.331647	0.0133508
0.331638	0.0133034
0.331494	0.0133883
0.33144	0.0133746
0.331409	0.0133447
0.331349	0.0133508
0.331342	0.0133053
0.331342	0.0132641
0.331328	0.0132365
0.331307	0.0132239
0.331337	0.0131716
0.331262	0.0132198
0.331114	0.0133219
0.331138	0.0132546
0.331068	0.013292
0.331054	0.013261
0.331039	0.0132419
0.330969	0.0132753
0.330954	0.0132539
0.330964	0.0132129
0.331036	0.0131271
0.331069	0.0130974
0.331088	0.0130914
0.331069	0.0131116
0.331036	0.0131436
0.331036	0.013139
0.331045	0.0131245
0.331042	0.0131207
0.330987	0.0131705
0.330977	0.0131663
0.330968	0.0131646
0.33099	0.0131373
0.330967	0.0131585
0.330917	0.0131898
0.330894	0.0131967
0.330915	0.0131632
0.330908	0.0131637
0.330905	0.0131589
0.330813	0.0132278
0.330745	0.0132655
0.330648	0.0133168
0.330567	0.0133458
0.330595	0.0132747
0.330472	0.0133519
0.330413	0.0133523
0.33041	0.0133064
0.330286	0.0133748
0.330161	0.0134304
0.33007	0.0134407
0.33	0.0134358
0.32995	0.0134094
0.329882	0.0134065
0.329759	0.0134561
0.329656	0.013479
0.329515	0.0135251
0.329465	0.0134834
0.329385	0.0134806
0.329349	0.0134335
0.329258	0.0134502
0.329186	0.0134451
0.329075	0.0134814
0.329008	0.0134672
0.328959	0.0134404
0.328832	0.0134896
0.32882	0.0134289
0.328809	0.0133772
0.328722	0.0134059
0.328742	0.0133312
0.328728	0.0133078
0.328677	0.013323
0.328665	0.013297
0.328577	0.0133383
0.328561	0.0133103
0.328512	0.0133232
0.328464	0.0133263
0.328442	0.0133104
0.328443	0.0132778
0.32841	0.013281
0.328428	0.0132419
0.328324	0.0133189
0.328255	0.0133482
0.328205	0.0133532
0.328197	0.0133188
0.328248	0.0132411
0.328227	0.0132409
0.328175	0.013268
0.32821	0.0132146
0.328248	0.0131764
0.328294	0.013139
0.328337	0.0131086
0.328418	0.0130471
0.328463	0.013036
0.328508	0.0130222
0.328598	0.012973
0.328655	0.0129664
0.32865	0.0130138
0.328699	0.0130021
0.328756	0.0129846
0.328831	0.0129588
0.328902	0.0129415
0.32897	0.0129318
0.329023	0.0129365
0.329103	0.0129148
0.329098	0.0129732
0.329125	0.0129911
0.329185	0.012978
0.329217	0.012991
0.329221	0.0130208
0.329322	0.0129608
0.329375	0.0129607
0.329408	0.0129776
0.329486	0.0129459
0.329511	0.0129687
0.329581	0.0129428
0.329605	0.0129647
0.329633	0.0129797
0.329613	0.0130344
0.329621	0.013048
0.329577	0.0131112
0.32963	0.0130748
0.329608	0.0131095
0.329639	0.0130854
0.32964	0.013099
0.329694	0.0130633
0.329781	0.0130075
0.329813	0.0130079
0.329873	0.0129848
0.329862	0.0130291
0.32994	0.0129854
0.329985	0.0129826
0.329953	0.0130461
0.330008	0.0130151
0.330046	0.0130074
0.330039	0.0130471
0.330026	0.0130845
0.330026	0.0130932
0.330049	0.0130803
0.330094	0.0130541
0.330125	0.0130454
0.330093	0.0130927
0.33009	0.01311
0.330067	0.0131394
0.330102	0.0131047
0.330111	0.0130995
0.33012	0.0131002
0.330128	0.0131062
0.330208	0.0130393
0.330283	0.0129994
0.330383	0.0129376
0.330389	0.0129703
0.330404	0.0129911
0.330428	0.013
0.330421	0.0130319
0.330539	0.0129486
0.330572	0.0129596
0.330616	0.0129611
0.330581	0.0130294
0.330563	0.0130681
0.330509	0.0131294
0.330425	0.013204
0.330436	0.0131756
0.330436	0.0131619
0.33042	0.0131714
0.330368	0.0132098
0.330395	0.0131691
0.330356	0.0131899
0.330362	0.0131688
0.330373	0.0131512
0.330353	0.0131661
0.33035	0.013162
0.330302	0.0131986
0.330292	0.0131887
0.330212	0.0132463
0.330232	0.0131992
0.330285	0.0131357
0.330352	0.0130719
0.330303	0.0131294
0.330254	0.0131725
0.330221	0.0131969
0.330221	0.0131806
0.330326	0.0130707
0.330408	0.013013
0.330435	0.0130114
0.330372	0.013096
0.330423	0.0130582
0.33045	0.0130503
0.330477	0.0130475
0.330511	0.0130322
0.330586	0.012991
0.330617	0.0129933
0.330596	0.0130391
0.330549	0.013098
0.330538	0.013115
0.330443	0.0132012
0.330404	0.0132185
0.330385	0.0132143
0.330343	0.0132293
0.33032	0.013223
0.330283	0.01324
0.330246	0.0132459
0.33026	0.0132139
0.330194	0.013252
0.33018	0.0132405
0.330158	0.0132366
0.330206	0.013171
0.330213	0.0131541
0.330125	0.0132194
0.330029	0.013289
0.330039	0.0132412
0.330018	0.0132327
0.329972	0.0132501
0.329941	0.0132541
0.32996	0.0132076
0.329964	0.0131902
0.329907	0.0132271
0.329868	0.0132424
0.329814	0.0132697
0.329778	0.0132714
0.32979	0.0132322
0.32974	0.0132548
0.329723	0.013247
0.329701	0.0132443
0.329674	0.0132442
0.329692	0.0132026
0.329722	0.013162
0.329747	0.013134
0.329688	0.0131849
0.329652	0.013208
0.329628	0.0132153
0.329677	0.0131564
0.329569	0.0132488
0.329506	0.013279
0.329474	0.0132801
0.329442	0.0132745
0.329456	0.0132344
0.329383	0.0132854
0.329357	0.0132805
0.329357	0.0132522
0.329389	0.0132035
0.329419	0.0131616
0.329385	0.013189
0.329414	0.0131527
0.329434	0.0131361
0.329411	0.0131561
0.329468	0.0131046
0.329432	0.0131454
0.329425	0.0131498
0.32948	0.0130997
0.3295	0.0130929
0.329552	0.0130562
0.329493	0.0131278
0.329468	0.0131576
0.329405	0.0132107
0.329431	0.013175
0.329369	0.0132257
0.329378	0.0131992
0.329358	0.0132033
0.329349	0.0132019
0.329301	0.0132376
0.329342	0.0131819
0.329326	0.0131917
0.329343	0.0131667
0.329334	0.0131746
0.3293	0.0132017
0.329293	0.0131952
0.329176	0.0132902
0.329107	0.0133202
0.329052	0.0133339
0.329006	0.0133378
0.329018	0.0132861
0.328895	0.0133685
0.328883	0.01333
0.328833	0.0133345
0.328833	0.0132965
0.328794	0.0133023
0.328752	0.0133093
0.328695	0.0133314
0.328649	0.0133283
0.328682	0.0132679
0.32864	0.0132808
0.328612	0.0132805
0.328554	0.0133069
0.32865	0.0131861
0.328653	0.0131789
0.328683	0.0131496
0.328609	0.0132191
0.328536	0.0132702
0.328592	0.0131935
0.328572	0.0132012
0.328623	0.0131476
0.328584	0.0131829
0.32858	0.0131805
0.328602	0.0131566
0.328605	0.0131578
0.328598	0.0131623
0.328666	0.0131021
0.328689	0.0130985
0.328689	0.0131165
0.328647	0.0131696
0.328682	0.0131382
0.328677	0.0131538
0.328668	0.0131638
0.328619	0.0132088
0.328624	0.013194
0.328656	0.0131592
0.328748	0.0130776
0.328826	0.013025
0.32884	0.0130462
0.328842	0.0130684
0.328875	0.0130606
0.328883	0.0130786
0.328929	0.0130575
0.328922	0.0130859
0.328917	0.0131052
0.32902	0.013026
0.329125	0.0129614
0.329167	0.0129701
0.329275	0.0129163
0.329334	0.0129174
0.329421	0.0128917
0.329443	0.0129312
0.329394	0.013021
0.329416	0.0130318
0.329361	0.0131046
0.329421	0.0130621
0.32944	0.0130655
0.329475	0.0130528
0.329605	0.01296
0.329627	0.0129792
0.329653	0.0129964
0.329712	0.0129817
0.329715	0.0130174
0.329733	0.0130275
0.329719	0.0130633
0.329762	0.013043
0.329825	0.0130082
0.329799	0.0130605
0.329828	0.0130479
0.32985	0.0130447
0.329843	0.0130723
0.32991	0.0130273
0.329956	0.0130147
0.329984	0.0130219
0.330065	0.0129776
0.33012	0.0129644
0.330149	0.0129776
0.330186	0.0129775
0.330229	0.012974
0.330272	0.0129691
0.330319	0.0129657
0.330312	0.0130095
0.330371	0.0129858
0.330337	0.0130402
0.330388	0.0130135
0.33037	0.0130568
0.330363	0.0130769
0.33044	0.0130167
0.330443	0.0130395
0.330447	0.0130564
0.330469	0.0130539
0.330493	0.0130528
0.33046	0.0130961
0.330466	0.013096
0.330461	0.0131111
0.330529	0.0130554
0.33057	0.0130328
0.3306	0.0130297
0.330635	0.0130183
0.33064	0.0130379
0.330621	0.0130766
0.330628	0.0130797
0.330592	0.0131229
0.330555	0.0131548
0.330544	0.0131615
0.330508	0.0131853
0.330604	0.013086
0.330657	0.0130462
0.330672	0.01305
0.330593	0.0131363
0.330564	0.013166
0.330589	0.0131369
0.330623	0.0131057
0.330625	0.0131104
0.330613	0.0131242
0.33067	0.0130743
0.330635	0.0131163
0.330595	0.013156
0.330618	0.0131322
0.330632	0.0131156
0.33057	0.0131705
0.330579	0.0131557
0.330568	0.0131657
0.33055	0.0131722
0.330555	0.0131536
0.330483	0.013209
0.330477	0.0131965
0.330467	0.0131894
0.330447	0.0131892
0.330409	0.013208
0.330378	0.01321
0.330348	0.0132222
0.330262	0.0132791
0.330278	0.0132332
0.330293	0.0131984
0.330258	0.0132135
0.330294	0.0131602
0.330358	0.0130943
0.330305	0.0131493
0.33038	0.0130798
0.330429	0.0130436
0.33045	0.0130395
0.330456	0.0130526
0.330473	0.0130561
0.33056	0.012996
0.330557	0.0130292
0.33054	0.0130658
0.330582	0.0130452
0.330567	0.0130752
0.330557	0.0130948
0.330559	0.013102
0.330578	0.0130904
0.330563	0.0131155
0.330561	0.0131176
0.330602	0.0130849
0.330611	0.0130854
0.330614	0.0130925
0.33055	0.0131546
0.330585	0.0131193
0.330499	0.0131966
0.330475	0.0132029
0.330388	0.0132637
0.330383	0.0132436
0.330282	0.0133092
0.330232	0.0133157
0.33022	0.0132862
0.330188	0.013281
0.33006	0.013364
0.330029	0.0133387
0.329944	0.0133633
0.329819	0.0134249
0.329755	0.0134154
0.329685	0.0134163
0.329624	0.0134098
0.329589	0.01338
0.329486	0.013421
0.329436	0.0134016
0.329369	0.0134057
0.329311	0.0133963
0.32917	0.0134711
0.329142	0.0134226
0.329017	0.0134738
0.328863	0.0135401
0.328747	0.0135569
0.328673	0.0135307
0.328603	0.0135139
0.328516	0.0135081
0.328379	0.0135566
0.328297	0.0135422
0.328299	0.0134612
0.328245	0.0134414
0.328223	0.0133953
0.328195	0.0133757
0.328154	0.0133677
0.328087	0.0133846
0.328074	0.0133485
0.328108	0.0132835
0.328151	0.0132206
0.328072	0.0132803
0.328125	0.0132132
0.328183	0.0131576
0.328238	0.013113
0.328218	0.0131473
0.328246	0.0131293
0.328328	0.0130694
0.328391	0.0130355
0.328441	0.013022
0.328564	0.012945
0.328584	0.0129795
0.328652	0.0129652
0.328713	0.0129567
0.328834	0.0128967
0.328964	0.012838
0.329071	0.0128151
0.329251	0.012729
0.329358	0.0127269
0.329531	0.0126695
0.329663	0.0126625
0.329744	0.0126963
0.329933	0.0126339
0.330065	0.0126284
0.330229	0.0125965
0.330381	0.0125793
0.330562	0.0125415
0.330854	0.0124111
0.331043	0.0124065
0.331105	0.0125139
0.331213	0.0125577
0.331392	0.0125276
0.331494	0.0125658
0.331613	0.012584
0.331754	0.0125776
0.331875	0.0125888
0.331992	0.0126051
0.332144	0.012582
0.332227	0.0126263
0.332339	0.0126305
0.332347	0.0127221
0.332456	0.0127107
0.332549	0.0127161
0.332674	0.0126936
0.332726	0.0127345
0.332784	0.0127628
0.33283	0.0127955
0.332839	0.0128529
0.332816	0.0129182
0.332788	0.0129818
0.332783	0.0130081
0.332712	0.013089
0.33266	0.0131331
0.332605	0.0131631
0.332526	0.0132154
0.332499	0.0132094
0.332492	0.0131915
0.332393	0.0132557
0.332279	0.0133228
0.332265	0.0132845
0.332175	0.0133206
0.33207	0.0133583
0.33199	0.0133719
0.331923	0.013368
0.331862	0.0133626
0.331789	0.0133723
0.331648	0.0134374
0.331572	0.0134291
0.331446	0.0134655
0.331385	0.0134369
0.331293	0.0134442
0.33126	0.013401
0.33101	0.0135526
0.330885	0.0135579
0.330796	0.013539
0.330666	0.0135576
0.330539	0.013571
0.330428	0.013569
0.330282	0.0135989
0.330143	0.0136149
0.330095	0.0135542
0.330001	0.0135425
0.330012	0.0134424
0.32999	0.0133909
0.329884	0.0134222
0.329791	0.0134454
0.329697	0.0134607
0.32961	0.013466
0.329536	0.0134605
0.329463	0.0134558
0.329341	0.0134902
0.329182	0.0135577
0.329042	0.0135965
0.328974	0.0135581
0.328955	0.0134855
0.328867	0.0134912
0.328891	0.0133928
0.328889	0.0133401
0.328749	0.0134279
0.32868	0.0134286
0.328687	0.0133637
0.328708	0.0132963
0.328714	0.0132623
0.32862	0.0133216
0.328566	0.0133327
0.328547	0.0133101
0.328543	0.0132873
0.328562	0.0132449
0.328655	0.0131449
0.32868	0.0131273
0.328707	0.0131095
0.328731	0.0131027
0.328731	0.0131155
0.328776	0.0130884
0.328848	0.0130387
0.328875	0.013037
0.32895	0.0129984
0.328971	0.0130153
0.328974	0.0130435
0.328987	0.0130553
0.329029	0.0130458
0.329022	0.0130784
0.329091	0.0130362
0.329088	0.0130598
0.329103	0.0130711
0.329113	0.0130792
0.32922	0.0130006
0.329231	0.0130264
0.329297	0.0129917
0.329385	0.0129479
0.329492	0.0128976
0.329534	0.0129097
0.329625	0.0128875
0.329658	0.0129149
0.32965	0.0129748
0.329664	0.0130008
0.329739	0.0129714
0.329736	0.0130172
0.329833	0.0129566
0.329861	0.012974
0.329828	0.0130406
0.329893	0.0130039
0.329952	0.012987
0.330068	0.0129171
0.330129	0.0129141
0.330068	0.0130189
0.330161	0.0129645
0.330246	0.0129278
0.33024	0.0129727
0.330322	0.0129392
0.330382	0.0129281
0.330479	0.0128895
0.330604	0.0128311
0.330668	0.0128384
0.330722	0.0128544
0.330734	0.0129054
0.330808	0.012887
0.330866	0.0128889
0.330845	0.0129565
0.33098	0.0128777
0.331044	0.0128722
0.33112	0.0128589
0.331138	0.0128988
0.331172	0.0129172
0.331173	0.0129581
0.331174	0.0129903
0.331237	0.0129619
0.331164	0.0130615
0.331218	0.0130285
0.33126	0.0130056
0.331281	0.0130065
0.331279	0.0130303
0.331244	0.0130782
0.33126	0.013072
0.331251	0.013088
0.331255	0.0130879
0.331263	0.0130876
0.331209	0.0131434
0.331131	0.013207
0.331041	0.0132671
0.33096	0.0133038
0.330851	0.0133548
0.330793	0.0133557
0.330798	0.0133001
0.330844	0.0132149
0.330863	0.01318
0.330817	0.0132036
0.33074	0.013252
0.330723	0.0132379
0.330691	0.0132426
0.330659	0.0132408
0.330637	0.0132322
0.330555	0.0132834
0.330513	0.0132827
0.330468	0.0132896
0.330418	0.0132967
0.330349	0.0133233
0.330228	0.0133835
0.330162	0.0133853
0.330143	0.0133419
0.330162	0.0132804
0.330103	0.0132962
0.329996	0.0133539
0.32997	0.0133329
0.329827	0.0134176
0.329771	0.0134066
0.329673	0.0134353
0.329605	0.0134295
0.329494	0.013462
0.329351	0.0135177
0.329236	0.0135358
0.329189	0.0134905
0.329149	0.0134507
0.329052	0.0134691
0.329019	0.0134267
0.328938	0.0134406
0.328881	0.0134279
0.328839	0.0134016
0.328754	0.0134252
0.328761	0.0133617
0.328682	0.013384
0.328592	0.0134114
0.328569	0.0133732
0.32848	0.0134044
0.32847	0.0133523
0.328394	0.0133743
0.328335	0.0133798
0.328237	0.0134202
0.328215	0.0133822
0.328126	0.0134188
0.328097	0.0133863
0.328056	0.0133717
0.32806	0.0133249
0.328016	0.0133294
0.327972	0.0133322
0.327912	0.0133508
0.327861	0.01336
0.32779	0.0133817
0.327814	0.0133172
0.327784	0.0133173
0.327782	0.013284
0.327789	0.0132539
0.327724	0.0132926
0.327791	0.0132054
0.327891	0.0131093
0.327907	0.0131061
0.327943	0.0130922
0.327978	0.013076
0.327964	0.0131136
0.327944	0.0131449
0.327877	0.0132129
0.32787	0.0132164
0.327753	0.0133112
0.327801	0.013239
0.327798	0.0132285
0.327835	0.0131853
0.327859	0.0131595
0.327898	0.0131317
0.32797	0.0130809
0.327945	0.0131245
0.328056	0.0130408
0.32818	0.0129632
0.328266	0.012932
0.328329	0.0129317
0.32837	0.0129526
0.328494	0.0128892
0.328542	0.0129109
0.328629	0.0128942
0.32869	0.0128995
0.32876	0.0129027
0.328795	0.0129289
0.328847	0.0129318
0.328875	0.0129544
0.328969	0.0129152
0.329117	0.0128392
0.329166	0.012865
0.329204	0.0128966
0.329288	0.0128774
0.329291	0.0129434
0.329342	0.0129489
0.329429	0.0129131
0.329505	0.0129027
0.329596	0.0128766
0.329599	0.0129338
0.329683	0.0129064
0.329763	0.0128889
0.329877	0.0128429
0.329906	0.0128823
0.330025	0.0128349
0.330046	0.0128864
0.330077	0.0129137
0.330132	0.0129191
0.330119	0.0129794
0.330186	0.0129554
0.330246	0.0129382
0.33029	0.0129452
0.330365	0.0129254
0.33038	0.0129577
0.330458	0.0129279
0.330451	0.0129792
0.330496	0.0129694
0.330562	0.0129446
0.33061	0.0129428
0.330728	0.0128724
0.33081	0.0128592
0.330932	0.0128087
0.331051	0.0127747
0.331199	0.0127184
0.331298	0.0127159
0.331325	0.0127859
0.331425	0.0127732
0.331521	0.0127615
0.331593	0.0127763
0.331672	0.012778
0.331707	0.012823
0.331818	0.0127897
0.331807	0.0128703
0.331786	0.0129421
0.331809	0.0129555
0.331811	0.0129924
0.331883	0.012951
0.331894	0.0129769
0.331966	0.012941
0.331975	0.0129726
0.331944	0.0130231
0.331907	0.0130704
0.331875	0.0131034
0.331862	0.0131129
0.331886	0.0130872
0.331913	0.013063
0.331958	0.0130322
0.331972	0.0130328
0.331918	0.0130966
0.331975	0.0130461
0.331996	0.0130409
0.332001	0.0130539
0.332007	0.0130611
0.331973	0.0131039
0.331979	0.0131039
0.331982	0.0130983
0.331927	0.0131481
0.331904	0.0131562
0.331836	0.0132027
0.331762	0.0132446
0.331682	0.0132813
0.331643	0.0132765
0.331579	0.0132951
0.331453	0.0133646
0.331319	0.0134273
0.331288	0.0133808
0.331103	0.0134848
0.330918	0.0135649
0.330735	0.0136257
0.330585	0.01364
0.330512	0.0135888
0.33043	0.0135612
0.330268	0.0136045
0.330272	0.0134938
0.330128	0.0135437
0.33006	0.0135114
0.329979	0.0134999
0.329889	0.0134948
0.329778	0.0135143
0.329719	0.0134815
0.329595	0.013513
0.329501	0.0135074
0.329425	0.013494
0.329338	0.0134914
0.329378	0.0133785
0.329329	0.0133701
0.329303	0.0133388
0.32939	0.0132171
0.32937	0.0132194
0.329322	0.0132421
0.329273	0.013262
0.329259	0.0132471
0.329236	0.0132417
0.329171	0.0132818
0.329202	0.0132267
0.329223	0.0131911
0.329233	0.013171
0.329238	0.0131619
0.329255	0.0131479
0.329192	0.0132032
0.329178	0.0132062
0.329224	0.0131577
0.329182	0.0131904
0.329129	0.0132231
0.329089	0.0132431
0.329128	0.0131926
0.329081	0.0132269
0.329057	0.0132375
0.329017	0.0132566
0.328999	0.0132507
0.328958	0.0132653
0.328893	0.0132984
0.328886	0.0132747
0.328795	0.013329
0.328791	0.0132967
0.328811	0.0132464
0.328811	0.0132267
0.328869	0.0131575
0.328876	0.0131512
0.328882	0.0131549
0.328946	0.0131027
0.329001	0.0130664
0.329016	0.0130745
0.329008	0.013099
0.328986	0.0131272
0.328949	0.0131617
0.328984	0.0131293
0.328972	0.0131454
0.329028	0.0131037
0.329012	0.0131292
0.329015	0.013127
0.329067	0.0130895
0.329	0.0131654
0.328915	0.0132394
0.328893	0.0132389
0.328957	0.0131639
0.328913	0.0132024
0.328951	0.0131558
0.329051	0.0130675
0.328998	0.0131335
0.329032	0.0131097
0.329051	0.0131007
0.329065	0.0131009
0.329029	0.0131495
0.32905	0.0131336
0.32904	0.0131481
0.329029	0.0131602
0.329058	0.0131365
0.329044	0.0131514
0.329088	0.0131181
0.329185	0.0130406
0.329213	0.0130405
0.329196	0.013078
0.329228	0.0130683
0.32936	0.0129677
0.329383	0.0129833
0.329435	0.0129753
0.329517	0.0129367
0.32959	0.012919
0.329646	0.0129193
0.32974	0.0128824
0.329768	0.0129187
0.32983	0.0129123
0.329981	0.0128315
0.330017	0.0128671
0.330058	0.0128933
0.330105	0.0129084
0.330142	0.012924
0.330178	0.0129375
0.33022	0.0129449
0.330282	0.0129349
0.330318	0.0129501
0.330331	0.0129794
0.330312	0.013028
0.33029	0.0130723
0.330193	0.0131661
0.330189	0.0131643
0.330193	0.0131539
0.330151	0.0131842
0.330171	0.0131547
0.330236	0.0130971
0.330176	0.0131582
0.330211	0.0131212
0.330246	0.0130965
0.330244	0.0131038
0.330289	0.0130749
0.330296	0.0130835
0.330315	0.0130766
0.330333	0.0130727
0.330333	0.013083
0.330299	0.0131242
0.330251	0.0131661
0.330205	0.0131981
0.330114	0.013271
0.330074	0.0132708
0.330075	0.0132393
0.330034	0.0132525
0.330027	0.0132339
0.330033	0.0132104
0.330033	0.0131952
0.329998	0.0132124
0.330023	0.0131707
0.329915	0.0132577
0.329819	0.0133147
0.329818	0.013281
0.32977	0.0132912
0.329747	0.013277
0.32975	0.0132439
0.32971	0.0132527
0.329693	0.0132445
0.329652	0.0132559
0.329575	0.0132982
0.329616	0.0132303
0.329542	0.0132784
0.329474	0.0133066
0.329403	0.0133329
0.329377	0.0133155
0.329283	0.0133571
0.329228	0.0133614
0.32911	0.0134272
0.329056	0.013413
0.328981	0.0134127
0.328966	0.0133677
0.328905	0.0133761
0.328806	0.0134163
0.328731	0.0134242
0.328698	0.0133953
0.328675	0.0133658
0.328698	0.0132946
0.328743	0.0132217
0.328746	0.0132044
0.328756	0.0131825
0.328839	0.0131082
0.328822	0.0131372
0.328851	0.0131147
0.328943	0.013042
0.328918	0.013092
0.328904	0.0131239
0.328941	0.0131033
0.329003	0.0130632
0.328983	0.0131025
0.329009	0.0130892
0.32912	0.01301
0.329229	0.012942
0.329268	0.0129573
0.32922	0.0130469
0.329209	0.0130792
0.329219	0.0130841
0.329305	0.013022
0.329336	0.0130229
0.329367	0.0130293
0.329434	0.012998
0.329555	0.0129273
0.329614	0.0129256
0.329719	0.0128812
0.329782	0.0128886
0.329745	0.0129768
0.329745	0.0130153
0.329792	0.0130005
0.329802	0.013023
0.32976	0.0130873
0.329885	0.0129849
0.329956	0.0129556
0.329995	0.0129618
0.330005	0.0129938
0.330043	0.0129931
0.33008	0.0129898
0.33013	0.0129776
0.330163	0.0129839
0.330247	0.012949
0.330309	0.0129332
0.330417	0.0128845
0.330519	0.0128463
0.330583	0.0128494
0.33063	0.0128728
0.330651	0.0129097
0.330647	0.0129643
0.330656	0.0129944
0.330656	0.0130175
0.330659	0.0130364
0.330706	0.0130135
0.330661	0.0130763
0.330711	0.0130421
0.330669	0.0130989
0.330651	0.0131209
0.330634	0.0131322
0.330603	0.0131577
0.330548	0.0131979
0.330507	0.0132186
0.330471	0.01323
0.330491	0.0131883
0.330589	0.0130921
0.330623	0.0130722
0.330668	0.0130427
0.330709	0.0130283
0.330786	0.0129856
0.330819	0.0129856
0.330829	0.0130091
0.330835	0.013031
0.330782	0.0130993
0.330727	0.0131554
0.330689	0.0131821
0.330609	0.0132377
0.330571	0.0132471
0.33052	0.0132624
0.330447	0.0132951
0.330478	0.0132322
0.33054	0.0131529
0.330642	0.0130553
0.330528	0.0131708
0.330499	0.0131894
0.330494	0.0131798
0.330502	0.0131585
0.330479	0.0131694
0.330475	0.0131637
0.330482	0.0131476
0.330561	0.0130722
0.330573	0.0130709
0.330523	0.0131215
0.33058	0.0130749
0.330624	0.0130468
0.330689	0.0130152
0.330817	0.0129233
0.330873	0.0129235
0.330912	0.0129321
0.33094	0.012953
0.330912	0.0130136
0.3309	0.0130514
0.330919	0.0130503
0.330972	0.013019
0.330913	0.0130944
0.330815	0.0131829
0.330839	0.0131475
0.330738	0.0132285
0.33074	0.0132023
0.330713	0.0132077
0.330594	0.0132923
0.330434	0.0133965
0.330406	0.0133573
0.330323	0.0133859
0.330218	0.0134201
0.330077	0.0134787
0.329986	0.0134768
0.329905	0.0134748
0.329858	0.0134344
0.329814	0.013406
0.329787	0.0133657
0.3298	0.0133053
0.329679	0.0133768
0.329605	0.0133824
0.329522	0.0134004
0.329461	0.013395
0.329443	0.0133539
0.3294	0.013344
0.329321	0.0133667
0.329301	0.0133378
0.329329	0.0132734
0.329302	0.0132703
0.329271	0.0132686
0.329255	0.0132557
0.329197	0.0132854
0.329164	0.0132846
0.329068	0.0133402
0.329087	0.0132791
0.329107	0.0132348
0.329128	0.0131955
0.329089	0.0132244
0.329021	0.0132765
0.328952	0.0133129
0.329001	0.0132339
0.329	0.0132144
0.329044	0.0131608
0.329147	0.0130679
0.329213	0.0130319
0.329234	0.013041
0.329232	0.0130682
0.329239	0.0130793
0.329316	0.013025
0.329379	0.0129984
0.329466	0.0129535
0.329587	0.012892
0.329518	0.0130135
0.329585	0.0129827
0.329596	0.0130102
0.329555	0.0130727
0.329613	0.0130399
0.329657	0.0130223
0.329748	0.0129678
0.329737	0.0130192
0.329801	0.0129872
0.329875	0.0129524
0.329887	0.0129791
0.329905	0.0129987
0.329893	0.0130401
0.329984	0.012981
0.329924	0.0130701
0.329893	0.0131118
0.329895	0.0131176
0.329898	0.0131208
0.329894	0.0131315
0.329859	0.0131652
0.329785	0.0132239
0.329787	0.0132036
0.329764	0.0132123
0.329749	0.013211
0.329653	0.0132806
0.32965	0.0132559
0.329557	0.0133179
0.329598	0.0132436
0.329555	0.0132621
0.329607	0.013189
0.329615	0.0131726
0.329676	0.0131116
0.329714	0.0130878
0.329801	0.0130201
0.329845	0.0130045
0.329859	0.0130203
0.329902	0.0130108
0.329861	0.0130709
0.329843	0.0130975
0.329863	0.0130917
0.329849	0.013119
0.329879	0.0130984
0.329915	0.013081
0.329966	0.0130513
0.329928	0.0131001
0.329931	0.0131085
0.329961	0.0130894
0.329861	0.0131896
0.32977	0.0132598
0.329783	0.0132246
0.329764	0.0132219
0.329783	0.0131873
0.329766	0.0131925
0.329871	0.0130894
0.329899	0.0130776
0.329947	0.0130556
0.329979	0.0130483
0.330033	0.0130153
0.330082	0.0129999
0.330135	0.0129799
0.330146	0.0130038
0.330181	0.0129994
0.330219	0.0129956
0.330205	0.0130405
0.330321	0.0129614
0.330399	0.0129341
0.330392	0.0129843
0.330434	0.0129769
0.3304	0.0130421
0.330374	0.0130873
0.330315	0.0131529
0.330295	0.0131661
0.330244	0.0132
0.330235	0.0131922
0.330253	0.0131641
0.330263	0.0131531
0.330354	0.0130673
0.330394	0.0130444
0.330405	0.013056
0.33035	0.0131225
0.330406	0.0130766
0.330399	0.0130936
0.33041	0.0130911
0.330364	0.013136
0.330323	0.0131675
0.330339	0.0131395
0.330385	0.0131009
0.330406	0.0130927
0.330397	0.0131076
0.33044	0.0130724
0.330427	0.0130966
0.330462	0.0130783
0.330428	0.013119
0.330395	0.0131481
0.330412	0.0131341
0.330347	0.0131876
0.3303	0.0132188
0.330232	0.0132586
0.330159	0.0132916
0.330047	0.0133492
0.329987	0.0133517
0.329974	0.0133125
0.329954	0.0132943
0.329935	0.0132767
0.329955	0.0132274
0.329961	0.0132002
0.329946	0.0132004
0.329894	0.0132327
0.329933	0.0131816
0.329997	0.0131175
0.329956	0.0131562
0.329861	0.0132384
0.329788	0.0132733
0.329723	0.0132974
0.329673	0.0133102
0.329715	0.0132368
0.32976	0.0131766
0.329766	0.0131634
0.329852	0.0130879
0.329858	0.0130944
0.329911	0.0130602
0.329917	0.0130766
0.32992	0.0130922
0.329969	0.0130617
0.329942	0.0131014
0.329957	0.0130936
0.330022	0.0130459
0.330011	0.0130685
0.330088	0.0130167
0.330085	0.0130478
0.330156	0.0130055
0.330263	0.012942
0.330337	0.012921
0.330339	0.0129668
0.330464	0.0128938
0.33058	0.0128436
0.330609	0.0128796
0.330666	0.01288
0.330659	0.0129399
0.330719	0.0129318
0.33072	0.0129725
0.33062	0.0130956
0.330659	0.013064
0.330686	0.013057
0.33072	0.0130413
0.330778	0.0130035
0.330793	0.0130127
0.330817	0.0130152
0.330765	0.0130938
0.330806	0.0130624
0.330804	0.0130773
0.330838	0.0130559
0.330855	0.0130538
0.330768	0.0131423
0.330705	0.0131899
0.330652	0.0132185
0.330687	0.0131677
0.330547	0.013286
0.330486	0.0133027
0.330519	0.0132321
0.330436	0.0132785
0.330484	0.0132008
0.330526	0.0131456
0.330546	0.0131214
0.330592	0.0130819
0.330564	0.013121
0.330573	0.0131175
0.330539	0.0131485
0.330525	0.0131561
0.330504	0.0131686
0.330514	0.0131511
0.330554	0.0131098
0.33059	0.0130812
0.330672	0.0130157
0.330742	0.0129775
0.330862	0.0129026
0.330864	0.0129454
0.330962	0.012899
0.331006	0.0129093
0.331004	0.0129587
0.331	0.0129964
0.330988	0.0130343
0.330926	0.0131079
0.330938	0.0131035
0.330945	0.0130975
0.331	0.0130536
0.330981	0.0130809
0.330964	0.0131022
0.330962	0.0131067
0.330944	0.0131273
0.330945	0.0131233
0.330889	0.0131703
0.330811	0.0132255
0.330734	0.0132714
0.330746	0.0132265
0.330728	0.0132184
0.330734	0.0131914
0.330673	0.0132293
0.330673	0.0132029
0.330584	0.0132643
0.330595	0.0132277
0.33059	0.013213
0.330585	0.0132014
0.330534	0.0132289
0.330572	0.0131753
0.330577	0.0131587
0.330566	0.0131594
0.330595	0.0131318
0.330589	0.0131417
0.330584	0.0131426
0.330649	0.0130769
0.3307	0.0130385
0.330709	0.0130521
0.33074	0.0130411
0.33078	0.0130296
0.330841	0.0129989
0.3309	0.0129741
0.330882	0.0130216
0.330934	0.0129965
0.330933	0.0130192
0.330963	0.0130148
0.331005	0.0130016
0.331007	0.0130245
0.331019	0.0130352
0.330927	0.0131338
0.330857	0.0131883
0.330767	0.0132556
0.330755	0.0132278
0.330753	0.0132054
0.33078	0.0131638
0.330768	0.013168
0.330767	0.0131616
0.330797	0.0131236
0.330848	0.0130799
0.330795	0.0131362
0.330762	0.0131646
0.330732	0.0131781
0.330769	0.0131321
0.330812	0.0130927
0.330796	0.0131123
0.330794	0.0131147
0.330779	0.0131292
0.330729	0.0131705
0.330775	0.0131209
0.330693	0.0131903
0.330627	0.013237
0.330616	0.0132212
0.330595	0.0132199
0.330587	0.0132063
0.330567	0.0132102
0.330509	0.0132442
0.330496	0.0132262
0.330481	0.0132144
0.330399	0.0132756
0.330385	0.0132542
0.330361	0.0132493
0.330286	0.0132867
0.330249	0.0132828
0.330207	0.0132887
0.330265	0.0131995
0.330291	0.0131605
0.330294	0.0131528
0.330235	0.0131964
0.330224	0.0131888
0.330238	0.0131654
0.330214	0.0131757
0.330221	0.0131628
0.330215	0.013164
0.330173	0.0131954
0.330163	0.0131912
0.3301	0.0132315
0.330043	0.0132561
0.329941	0.013318
0.329874	0.0133421
0.329829	0.0133379
0.329793	0.0133249
0.32975	0.0133216
0.329646	0.0133738
0.329615	0.0133489
0.329564	0.0133452
0.329536	0.0133277
0.32945	0.0133618
0.329313	0.0134299
0.329297	0.0133834
0.329258	0.0133646
0.329189	0.0133803
0.329169	0.0133473
0.329113	0.0133515
0.329089	0.0133272
0.329138	0.0132406
0.329144	0.0132131
0.329073	0.0132628
0.329079	0.0132341
0.329076	0.0132221
0.329054	0.0132294
0.329009	0.0132535
0.329029	0.0132128
0.329056	0.0131775
0.328976	0.0132446
0.328882	0.0133058
0.32885	0.0133008
0.328799	0.0133142
0.328769	0.0133039
0.328777	0.0132592
0.328774	0.0132387
0.328777	0.0132196
0.328781	0.0132
0.328779	0.0131902
0.328812	0.0131526
0.328818	0.0131523
0.328835	0.0131365
0.328834	0.0131443
0.32881	0.0131672
0.328874	0.0131083
0.328869	0.0131244
0.328903	0.0130981
0.328857	0.013153
0.32883	0.0131783
0.328795	0.0132051
0.328776	0.0132122
0.328818	0.0131628
0.328807	0.0131727
0.328889	0.0130921
0.328874	0.0131188
0.328903	0.0131006
0.32884	0.0131708
0.32881	0.0131983
0.32887	0.0131359
0.328874	0.0131284
0.328853	0.0131566
0.328889	0.0131273
0.328823	0.0131878
0.328849	0.0131571
0.328864	0.0131443
0.328905	0.0131101
0.328961	0.013069
0.328989	0.0130636
0.329029	0.0130535
0.329042	0.0130593
0.329054	0.0130731
0.329095	0.013055
0.329135	0.0130435
0.3292	0.013014
0.329322	0.0129361
0.329369	0.0129431
0.329459	0.0129116
0.329588	0.0128526
0.329627	0.0128815
0.329646	0.0129252
0.329722	0.0129088
0.329831	0.0128704
0.329934	0.0128346
0.330005	0.0128411
0.330084	0.0128342
0.330109	0.01288
0.330208	0.0128563
0.330351	0.0127895
0.33049	0.012741
0.330559	0.0127656
0.330689	0.0127318
0.330819	0.0127089
0.330892	0.0127356
0.330994	0.0127353
0.331019	0.0128038
0.331072	0.0128248
0.331097	0.0128693
0.331135	0.0128928
0.331103	0.012974
0.331158	0.0129557
0.331171	0.0129813
0.331153	0.0130268
0.331201	0.0130029
0.331148	0.0130734
0.331236	0.0130052
0.331286	0.012986
0.331273	0.013027
0.33131	0.0130151
0.331337	0.013012
0.331372	0.0129965
0.331449	0.0129498
0.331395	0.0130335
0.331429	0.0130222
0.331422	0.0130495
0.331297	0.0131761
0.331277	0.0131792
0.331286	0.0131569
0.331241	0.013188
0.331235	0.0131812
0.331226	0.0131794
0.331133	0.0132484
0.331038	0.0133015
0.331001	0.0132929
0.33105	0.0132081
0.331037	0.0131959
0.331028	0.0131887
0.331076	0.0131258
0.331038	0.0131588
0.330968	0.0132097
0.330949	0.0132066
0.330975	0.0131612
0.330912	0.0132044
0.330847	0.013245
0.330873	0.0131971
0.330874	0.0131789
0.330899	0.0131471
0.330832	0.0132008
0.330876	0.0131444
0.330928	0.0130944
0.330937	0.0130925
0.330932	0.0131044
0.330898	0.0131346
0.33098	0.0130582
0.330963	0.0130794
0.331001	0.0130555
0.330975	0.0130931
0.330942	0.013125
0.330919	0.0131415
0.330954	0.0131036
0.330953	0.0131089
0.33098	0.013086
0.330845	0.013214
0.330697	0.013326
0.330591	0.0133771
0.330453	0.0134411
0.330376	0.013436
0.330281	0.0134484
0.330229	0.0134208
0.330126	0.01345
0.330057	0.0134411
0.330039	0.0133845
0.329989	0.0133747
0.329917	0.0133838
0.329906	0.0133371
0.329851	0.0133387
0.329905	0.0132484
0.329914	0.0132135
0.3299	0.0132097
0.329863	0.0132251
0.329876	0.0131943
0.329885	0.0131753
0.329804	0.0132418
0.329733	0.0132842
0.329734	0.0132471
0.329649	0.0133026
0.329641	0.0132739
0.329607	0.0132736
0.329659	0.0131939
0.329771	0.0130799
0.329721	0.0131374
0.329685	0.0131731
0.329689	0.0131614
0.329635	0.0132025
0.329534	0.013276
0.329496	0.0132748
0.329464	0.0132776
0.329432	0.0132794
0.329472	0.0132173
0.329524	0.0131543
0.32952	0.0131555
0.329479	0.0131918
0.329463	0.0131969
0.329435	0.0132157
0.329376	0.0132548
0.329333	0.0132689
0.329324	0.0132516
0.329413	0.0131483
0.329357	0.0132007
0.329327	0.0132126
0.329297	0.0132251
0.329358	0.0131533
0.329292	0.0132142
0.329273	0.0132163
0.329205	0.0132607
0.329186	0.0132525
0.329188	0.0132275
0.3292	0.0131987
0.329252	0.0131443
0.329278	0.013122
0.329256	0.0131468
0.329209	0.0131899
0.329269	0.0131247
0.329279	0.0131259
0.329298	0.0131116
0.329279	0.0131418
0.329205	0.0132074
0.329284	0.0131255
0.329267	0.0131451
0.329314	0.0131063
0.329354	0.0130803
0.329337	0.0131143
0.329287	0.0131668
0.329223	0.0132196
0.329191	0.0132315
0.329154	0.0132475
0.32914	0.0132332
0.329166	0.0131953
0.329153	0.0131992
0.32915	0.0131927
0.329126	0.0132093
0.329123	0.0131981
0.329157	0.0131567
0.329133	0.0131725
0.329214	0.0130998
0.329145	0.0131739
0.329153	0.0131667
0.329109	0.0132014
0.32909	0.0132068
0.329071	0.013209
0.329055	0.0132125
0.329082	0.0131747
0.329097	0.013156
0.329173	0.0130858
0.329214	0.0130659
0.329264	0.0130428
0.329369	0.0129711
0.329452	0.0129402
0.329609	0.0128415
0.329666	0.012861
0.329758	0.0128415
0.329864	0.0128163
0.329977	0.0127892
0.330102	0.0127607
0.330196	0.0127607
0.330254	0.0127949
0.330301	0.0128278
0.330457	0.0127585
0.330532	0.0127755
0.330633	0.0127636
0.330696	0.0127871
0.330846	0.0127357
0.330971	0.012711
0.331156	0.0126325
0.331248	0.0126611
0.331383	0.0126418
0.331432	0.0126999
0.331512	0.012721
0.331704	0.0126369
0.331751	0.0126985
0.331884	0.0126737
0.331895	0.0127569
0.331911	0.0128268
0.332018	0.0127942
0.33207	0.0128205
0.332059	0.0128888
0.33201	0.012976
0.332009	0.0130055
0.332093	0.012953
0.332166	0.0129193
0.33219	0.0129364
0.332209	0.0129538
0.332174	0.0130182
0.332206	0.0130077
0.332089	0.0131329
0.332017	0.0131876
0.332046	0.013144
0.332029	0.0131489
0.332047	0.0131209
0.332094	0.0130757
0.331988	0.0131777
0.331897	0.0132406
0.331829	0.0132706
0.331771	0.0132801
0.331631	0.0133591
0.331565	0.0133588
0.331533	0.0133265
0.331493	0.0133102
0.331424	0.0133273
0.331352	0.0133409
0.331241	0.0133901
0.331143	0.0134121
0.331069	0.0134099
0.331022	0.0133836
0.330985	0.0133512
0.331034	0.0132508
0.331002	0.0132449
0.331004	0.0132127
0.331007	0.0131849
0.330954	0.0132154
0.330877	0.013262
0.33082	0.0132791
0.330823	0.0132424
0.330822	0.0132197
0.330816	0.0131998
0.330822	0.013179
0.33068	0.0132939
0.330717	0.0132266
0.330746	0.0131768
0.33073	0.013179
0.330727	0.013168
0.330629	0.013242
0.330628	0.013213
0.330639	0.0131834
0.33062	0.0131815
0.330492	0.0132862
0.330374	0.0133575
0.330237	0.0134265
0.330218	0.013373
0.33007	0.0134526
0.329936	0.0135042
0.329924	0.0134331
0.329881	0.013409
0.32979	0.0134285
0.329744	0.0134038
0.329666	0.0134104
0.329587	0.0134222
0.329588	0.0133582
0.329485	0.0134028
0.329426	0.0133983
0.329438	0.013332
0.329352	0.0133682
0.329379	0.013293
0.329292	0.0133405
0.32926	0.0133252
0.329258	0.0132849
0.329186	0.0133183
0.329149	0.0133155
0.329057	0.0133646
0.328956	0.0134031
0.328978	0.0133273
0.328992	0.0132764
0.329003	0.013239
0.329	0.0132231
0.329053	0.0131657
0.329106	0.0131127
0.329166	0.0130722
0.329246	0.0130215
0.329194	0.0130994
0.329265	0.0130447
0.329272	0.0130627
0.329323	0.0130344
0.329426	0.0129686
0.329398	0.0130387
0.329482	0.0129915
0.329544	0.0129727
0.329572	0.0129865
0.329595	0.0129967
0.32964	0.0129899
0.329704	0.0129721
0.329738	0.012978
0.329821	0.0129424
0.329853	0.0129633
0.329943	0.0129265
0.329977	0.0129417
0.330025	0.012943
0.330043	0.0129698
0.330058	0.0129972
0.330068	0.0130217
0.330089	0.0130267
0.329985	0.013143
0.329958	0.0131609
0.329977	0.0131404
0.329987	0.0131342
0.329994	0.0131315
0.329966	0.0131562
0.330008	0.0131162
0.330084	0.0130499
0.330198	0.0129679
0.33023	0.0129812
0.330228	0.0130123
0.330229	0.0130396
0.33022	0.0130709
0.330232	0.0130745
0.330321	0.0130079
0.330377	0.0129833
0.330414	0.0129821
0.330456	0.0129771
0.330599	0.0128861
0.330604	0.012937
0.330738	0.0128642
0.330844	0.0128334
0.330898	0.0128467
0.330966	0.0128526
0.331105	0.0127866
0.33126	0.012722
0.331283	0.0127882
0.331399	0.0127593
0.331461	0.0127845
0.331505	0.0128194
0.331573	0.0128274
0.331693	0.0127861
0.331703	0.0128443
0.331696	0.0129088
0.331727	0.0129253
0.331735	0.0129566
0.331812	0.0129203
0.331759	0.0130108
0.331733	0.0130534
0.331631	0.0131536
0.331658	0.0131176
0.331632	0.0131401
0.331607	0.0131539
0.331563	0.0131854
0.331403	0.0133071
0.331376	0.0132875
0.331359	0.0132617
0.331334	0.0132509
0.331367	0.0131883
0.331321	0.0132103
0.331331	0.013181
0.331333	0.0131617
0.33131	0.0131707
0.331273	0.013195
0.331243	0.0131986
0.331204	0.0132135
0.331166	0.0132272
0.33111	0.0132509
0.33108	0.0132429
0.33098	0.0133046
0.330874	0.0133535
0.33088	0.0132931
0.330838	0.0132911
0.330753	0.0133279
0.330716	0.0133139
0.330683	0.013302
0.33059	0.0133408
0.330492	0.0133778
0.33042	0.0133807
0.330361	0.0133779
0.330407	0.0132887
0.330353	0.0132999
0.330291	0.0133165
0.330153	0.0134036
0.330058	0.0134286
0.329983	0.0134266
0.329899	0.0134318
0.329824	0.013433
0.329805	0.0133815
0.329739	0.0133855
0.329737	0.0133305
0.329698	0.0133236
0.329746	0.0132381
0.329673	0.0132891
0.329591	0.0133292
0.329489	0.0133806
0.329394	0.0134099
0.329351	0.0133901
0.329297	0.0133789
0.329224	0.0133913
0.329174	0.0133821
0.329043	0.0134488
0.328912	0.0134981
0.32875	0.0135664
0.328592	0.0136144
0.328449	0.0136329
0.328349	0.0136153
0.328317	0.0135392
0.328221	0.0135397
0.328103	0.0135562
0.328027	0.0135363
0.328063	0.0134266
0.328019	0.0134156
0.327961	0.0134121
0.327961	0.0133595
0.327921	0.0133533
0.327907	0.0133256
0.327889	0.0133048
0.327912	0.0132517
0.327949	0.0132063
0.327939	0.0132074
0.327997	0.0131512
0.328025	0.013137
0.327903	0.0132475
0.32787	0.0132614
0.327778	0.0133227
0.327726	0.013344
0.327734	0.0133034
0.327746	0.0132672
0.32771	0.0132763
0.327772	0.0131983
0.327794	0.0131731
0.327774	0.0131934
0.327778	0.0131788
0.327766	0.0131886
0.327809	0.0131481
0.327856	0.0131136
0.327903	0.0130856
0.327901	0.0131054
0.327975	0.013053
0.328036	0.0130239
0.328082	0.0130184
0.328126	0.013014
0.328153	0.0130284
0.328218	0.0130102
0.328321	0.0129512
0.3284	0.012932
0.32854	0.0128579
0.328594	0.0128766
0.328728	0.0128231
0.328813	0.0128227
0.328873	0.0128465
0.328985	0.0128188
0.329048	0.0128458
0.329145	0.0128272
0.329201	0.0128512
0.329253	0.0128701
0.329384	0.0128125
0.329448	0.0128293
0.329549	0.012811
0.32956	0.0128754
0.329703	0.0128106
0.329786	0.0128056
0.329904	0.0127793
0.329986	0.0127888
0.330082	0.0127851
0.330171	0.0127803
0.330319	0.0127242
0.33046	0.0126941
0.330545	0.0127152
0.330624	0.0127364
0.330708	0.0127544
0.330784	0.0127721
0.330968	0.0126867
0.331087	0.0126784
0.331173	0.012703
0.331271	0.0127127
0.331381	0.0127096
0.331424	0.0127614
0.331434	0.0128284
0.331412	0.0129108
0.331505	0.0128739
0.331582	0.0128596
0.331562	0.0129322
0.331701	0.0128479
0.331774	0.0128431
0.331787	0.0128891
0.331826	0.0129058
0.331881	0.0128994
0.331905	0.0129253
0.331911	0.0129552
0.331919	0.0129856
0.331829	0.0130953
0.331871	0.0130591
0.331914	0.0130254
0.33197	0.0129906
0.331908	0.0130677
0.33189	0.0130895
0.331784	0.0131867
0.331747	0.0131991
0.331672	0.0132447
0.331564	0.0133092
0.331496	0.0133225
0.331447	0.0133141
0.33144	0.0132783
0.3314	0.0132793
0.331378	0.0132628
0.331277	0.013321
0.331267	0.0132826
0.331104	0.0133939
0.330992	0.01343
0.330962	0.0133885
0.330902	0.0133806
0.330901	0.0133188
0.330868	0.0133034
0.330881	0.0132523
0.3308	0.0132943
0.330759	0.0132904
0.330721	0.0132889
0.330614	0.0133489
0.330535	0.0133695
0.330479	0.0133598
0.330417	0.0133622
0.33039	0.0133293
0.330253	0.0134043
0.330223	0.0133691
0.330212	0.0133192
0.330222	0.0132679
0.33018	0.0132704
0.330175	0.0132441
0.330152	0.0132441
0.330154	0.0132141
0.330156	0.0131962
0.330122	0.0132094
0.330092	0.0132201
0.330068	0.0132234
0.330071	0.0131989
0.330015	0.0132373
0.329946	0.0132763
0.329966	0.0132247
0.329924	0.0132415
0.329907	0.013235
0.329878	0.0132402
0.329818	0.0132716
0.329857	0.0132113
0.329806	0.013237
0.329695	0.0133092
0.329648	0.013314
0.329601	0.0133145
0.329557	0.0133177
0.329537	0.0132963
0.329505	0.0132877
0.32942	0.0133313
0.329451	0.0132587
0.329436	0.0132439
0.329452	0.0132119
0.329461	0.0131859
0.329412	0.0132249
0.329376	0.0132383
0.329402	0.0131946
0.32945	0.0131394
0.329489	0.0131063
0.329473	0.0131286
0.329476	0.013131
0.32954	0.0130801
0.329639	0.013008
0.329656	0.0130223
0.329737	0.0129755
0.329773	0.0129791
0.329815	0.0129833
0.3298	0.0130338
0.329824	0.0130376
0.329922	0.012972
0.330009	0.0129327
0.330062	0.0129355
0.33012	0.0129333
0.3302	0.0129075
0.330292	0.0128743
0.330345	0.012885
0.330464	0.0128345
0.330507	0.0128615
0.330599	0.012839
0.330606	0.0128993
0.330652	0.0129076
0.330707	0.0129081
0.330755	0.0129178
0.330789	0.0129361
0.330756	0.013004
0.330815	0.0129801
0.330819	0.0130084
0.330798	0.0130531
0.330773	0.0130871
0.330804	0.0130689
0.330775	0.0131112
0.330805	0.013085
0.330796	0.013101
0.33084	0.0130701
0.33091	0.0130205
0.330954	0.0130003
0.331032	0.0129557
0.331117	0.01292
0.331181	0.0129117
0.331149	0.0129838
0.331144	0.0130222
0.33122	0.0129789
0.331277	0.0129554
0.331386	0.0128971
0.331459	0.0128806
0.331465	0.0129294
0.331547	0.0128957
0.331663	0.0128388
0.331622	0.0129328
0.331705	0.0129002
0.331708	0.0129446
0.331684	0.0129998
0.331649	0.0130537
0.331592	0.0131133
0.331565	0.0131354
0.331413	0.013263
0.331451	0.0131985
0.331393	0.013236
0.331383	0.0132206
0.331333	0.0132392
0.331235	0.0132975
0.331299	0.0132026
0.331291	0.0131924
0.331243	0.013221
0.331245	0.0131952
0.331304	0.0131242
0.331212	0.0132043
0.331233	0.0131669
0.331234	0.0131567
0.331271	0.0131163
0.331231	0.0131505
0.331248	0.0131201
0.331163	0.0131905
0.331125	0.0132019
0.331174	0.0131415
0.331078	0.0132196
0.331034	0.0132353
0.33105	0.013198
0.330987	0.0132305
0.330924	0.0132603
0.330861	0.0132876
0.330795	0.0133088
0.330865	0.0132069
0.330823	0.0132237
0.330745	0.013268
0.330691	0.0132848
0.33069	0.0132517
0.330686	0.0132248
0.330607	0.0132754
0.330598	0.0132461
0.330511	0.0132952
0.330445	0.0133173
0.330399	0.0133188
0.330296	0.0133654
0.330222	0.0133762
0.330082	0.0134421
0.329986	0.0134608
0.329894	0.0134669
0.329807	0.0134699
0.329788	0.0134096
0.329734	0.0133956
0.329649	0.0134106
0.329543	0.0134449
0.329423	0.0134898
0.329333	0.0134947
0.329227	0.0135082
0.329183	0.0134611
0.329066	0.0134915
0.328991	0.0134853
0.328903	0.0134865
0.328756	0.0135425
0.328688	0.0135192
0.328642	0.0134816
0.328552	0.0134888
0.328403	0.0135479
0.32835	0.0135059
0.328303	0.0134696
0.328307	0.0133959
0.328285	0.0133626
0.328322	0.0132869
0.328311	0.0132686
0.328327	0.0132333
0.32835	0.0132
0.328348	0.0131924
0.328337	0.0131954
0.328365	0.0131652
0.328363	0.0131671
0.328362	0.0131672
0.328342	0.0131851
0.328296	0.013225
0.328349	0.0131669
0.328368	0.0131506
0.328369	0.0131534
0.328365	0.0131668
0.328446	0.013096
0.328616	0.0129643
0.328623	0.0129956
0.3287	0.0129649
0.328705	0.013005
0.328747	0.0130065
0.328793	0.0130004
0.328862	0.0129732
0.328883	0.0129921
0.328909	0.0130122
0.328968	0.0129909
0.328981	0.0130181
0.329006	0.0130278
0.32904	0.0130257
0.329111	0.0129927
0.329216	0.0129345
0.329308	0.0129011
0.329419	0.012861
0.329397	0.0129464
0.329435	0.0129591
0.329465	0.0129761
0.329573	0.0129196
0.329654	0.012896
0.329747	0.0128735
0.329785	0.0129006
0.329791	0.0129462
0.329755	0.0130196
0.329816	0.0129912
0.329884	0.0129647
0.329965	0.0129322
0.329995	0.0129518
0.330001	0.0129832
0.330079	0.012947
0.33003	0.013036
0.330133	0.0129696
0.330168	0.0129743
0.330187	0.0129966
0.330241	0.0129803
0.330263	0.0129945
0.330287	0.0130051
0.330377	0.0129513
0.330405	0.0129635
0.330412	0.0129971
0.330452	0.0129919
0.330439	0.0130366
0.330507	0.0129985
0.330522	0.0130119
0.330597	0.0129708
0.33059	0.0130142
0.330631	0.0130011
0.330595	0.0130591
0.330677	0.0130044
0.33064	0.0130588
0.330662	0.0130582
0.330712	0.0130284
0.330702	0.0130583
0.330681	0.0130911
0.330712	0.0130757
0.330737	0.0130613
0.330824	0.0129961
0.330763	0.013076
0.330733	0.0131107
0.330758	0.0130877
0.330769	0.0130779
0.330708	0.0131481
0.330671	0.0131776
0.330673	0.0131591
0.330657	0.0131614
0.330662	0.0131517
0.330679	0.0131306
0.330643	0.0131618
0.330584	0.0132041
0.330531	0.0132361
0.330524	0.0132191
0.330513	0.0132055
0.330411	0.013277
0.330388	0.0132661
0.330304	0.0133137
0.330256	0.0133141
0.330217	0.0133118
0.330187	0.0133006
0.330046	0.0133936
0.329981	0.0133903
0.329953	0.0133588
0.329884	0.013374
0.32979	0.0134079
0.329742	0.0133888
0.32967	0.0133941
0.329579	0.0134164
0.32948	0.0134488
0.329396	0.0134566
0.329282	0.0134875
0.32919	0.0134939
0.329146	0.0134509
0.329062	0.0134575
0.328951	0.0134899
0.328859	0.0134961
0.328858	0.0134196
0.328815	0.0134001
0.328744	0.0134098
0.328676	0.0134147
0.328684	0.0133522
0.328716	0.0132822
0.328692	0.0132747
0.328734	0.0132123
0.328677	0.0132494
0.328655	0.0132496
0.328665	0.0132218
0.328648	0.0132239
0.328691	0.0131738
0.328656	0.0132018
0.32865	0.0132016
0.328555	0.0132758
0.328497	0.0133
0.328464	0.013297
0.328467	0.0132674
0.328522	0.0131957
0.32853	0.0131851
0.328526	0.0131824
0.328557	0.0131529
0.328513	0.0131976
0.328498	0.013206
0.328524	0.0131755
0.328597	0.0131042
0.328636	0.013084
0.328678	0.0130657
0.328697	0.0130697
0.328702	0.0130881
0.328647	0.0131532
0.328571	0.0132242
0.328584	0.0131974
0.328658	0.0131276
0.328679	0.0131148
0.32863	0.0131708
0.32863	0.0131686
0.328632	0.0131649
0.328708	0.0130976
0.328751	0.013074
0.328796	0.0130521
0.328833	0.0130463
0.328922	0.012998
0.328942	0.0130172
0.328976	0.0130185
0.329049	0.0129857
0.329092	0.0129846
0.329239	0.0128931
0.329286	0.012912
0.329307	0.0129453
0.329385	0.0129271
0.329471	0.0129053
0.329491	0.0129436
0.329534	0.0129567
0.329596	0.0129493
0.32963	0.012963
0.329644	0.0129915
0.329627	0.0130439
0.329664	0.0130285
0.329616	0.0130957
0.329584	0.0131287
0.329625	0.0130935
0.329605	0.0131235
0.329589	0.013144
0.329612	0.0131215
0.329539	0.0131882
0.329534	0.0131808
0.32956	0.0131502
0.329584	0.0131256
0.329653	0.0130707
0.329604	0.0131339
0.329557	0.0131793
0.329551	0.0131745
0.329585	0.0131398
0.329597	0.0131284
0.329651	0.0130849
0.32966	0.0130879
0.329788	0.0129877
0.329848	0.0129715
0.329991	0.0128807
0.330082	0.0128553
0.330118	0.0128865
0.330197	0.0128716
0.3303	0.0128448
0.330379	0.0128409
0.330376	0.0129059
0.330441	0.0128957
0.330567	0.0128358
0.33073	0.0127626
0.330732	0.0128442
0.330798	0.0128471
0.330793	0.0129142
0.330819	0.0129403
0.330772	0.013024
0.33078	0.0130415
0.330802	0.0130396
0.330937	0.0129421
0.330992	0.0129338
0.331084	0.0128957
0.331108	0.0129224
0.331137	0.0129415
0.331152	0.0129693
0.331134	0.0130109
0.331176	0.0129991
0.331153	0.013048
0.331109	0.0131039
0.331091	0.0131228
0.331113	0.0131041
0.331101	0.013119
0.331096	0.0131225
0.33105	0.0131623
0.331022	0.013178
0.331037	0.0131494
0.33094	0.0132304
0.330927	0.0132167
0.330824	0.0132869
0.330721	0.0133413
0.330682	0.0133273
0.330555	0.0133925
0.33049	0.0133854
0.330406	0.0133995
0.330311	0.0134269
0.33024	0.0134236
0.330206	0.0133856
0.330188	0.0133444
0.330142	0.0133368
0.330155	0.0132815
0.330102	0.0132922
0.330021	0.0133314
0.32995	0.0133533
0.329981	0.0132759
0.329984	0.0132466
0.329986	0.0132228
0.329962	0.0132225
0.32987	0.0132833
0.329856	0.0132699
0.32977	0.0133164
0.329697	0.013344
0.329579	0.0134024
0.329529	0.0133923
0.329365	0.013483
0.329338	0.0134318
0.329294	0.0134049
0.32921	0.0134219
0.329106	0.0134497
0.329032	0.0134471
0.328968	0.0134444
0.328837	0.0134937
0.328735	0.0135094
0.328649	0.0135049
0.328545	0.0135198
0.328391	0.0135708
0.328262	0.0135961
0.328137	0.0136084
0.328108	0.0135373
0.328051	0.0135098
0.328017	0.0134646
0.327909	0.0134967
0.327763	0.0135548
0.327677	0.0135463
0.327522	0.0136083
0.327375	0.0136437
0.327297	0.013611
0.327264	0.0135425
0.327205	0.0135173
0.327216	0.0134372
0.327135	0.0134536
0.327191	0.0133439
0.327281	0.013225
0.327284	0.0132173
0.327325	0.013174
0.327315	0.0131892
0.327411	0.0131027
0.327455	0.0130846
0.327567	0.0130091
0.327513	0.0130955
0.327568	0.013066
0.327688	0.0129865
0.327767	0.0129596
0.327906	0.0128877
0.32794	0.0129182
0.328023	0.0129005
0.328091	0.0128995
0.328136	0.0129178
0.328229	0.0128896
0.328322	0.0128727
0.328312	0.0129491
0.328451	0.0128802
0.328524	0.0128804
0.328597	0.0128776
0.328682	0.0128657
0.328766	0.0128575
0.328865	0.0128349
0.328957	0.0128301
0.329003	0.0128622
0.329072	0.0128709
0.329237	0.0127893
0.329412	0.0127125
0.329493	0.0127342
0.329613	0.0127242
0.329699	0.0127442
0.329804	0.0127435
0.329938	0.0127153
0.330059	0.0127079
0.330166	0.0127135
0.330296	0.0126932
0.330359	0.0127348
0.330477	0.0127211
0.330658	0.0126507
0.330819	0.0126198
0.330941	0.0126219
0.33112	0.0125754
0.331225	0.0126064
0.331353	0.0126044
0.331448	0.0126319
0.331508	0.0126904
0.331611	0.0126944
0.331593	0.0128086
0.331547	0.0129134
0.331611	0.0129012
0.331642	0.0129194
0.331732	0.0128802
0.331835	0.012839
0.331893	0.0128469
0.331909	0.0128868
0.331955	0.0128959
0.331977	0.0129211
0.332032	0.0129117
0.332042	0.0129464
0.332065	0.0129557
0.332118	0.0129441
0.332188	0.0129145
0.332256	0.0128955
0.332265	0.0129382
0.332239	0.0129914
0.332239	0.0130127
0.332254	0.0130135
0.332307	0.0129841
0.332295	0.013021
0.332254	0.0130734
0.332238	0.0130971
0.332159	0.0131678
0.332173	0.0131406
0.332112	0.0131857
0.332071	0.0131953
0.332138	0.0131132
0.332125	0.0131175
0.332117	0.0131204
0.332049	0.0131708
0.331967	0.013223
0.331984	0.0131803
0.331981	0.0131673
0.331998	0.0131358
0.33196	0.0131613
0.331947	0.0131575
0.331911	0.0131757
0.331834	0.013226
0.331799	0.0132303
0.331801	0.0131967
0.331689	0.0132735
0.331572	0.0133408
0.331488	0.0133566
0.331354	0.0134167
0.331336	0.0133647
0.331191	0.013433
0.331103	0.0134389
0.3311	0.0133675
0.331004	0.0133931
0.330946	0.013382
0.330894	0.0133689
0.330898	0.0133112
0.330843	0.013319
0.330839	0.0132767
0.33073	0.0133425
0.330693	0.0133234
0.330575	0.0133851
0.330532	0.0133653
0.330397	0.0134317
0.330396	0.0133654
0.330385	0.0133266
0.330464	0.013212
0.330432	0.0132224
0.330333	0.0132883
0.330352	0.0132378
0.330281	0.0132791
0.330099	0.013406
0.329984	0.0134472
0.329934	0.0134233
0.329953	0.0133415
0.329887	0.0133562
0.329972	0.01323
0.329997	0.0131909
0.33002	0.0131577
0.330084	0.0130894
0.330151	0.0130431
0.330261	0.012963
0.330268	0.0129967
0.330337	0.0129697
0.330317	0.0130274
0.330378	0.0129931
0.330483	0.0129339
0.33044	0.0130167
0.330479	0.0130045
0.330506	0.0130066
0.330484	0.0130511
0.330513	0.0130382
0.330508	0.0130616
0.330605	0.0129902
0.330686	0.0129488
0.33074	0.0129376
0.330794	0.0129279
0.330889	0.0128881
0.330866	0.0129612
0.330888	0.0129769
0.330871	0.0130235
0.330938	0.0129865
0.330987	0.0129778
0.331053	0.012952
0.331101	0.0129421
0.331174	0.0129127
0.331207	0.0129323
0.331238	0.0129434
0.331238	0.0129859
0.331314	0.0129451
0.331314	0.0129825
0.331283	0.0130424
0.33134	0.0130085
0.331428	0.0129503
0.331441	0.0129755
0.331478	0.0129736
0.331503	0.0129812
0.331494	0.0130139
0.331496	0.013036
0.3315	0.0130459
0.331466	0.0130904
0.331411	0.0131466
0.331339	0.0131998
0.331245	0.013264
0.331239	0.0132396
0.331114	0.0133219
0.331067	0.0133171
0.330994	0.0133383
0.330917	0.0133576
0.330877	0.0133423
0.330881	0.0132879
0.33093	0.0132097
0.330899	0.0132113
0.330913	0.0131758
0.330908	0.0131661
0.330898	0.0131635
0.330848	0.0132022
0.330789	0.0132385
0.330725	0.0132739
0.330667	0.0132885
0.330595	0.0133148
0.330511	0.0133441
0.330511	0.0132958
0.330501	0.0132658
0.330484	0.0132512
0.330514	0.0132036
0.330531	0.0131705
0.33049	0.0131995
0.330474	0.0131964
0.330457	0.0131963
0.330379	0.0132516
0.330335	0.0132628
0.330296	0.0132664
0.330267	0.0132622
0.330183	0.013305
0.330134	0.0133052
0.330122	0.0132784
0.330067	0.0132952
0.32995	0.0133597
0.329845	0.0134027
0.329823	0.0133582
0.329682	0.0134259
0.329636	0.0134075
0.329596	0.0133865
0.329523	0.0133969
0.329385	0.0134667
0.329368	0.0134122
0.329323	0.0133928
0.329336	0.0133259
0.329294	0.0133225
0.329301	0.0132787
0.32928	0.0132651
0.329302	0.0132209
0.329345	0.0131664
0.329375	0.0131359
0.329352	0.0131613
0.329339	0.0131716
0.329283	0.0132141
0.329282	0.0132049
0.329251	0.0132171
0.329207	0.0132411
0.329203	0.0132228
0.329218	0.0131963
0.329191	0.0132081
0.329189	0.0131912
0.32923	0.0131442
0.32924	0.0131414
0.329262	0.0131217
0.329321	0.0130747
0.329287	0.0131243
0.32929	0.013128
0.329282	0.0131403
0.329298	0.0131253
0.329274	0.0131493
0.329267	0.0131548
0.329297	0.0131299
0.329282	0.0131487
0.329235	0.0131889
0.329255	0.0131646
0.329178	0.0132331
0.329174	0.013214
0.329181	0.0131916
0.329143	0.0132132
0.329128	0.0132094
0.32913	0.0131992
0.329136	0.0131827
0.329093	0.0132118
0.329087	0.0132026
0.329128	0.0131578
0.329107	0.0131777
0.329092	0.0131829
0.329026	0.0132346
0.329047	0.0131971
0.328945	0.0132773
0.328869	0.0133209
0.328792	0.0133501
0.328801	0.0133046
0.328735	0.0133313
0.328759	0.0132715
0.328732	0.0132688
0.328738	0.0132408
0.32875	0.0132119
0.328764	0.013184
0.328803	0.0131413
0.32887	0.0130876
0.32889	0.0130846
0.328909	0.0130875
0.329001	0.0130198
0.329024	0.0130301
0.329077	0.0130122
0.329121	0.0130039
0.32919	0.0129802
0.329215	0.0129954
0.329295	0.012961
0.329394	0.0129191
0.32942	0.0129475
0.329488	0.0129326
0.32954	0.0129343
0.329631	0.0129005
0.329647	0.0129397
0.329718	0.0129229
0.329799	0.0129007
0.329806	0.0129486
0.329925	0.0128932
0.330006	0.012878
0.330028	0.0129165
0.33001	0.0129842
0.330087	0.0129481
0.330149	0.0129333
0.330227	0.0129083
0.330319	0.0128761
0.33034	0.0129098
0.330417	0.0128934
0.330471	0.0128991
0.330494	0.0129304
0.330562	0.0129137
0.330603	0.0129232
0.330601	0.0129712
0.330714	0.0129057
0.330774	0.0129031
0.330816	0.0129144
0.330801	0.0129732
0.330807	0.012999
0.330809	0.0130229
0.330842	0.0130143
0.330882	0.0130025
0.33084	0.0130661
0.330851	0.0130682
0.33086	0.013074
0.330883	0.0130615
0.330907	0.0130548
0.330913	0.0130632
0.33085	0.0131344
0.330915	0.0130745
0.330948	0.0130498
0.330974	0.0130474
0.330991	0.0130501
0.330999	0.0130588
0.330918	0.0131452
0.330891	0.0131668
0.331002	0.0130554
0.331019	0.0130553
0.331098	0.0130016
0.331126	0.0130008
0.331127	0.0130267
0.33121	0.0129705
0.331207	0.0129999
0.331315	0.0129323
0.331273	0.0130155
0.331323	0.0129895
0.331396	0.0129549
0.331423	0.0129649
0.331515	0.0129181
0.331488	0.0129858
0.331471	0.0130298
0.331498	0.0130251
0.331542	0.0130058
0.331621	0.0129561
0.33162	0.0129895
0.331594	0.0130354
0.331604	0.0130388
0.331559	0.0130921
0.331584	0.0130663
0.331556	0.0130984
0.331543	0.0131102
0.331536	0.0131142
0.331582	0.0130706
0.331556	0.0131016
0.331475	0.013172
0.33149	0.0131467
0.331423	0.0131975
0.331336	0.013254
0.331266	0.0132843
0.33131	0.0132083
0.331265	0.0132248
0.331207	0.0132547
0.331131	0.0132855
0.331132	0.0132498
0.331081	0.0132638
0.331035	0.0132747
0.33096	0.0133076
0.330916	0.0133034
0.330832	0.0133359
0.330774	0.0133369
0.330713	0.0133394
0.330651	0.0133474
0.330558	0.0133756
0.33051	0.0133619
0.330502	0.0133174
0.33043	0.0133384
0.330341	0.0133703
0.330375	0.0132882
0.330258	0.0133546
0.330219	0.013344
0.330173	0.0133392
0.330149	0.0133102
0.330072	0.0133422
0.33	0.0133594
0.329972	0.0133342
0.32992	0.0133342
0.329939	0.0132788
0.329913	0.0132696
0.329954	0.0132023
0.329975	0.0131695
0.329963	0.0131772
0.329937	0.0131895
0.329987	0.0131317
0.329937	0.0131756
0.329939	0.0131644
0.329928	0.0131684
0.329893	0.0131904
0.329901	0.0131685
0.329838	0.0132186
0.329803	0.0132309
0.329765	0.0132439
0.32974	0.0132425
0.329613	0.0133326
0.329657	0.0132511
0.329603	0.0132722
0.329595	0.0132498
0.329579	0.0132425
0.329528	0.0132684
0.329455	0.0133093
0.329412	0.013312
0.329365	0.0133209
0.329319	0.0133222
0.329267	0.0133324
0.329186	0.0133646
0.329196	0.0133032
0.329214	0.0132484
0.329206	0.0132329
0.329256	0.0131654
0.329287	0.0131321
0.329332	0.0130961
0.329361	0.0130836
0.329441	0.0130284
0.32943	0.0130676
0.329438	0.0130803
0.329472	0.0130646
0.329497	0.0130623
0.329596	0.012995
0.329618	0.0130134
0.329582	0.0130766
0.329673	0.0130139
0.329663	0.0130567
0.329642	0.0130982
0.329677	0.0130789
0.329705	0.013063
0.329669	0.0131125
0.329643	0.0131344
0.329733	0.0130594
0.329749	0.0130627
0.329802	0.0130304
0.329779	0.0130749
0.329732	0.0131319
0.329702	0.0131616
0.329708	0.0131503
0.329643	0.0132075
0.329562	0.0132647
0.329488	0.0132988
0.329476	0.0132749
0.329496	0.0132318
0.329525	0.0131838
0.329494	0.0132016
0.329567	0.0131212
0.329588	0.0131048
0.329592	0.0131097
0.329603	0.0131089
0.329723	0.013008
0.329772	0.0129967
0.329749	0.0130472
0.329818	0.0130103
0.329848	0.0130089
0.329939	0.0129527
0.329934	0.0130016
0.329995	0.01298
0.330091	0.012928
0.330254	0.0128273
0.330365	0.0128025
0.330411	0.0128337
0.330483	0.0128403
0.330496	0.012896
0.330513	0.0129334
0.33059	0.0129092
0.330725	0.0128363
0.330779	0.012856
0.330829	0.0128721
0.33095	0.0128188
0.331004	0.0128358
0.331079	0.0128326
0.331136	0.0128447
0.331283	0.0127761
0.33135	0.0127893
0.331427	0.0127935
0.331547	0.0127598
0.331579	0.0128087
0.331656	0.0128059
0.331653	0.0128764
0.331662	0.0129209
0.331765	0.0128684
0.331786	0.0129053
0.331827	0.0129157
0.331862	0.0129307
0.331956	0.0128845
0.331967	0.0129282
0.332036	0.0129006
0.332038	0.0129452
0.332029	0.0129864
0.332017	0.0130218
0.33204	0.0130194
0.33205	0.0130312
0.332	0.0130883
0.332006	0.0130846
0.331966	0.0131214
0.331971	0.0131154
0.331922	0.0131564
0.331906	0.0131603
0.331863	0.0131853
0.331854	0.0131717
0.331807	0.0131958
0.331768	0.0132139
0.33168	0.0132666
0.331588	0.0133132
0.331532	0.0133157
0.331504	0.0132976
0.331423	0.0133291
0.33137	0.0133259
0.331286	0.0133524
0.331144	0.0134309
0.331043	0.0134495
0.33096	0.0134463
0.330868	0.0134541
0.330743	0.0134901
0.330674	0.0134618
0.330565	0.0134818
0.330393	0.0135528
0.330278	0.0135571
0.330182	0.0135434
0.330078	0.0135438
0.330046	0.0134875
0.329953	0.0134896
0.329859	0.0134919
0.329728	0.013532
0.329655	0.0135054
0.3296	0.0134708
0.329546	0.0134476
0.329462	0.01345
0.329408	0.0134319
0.329294	0.0134704
0.329226	0.0134559
0.329125	0.0134785
0.32916	0.0133734
0.32918	0.0133068
0.329055	0.0133842
0.32897	0.013407
0.328939	0.0133757
0.328918	0.0133501
0.328869	0.013347
0.32892	0.0132652
0.328899	0.0132621
0.328855	0.0132782
0.328856	0.0132487
0.328786	0.0132888
0.328794	0.0132477
0.328765	0.0132557
0.328688	0.0133011
0.328669	0.0132889
0.328592	0.0133244
0.328573	0.0133064
0.328612	0.0132426
0.328634	0.0132058
0.328615	0.0132084
0.328621	0.0131945
0.3286	0.0132041
0.328655	0.0131499
0.328613	0.0131889
0.328584	0.0132069
0.328563	0.0132097
0.328621	0.0131542
0.328692	0.0130959
0.328693	0.0131111
0.328645	0.0131628
0.328639	0.0131669
0.328622	0.0131822
0.328638	0.0131658
0.328676	0.0131317
0.328655	0.0131601
0.328662	0.0131517
0.328596	0.0132111
0.328514	0.0132729
0.328511	0.0132491
0.328564	0.0131806
0.32853	0.013206
0.328533	0.0131966
0.328576	0.0131553
0.328642	0.0131004
0.32869	0.0130776
0.328622	0.013155
0.328631	0.0131539
0.328651	0.0131387
0.328631	0.0131663
0.328728	0.0130778
0.328795	0.0130361
0.328825	0.0130377
0.328958	0.0129493
0.328963	0.0129879
0.32901	0.0129798
0.32914	0.0129055
0.32912	0.0129807
0.329182	0.0129635
0.329284	0.0129169
0.329329	0.0129289
0.32938	0.0129345
0.329406	0.0129628
0.329449	0.0129662
0.329526	0.0129316
0.329564	0.0129463
0.329682	0.0128855
0.329797	0.012841
0.329896	0.0128211
0.329893	0.0128923
0.329967	0.0128821
0.329991	0.0129234
0.329997	0.0129676
0.329958	0.013042
0.32993	0.0130884
0.329971	0.0130587
0.330113	0.0129482
0.330209	0.0129094
0.33027	0.0129067
0.330284	0.0129437
0.330318	0.0129562
0.33037	0.0129546
0.330426	0.0129481
0.330479	0.0129413
0.330602	0.0128735
0.330666	0.0128745
0.330721	0.0128822
0.330812	0.0128529
0.330898	0.0128383
0.33096	0.0128507
0.331007	0.0128717
0.331055	0.0128838
0.331066	0.0129259
0.331135	0.0129075
0.331196	0.0128979
0.331338	0.0128221
0.331398	0.0128356
0.331444	0.0128586
0.331484	0.0128845
0.331561	0.0128618
0.331591	0.0128916
0.331595	0.0129351
0.331703	0.0128803
0.331774	0.0128644
0.331785	0.0129101
0.331899	0.0128523
0.331916	0.0128918
0.331847	0.0129981
0.331789	0.0130739
0.331686	0.0131683
0.331682	0.013156
0.331571	0.0132474
0.331521	0.0132619
0.331431	0.0133115
0.331287	0.0133932
0.331197	0.0134087
0.331126	0.0134064
0.331102	0.0133616
0.331063	0.0133413
0.331056	0.013298
0.331047	0.0132686
0.331051	0.0132326
0.331056	0.0131971
0.330952	0.0132735
0.330778	0.013394
0.330702	0.013402
0.330627	0.0134039
0.33056	0.0133972
0.330454	0.0134292
0.330354	0.013452
0.33029	0.0134402
0.33019	0.0134573
0.330078	0.0134849
0.329951	0.0135231
0.329865	0.0135115
0.329894	0.0134011
0.329769	0.0134493
0.329754	0.0133917
0.32968	0.0133993
0.329648	0.0133756
0.329556	0.0133994
0.329526	0.0133714
0.329455	0.0133772
0.329453	0.0133279
0.329397	0.0133412
0.329442	0.0132636
0.329317	0.0133436
0.329264	0.0133482
0.329188	0.0133735
0.329116	0.0133871
0.329089	0.0133571
0.329166	0.0132417
0.329135	0.0132544
0.329097	0.0132693
0.329059	0.0132777
0.328945	0.0133509
0.32891	0.0133362
0.32892	0.0132871
0.328887	0.0132881
0.328904	0.0132395
0.328946	0.0131851
0.328987	0.0131468
0.328948	0.0131782
0.328978	0.0131434
0.328972	0.0131549
0.32898	0.0131426
0.329069	0.0130608
0.32917	0.0129897
0.329148	0.013049
0.329181	0.0130426
0.329087	0.0131516
0.329144	0.0131037
0.329078	0.0131714
0.329141	0.0131091
0.329127	0.0131285
0.329133	0.0131271
0.329172	0.0130982
0.329251	0.0130402
0.329313	0.0130098
0.32938	0.0129808
0.329389	0.0130102
0.329343	0.0130794
0.329374	0.0130658
0.329431	0.0130341
0.329518	0.012983
0.329582	0.0129636
0.329626	0.0129653
0.329622	0.0130057
0.329673	0.0129909
0.329695	0.0130042
0.329729	0.0130023
0.329724	0.0130368
0.329778	0.0130166
0.329788	0.0130393
0.32971	0.013131
0.329659	0.0131774
0.329631	0.0131903
0.32966	0.0131498
0.329592	0.0132071
0.329569	0.0132144
0.329607	0.0131719
0.329544	0.0132212
0.329575	0.0131786
0.329614	0.013137
0.329539	0.0132061
0.329495	0.0132296
0.329483	0.0132247
0.329465	0.0132245
0.329432	0.0132337
0.329443	0.0132061
0.329431	0.0132015
0.329452	0.0131723
0.329587	0.013048
0.329661	0.0130003
0.329616	0.0130776
0.329703	0.0130126
0.329695	0.0130505
0.329729	0.0130455
0.329744	0.0130526
0.329693	0.0131163
0.329622	0.0131837
0.32956	0.0132312
0.329579	0.0131982
0.329596	0.0131739
0.329658	0.0131112
0.329695	0.0130858
0.329688	0.0131016
0.329722	0.0130797
0.329682	0.0131306
0.329708	0.0131088
0.329715	0.0131126
0.329668	0.0131593
0.329598	0.0132184
0.329554	0.0132389
0.329526	0.0132444
0.329486	0.0132569
0.329405	0.0132993
0.329338	0.0133276
0.329314	0.0133074
0.329276	0.0133045
0.329267	0.013279
0.329184	0.0133207
0.329177	0.0132878
0.329115	0.0133171
0.329117	0.0132793
0.329132	0.0132367
0.329131	0.0132177
0.329155	0.0131839
0.329176	0.0131553
0.329222	0.0131138
0.329216	0.0131285
0.3293	0.0130615
0.329328	0.013055
0.329337	0.0130657
0.329364	0.0130595
0.329484	0.0129739
0.32957	0.0129362
0.329665	0.012899
0.329815	0.0128257
0.330001	0.0127331
0.330117	0.0127206
0.330188	0.0127514
0.330277	0.0127556
0.33033	0.0127917
0.330426	0.0127807
0.330454	0.012834
0.330485	0.0128726
0.330547	0.0128727
0.330547	0.012936
0.330587	0.0129452
0.330666	0.0129152
0.330708	0.0129202
0.330833	0.0128552
0.330907	0.0128526
0.33095	0.0128748
0.331036	0.012856
0.331139	0.0128218
0.331176	0.0128505
0.331276	0.0128222
0.331328	0.0128417
0.331422	0.0128239
0.331514	0.012808
0.331622	0.0127823
0.331711	0.0127741
0.331772	0.0127922
0.331854	0.0127914
0.331932	0.0127904
0.331951	0.0128411
0.331958	0.012895
0.332011	0.0128899
0.332087	0.0128668
0.332131	0.0128786
0.332146	0.0129129
0.33213	0.0129699
0.332081	0.0130407
0.332072	0.0130548
0.331949	0.0131775
0.331912	0.0131933
0.331862	0.0132182
0.331785	0.0132617
0.331764	0.0132457
0.33178	0.0132014
0.331775	0.013181
0.331768	0.0131716
0.331731	0.013188
0.331681	0.0132079
0.33162	0.0132354
0.331567	0.0132523
0.33159	0.0131983
0.331468	0.0132848
0.331432	0.0132779
0.331371	0.0132929
0.331212	0.0133923
0.331083	0.0134426
0.330949	0.0134855
0.33086	0.0134839
0.330783	0.0134686
0.33066	0.0135018
0.330524	0.0135419
0.330373	0.0135827
0.330218	0.013619
0.33017	0.0135558
0.330089	0.0135317
0.329993	0.0135285
0.329847	0.013569
0.329788	0.0135257
0.329715	0.0135055
0.32965	0.0134792
0.329548	0.0134997
0.329445	0.0135112
0.329345	0.0135173
0.329245	0.0135167
0.329212	0.0134611
0.329262	0.0133485
0.329207	0.0133475
0.329091	0.0134075
0.329046	0.0133904
0.328977	0.0133986
0.3289	0.0134138
0.328807	0.0134398
0.32878	0.0134002
0.328699	0.0134204
0.328704	0.0133567
0.328683	0.0133316
0.328628	0.0133442
0.32858	0.0133429
0.328546	0.0133348
0.328486	0.0133471
0.328412	0.0133688
0.328332	0.0133937
0.328265	0.0133974
0.328195	0.0134073
0.328129	0.0134103
0.328188	0.013304
0.328148	0.0133106
0.328203	0.0132299
0.32821	0.0132054
0.328178	0.0132243
0.328215	0.0131772
0.328265	0.0131335
0.328266	0.0131412
